2.000000000000000000e+00 3.369606143243191604e-02 5.826572164242935514e+02 5.634350736907998147e-01 6.859457838650836470e-01 1.420615196228027344e+00
3.000000000000000000e+00 2.805890506643998403e-02 6.122725477629169291e+02 4.927359769093850872e-01 6.920486970987386188e-01 1.526533603668212891e+00
4.000000000000000000e+00 2.480806009295014394e-02 5.984294201024389395e+02 6.026457648553230628e-01 5.973573158811364969e-01 1.660789251327514648e+00
5.000000000000000000e+00 2.120742996736638478e-02 5.566111878216587456e+02 9.888324952833837944e-01 2.713776664538330441e-01 1.967341661453247070e+00
6.000000000000000000e+00 1.873307515187717931e-02 5.581490367425984687e+02 9.165191488155532973e-01 3.041272039650482761e-01 2.093622207641601562e+00
7.000000000000000000e+00 1.731770967370259429e-02 5.487252263825849923e+02 9.044655051354251185e-01 3.189005822065575368e-01 1.276719808578491211e+00
8.000000000000000000e+00 1.413781793149091262e-02 5.143456213026370278e+02 8.062301832048150985e-01 3.215435358404054034e-01 2.143336772918701172e+00
9.000000000000000000e+00 1.330876344149169860e-02 4.746197780486832016e+02 9.610077917384409751e-01 3.012390038148286542e-01 2.332129001617431641e+00
1.000000000000000000e+01 1.271470618187041900e-02 4.692936537016452121e+02 9.229812502499813442e-01 3.020478858729170879e-01 2.203427314758300781e+00
1.100000000000000000e+01 1.270114104313953274e-02 4.223738082522181116e+02 1.038787571393940956e+00 2.843414035464680856e-01 2.393528938293457031e+00
1.200000000000000000e+01 1.150386314929578539e-02 4.065025292326308772e+02 1.130847745005760574e+00 2.832041340672903362e-01 2.581126213073730469e+00
1.300000000000000000e+01 1.148193142871581710e-02 4.118941414139108588e+02 1.214073851939358795e+00 2.421039321394080068e-01 2.328164100646972656e+00
1.400000000000000000e+01 1.089127857801771258e-02 4.048038496571537621e+02 9.283377129241692227e-01 2.507483769617383507e-01 2.451541423797607422e+00
1.500000000000000000e+01 1.052244589680274324e-02 3.747659157235601697e+02 1.143499231935435789e+00 2.474570634686953097e-01 1.892231941223144531e+00
1.600000000000000000e+01 9.891944151650317041e-03 3.999182956571795557e+02 9.792387700019158370e-01 2.391604222334072771e-01 2.241370677947998047e+00
1.700000000000000000e+01 9.765748477412483988e-03 3.658477338936736487e+02 1.168047279204591060e+00 2.373585278318761094e-01 2.596689462661743164e+00
1.800000000000000000e+01 9.511716303680445295e-03 3.595734699463789070e+02 1.186745684612988905e+00 2.346886711694921579e-01 3.099483013153076172e+00
1.900000000000000000e+01 8.898400709341509895e-03 3.473904161363906837e+02 1.229019115475853408e+00 2.224446305024145587e-01 2.338152408599853516e+00
2.000000000000000000e+01 8.678436522096552933e-03 3.406566235796552746e+02 1.276009114012720769e+00 2.218604318313105450e-01 2.717786312103271484e+00
2.100000000000000000e+01 8.215790769572588539e-03 3.502054235138712102e+02 1.076889047146788014e+00 2.313507645544047309e-01 1.891283750534057617e+00
2.200000000000000000e+01 8.285875650401439141e-03 3.182128519883617059e+02 1.230596846579673720e+00 2.215081328948184658e-01 2.060540676116943359e+00
2.300000000000000000e+01 7.880354414633911411e-03 3.158000436187038531e+02 1.202244915923244228e+00 2.238425331280230191e-01 2.156157255172729492e+00
2.400000000000000000e+01 7.589184015486649844e-03 3.254504843376405461e+02 1.029396144168086780e+00 2.043758847001422851e-01 2.859771251678466797e+00
2.500000000000000000e+01 7.308231014350774143e-03 3.374524922709640578e+02 1.016472518733053887e+00 2.219963412529627755e-01 1.714746952056884766e+00
2.600000000000000000e+01 7.409946615698940336e-03 3.093398401591247193e+02 1.179912505791475219e+00 2.090615819512921525e-01 2.025402545928955078e+00
2.700000000000000000e+01 7.027351711442430399e-03 3.133713687819583242e+02 1.183131487367555135e+00 2.088050468747793265e-01 2.567977905273437500e+00
2.800000000000000000e+01 6.548944417485567937e-03 3.324681560687225783e+02 1.070875214466863179e+00 2.177311770143173786e-01 2.152262449264526367e+00
2.900000000000000000e+01 6.838887542119390268e-03 3.145536830026064194e+02 1.110857766579517625e+00 2.195304411364770170e-01 2.114023923873901367e+00
3.000000000000000000e+01 6.625656493168434642e-03 2.889825969588973749e+02 1.151365065222552886e+00 2.027133813432621112e-01 2.568838834762573242e+00
3.100000000000000000e+01 6.407323589382186643e-03 2.954659342856439253e+02 1.170637379384479315e+00 1.921582148955416902e-01 2.546643972396850586e+00
3.200000000000000000e+01 6.254942516819604788e-03 3.033904153189786825e+02 1.117362538624493640e+00 2.065067798527651655e-01 2.448137998580932617e+00
3.300000000000000000e+01 6.194993813829518733e-03 2.991885104880767017e+02 1.128481211285108143e+00 1.829059800487687626e-01 2.918370485305786133e+00
3.400000000000000000e+01 6.055103905206119311e-03 2.965320447700228783e+02 1.152061181960025271e+00 1.813533027107430140e-01 2.250128984451293945e+00
3.500000000000000000e+01 5.929207836964564202e-03 2.819359193670605919e+02 1.127224825357720617e+00 1.776360550553084394e-01 2.171794891357421875e+00
3.600000000000000000e+01 5.713415041133088589e-03 2.948712685017016497e+02 1.143388265816271288e+00 1.731786739170689260e-01 2.340470075607299805e+00
3.700000000000000000e+01 5.753916430306073304e-03 2.876402465229696759e+02 1.165981703471701492e+00 1.964095455935693790e-01 2.700685977935791016e+00
3.800000000000000000e+01 5.550016059836450528e-03 2.830400185142352711e+02 1.099310529001934045e+00 2.000201209344203424e-01 2.709109544754028320e+00
3.900000000000000000e+01 5.520534539328867708e-03 3.022167009625148353e+02 1.067693910982291161e+00 1.949590112322272806e-01 2.379927396774291992e+00
4.000000000000000000e+01 5.372877430910868481e-03 2.775461670007605903e+02 1.213092340143339776e+00 1.867150071898837360e-01 2.459056615829467773e+00
4.100000000000000000e+01 5.350858891052015162e-03 3.028465536133595606e+02 1.011578498583506125e+00 2.002437653083060376e-01 2.459118843078613281e+00
4.200000000000000000e+01 5.099328369223351740e-03 2.917052671968357345e+02 1.069114884579717151e+00 2.172464708332676742e-01 2.791648626327514648e+00
4.300000000000000000e+01 5.083763614603811244e-03 2.886005288629872894e+02 1.031202869578812686e+00 2.018180882191491221e-01 2.450201749801635742e+00
4.400000000000000000e+01 4.899724789747945258e-03 2.857904353486704281e+02 1.125037207683792673e+00 1.859784839219163488e-01 2.485056877136230469e+00
4.500000000000000000e+01 4.923531627195359972e-03 3.004293722780369649e+02 1.047968259868293783e+00 1.927096605788930217e-01 2.683029413223266602e+00
4.600000000000000000e+01 4.880020702089349002e-03 2.874611198920194965e+02 1.065817709886445419e+00 1.694621136470848000e-01 2.663882970809936523e+00
4.700000000000000000e+01 4.621556430912094823e-03 2.919404676321850616e+02 1.097719087931221971e+00 1.734243975928259629e-01 2.265668153762817383e+00
4.800000000000000000e+01 4.750993441294268718e-03 2.826082118120678501e+02 1.082608346997434801e+00 1.684137946288446486e-01 2.230715751647949219e+00
4.900000000000000000e+01 4.663201001427432456e-03 2.826520532879704319e+02 1.069383081593521467e+00 1.699416191013442268e-01 2.415611028671264648e+00
5.000000000000000000e+01 4.579206200357484671e-03 2.798393502000438957e+02 1.046627239444612778e+00 1.696334267852724620e-01 2.268848896026611328e+00
5.100000000000000000e+01 4.404953807331525931e-03 2.846094669469372889e+02 1.102109231410623558e+00 1.766405883162744661e-01 2.943881988525390625e+00
5.200000000000000000e+01 4.380247034472255219e-03 2.844872701839815932e+02 1.051031967873277129e+00 1.832756413168665222e-01 2.869404554367065430e+00
5.300000000000000000e+01 4.294324982696049939e-03 2.845655626595279273e+02 1.074036071160518802e+00 1.817119954062287046e-01 2.989645719528198242e+00
5.400000000000000000e+01 4.403861783589590150e-03 2.812680921546950117e+02 9.819697576407639961e-01 1.889899429749745396e-01 2.236585378646850586e+00
5.500000000000000000e+01 4.238399245295267070e-03 2.850654899002030902e+02 1.063805206133879633e+00 1.764835608293186253e-01 2.623703718185424805e+00
5.600000000000000000e+01 4.082943819705642241e-03 2.785900437224391908e+02 1.018110120718658029e+00 1.709789970066067921e-01 2.509039640426635742e+00
5.700000000000000000e+01 4.108439144747364456e-03 2.812514067304512650e+02 1.100707253353648607e+00 1.603496632105708419e-01 2.052048683166503906e+00
5.800000000000000000e+01 3.965319891161178840e-03 2.836945058006577938e+02 9.983687266795345794e-01 1.886089758694405871e-01 2.297078609466552734e+00
5.900000000000000000e+01 3.986748287238088377e-03 2.781458975847615420e+02 1.113600727801421053e+00 1.592434602156437840e-01 2.182945489883422852e+00
6.000000000000000000e+01 3.906557063549532562e-03 2.797304811901158246e+02 1.105438033707393908e+00 1.620533296007999613e-01 2.941040277481079102e+00
6.100000000000000000e+01 3.874357637478724470e-03 2.781972775595053804e+02 1.082621446014873090e+00 1.618052417106685126e-01 2.160350799560546875e+00
6.200000000000000000e+01 3.831471957518978524e-03 2.779455674195523329e+02 1.056344459545925485e+00 1.620133656153934509e-01 2.273563623428344727e+00
6.300000000000000000e+01 3.794468273022390346e-03 2.817270972595694047e+02 9.704666381196039859e-01 1.798068046166398093e-01 2.268863677978515625e+00
6.400000000000000000e+01 3.727775474072032511e-03 2.734766147474294939e+02 9.925118328578124149e-01 1.693292613003989366e-01 2.871071100234985352e+00
6.500000000000000000e+01 3.741102305743257590e-03 2.747656521245440331e+02 1.046103972150519867e+00 1.613424484773563206e-01 2.520006895065307617e+00
6.600000000000000000e+01 3.755425686326191361e-03 2.715700955112858423e+02 1.006154235380618545e+00 1.595907006121753402e-01 2.767654895782470703e+00
6.700000000000000000e+01 3.689815198826990831e-03 2.723385453588085738e+02 1.012313388741161724e+00 1.610078650597131511e-01 2.623384475708007812e+00
6.800000000000000000e+01 3.694826347749593891e-03 2.836840496585611504e+02 9.496806051803585724e-01 1.712145910942141080e-01 2.261309862136840820e+00
6.900000000000000000e+01 3.507842190683229354e-03 2.664157245653180439e+02 1.024117413862082326e+00 1.683397236036823508e-01 2.869231700897216797e+00
7.000000000000000000e+01 3.529753797334871362e-03 2.703334616690997336e+02 1.008637503971865579e+00 1.638619314048167797e-01 2.588963031768798828e+00
7.100000000000000000e+01 3.485536205244399617e-03 2.670902290964975805e+02 1.008616203567578085e+00 1.594284476067631962e-01 2.520956516265869141e+00
7.200000000000000000e+01 3.433941293346839691e-03 2.689336508332568201e+02 9.956097849890716001e-01 1.599807536239200856e-01 2.628623247146606445e+00
7.300000000000000000e+01 3.544899463258553707e-03 2.683317199656254957e+02 9.703051590953092331e-01 1.661838951814198495e-01 2.240739822387695312e+00
7.400000000000000000e+01 3.441968787037664318e-03 2.715570057298468782e+02 9.338811290877609972e-01 1.704677365390841748e-01 2.076633453369140625e+00
7.500000000000000000e+01 3.419951520727549689e-03 2.656524896487626393e+02 9.820735956788606558e-01 1.653244401086749193e-01 2.424287319183349609e+00
7.600000000000000000e+01 3.286896378722981883e-03 2.684360768761637814e+02 9.778411249864997767e-01 1.730982005600518736e-01 2.198900699615478516e+00
7.700000000000000000e+01 3.234948979285822215e-03 2.757085616718691199e+02 9.620199590498115239e-01 1.662621495933684912e-01 3.038959741592407227e+00
7.800000000000000000e+01 3.264440592247461106e-03 2.680012403388265056e+02 9.885536969379956629e-01 1.633959249516666323e-01 3.014819860458374023e+00
7.900000000000000000e+01 3.226126166680818620e-03 2.717230692851797471e+02 9.766346975199365898e-01 1.651591241639666363e-01 2.642193317413330078e+00
8.000000000000000000e+01 3.210763851969283041e-03 2.810352312532102133e+02 1.003202824003608384e+00 1.820105687979091114e-01 3.001367330551147461e+00
8.100000000000000000e+01 3.221914571260034270e-03 2.687544717459177832e+02 9.806501935389159152e-01 1.644879757302680212e-01 2.454329967498779297e+00
8.200000000000000000e+01 3.140723496983288936e-03 2.728429217409849343e+02 9.517744485532239063e-01 1.627569517148063916e-01 2.759737491607666016e+00
8.300000000000000000e+01 3.034384199722528225e-03 2.736210106112754374e+02 9.658255090856503466e-01 1.730237371807215596e-01 2.559461355209350586e+00
8.400000000000000000e+01 3.026025635321143246e-03 2.653577302317140720e+02 1.001360638213617094e+00 1.515667541542513042e-01 2.819137096405029297e+00
8.500000000000000000e+01 3.023056235375935850e-03 2.737307299629019326e+02 9.437069242648679079e-01 1.744412911084577966e-01 2.485431432723999023e+00
8.600000000000000000e+01 2.885062080630471353e-03 2.746385283484236766e+02 9.902243978262886825e-01 1.558668303774537744e-01 2.731150627136230469e+00
8.700000000000000000e+01 2.920808189707277229e-03 2.641068291834591264e+02 1.016408730912351732e+00 1.626030208042480441e-01 2.552755594253540039e+00
8.800000000000000000e+01 2.943312303303374615e-03 2.723878288635618787e+02 9.331455299631840061e-01 1.742346278462010845e-01 3.052841424942016602e+00
8.900000000000000000e+01 2.938824040867389371e-03 2.659853485827312625e+02 9.847617451308188219e-01 1.546508897903859647e-01 2.892291069030761719e+00
9.000000000000000000e+01 2.939454862312649436e-03 2.718663254619893337e+02 9.501251833516131118e-01 1.732405420438646870e-01 2.913717746734619141e+00
9.100000000000000000e+01 2.860071198162724565e-03 2.708359539936945453e+02 9.517839700958368176e-01 1.734913468318601548e-01 2.762454509735107422e+00
9.200000000000000000e+01 2.765989451531550378e-03 2.701615879794508714e+02 9.447181622715788984e-01 1.767707958743400531e-01 2.835381746292114258e+00
9.300000000000000000e+01 2.752647315238758701e-03 2.688040066040097145e+02 9.427519115470834876e-01 1.636548987363293517e-01 2.985972404479980469e+00
9.400000000000000000e+01 2.791193328802426665e-03 2.655116462804157322e+02 9.807470308211574395e-01 1.609280194985596157e-01 2.736154794692993164e+00
9.500000000000000000e+01 2.753455315837277477e-03 2.723906848632480546e+02 9.188199772458512937e-01 1.659314047441817763e-01 2.865975141525268555e+00
9.600000000000000000e+01 2.698602811786857819e-03 2.727081139047135139e+02 9.609650242239805573e-01 1.687260589615771633e-01 2.811641454696655273e+00
9.700000000000000000e+01 2.721821048560594918e-03 2.713020318832938074e+02 9.881256444730301958e-01 1.545889561787652244e-01 2.841889858245849609e+00
9.800000000000000000e+01 2.725522428767258431e-03 2.715095735555294141e+02 9.257305400730631018e-01 1.680857459174448787e-01 2.553625822067260742e+00
9.900000000000000000e+01 2.650207108528597477e-03 2.699361400653431247e+02 1.016475197817586329e+00 1.651505387697272675e-01 2.675892591476440430e+00
