2.000000000000000000e+00 -7.536026423175354490e-03 9.263217393897922136e+01 1.176215140069410747e+00 4.202137585548665899e-01 3.664245605468750000e-01
3.000000000000000000e+00 -2.108806303719847758e-02 6.566754390386638818e+01 1.252967069661032662e+00 3.542899646520364376e-01 4.443092346191406250e-01
4.000000000000000000e+00 -1.540169006352080927e-02 5.920105019715889938e+01 1.493032258290181158e+00 2.056353853488717409e-01 3.803431987762451172e-01
5.000000000000000000e+00 -1.338127657547164701e-02 5.079479635680583982e+01 1.612807035141527567e+00 1.753112368518835729e-01 5.468497276306152344e-01
6.000000000000000000e+00 -3.349045686870986277e-02 5.330435707624368291e+01 1.092961522750526271e+00 2.199981959761157790e-01 5.191595554351806641e-01
7.000000000000000000e+00 -2.676451742618499163e-02 5.558463332535139045e+01 1.115857103726524802e+00 2.250468972157968206e-01 6.321403980255126953e-01
8.000000000000000000e+00 -2.374451910059095436e-02 5.108514241335320349e+01 1.296224250386684540e+00 2.192503188338194853e-01 5.091896057128906250e-01
9.000000000000000000e+00 -2.077885796083886807e-02 5.185755099551054315e+01 1.144237303725061050e+00 1.993247082263503445e-01 5.338528156280517578e-01
1.000000000000000000e+01 -1.791692515476718539e-02 4.771601996155440872e+01 1.331440419480616866e+00 1.490235874426186768e-01 5.641953945159912109e-01
1.100000000000000000e+01 -1.550018734437384749e-02 4.634000874232975775e+01 1.276451411031636951e+00 1.554215942454187649e-01 5.656375885009765625e-01
1.200000000000000000e+01 -1.861472493849782722e-02 4.333917799830916806e+01 1.170718617741100642e+00 1.524742199351411254e-01 6.401653289794921875e-01
1.300000000000000000e+01 -1.650474348937878630e-02 4.522266056341005935e+01 1.109134778656981180e+00 1.804869371499974728e-01 5.158932209014892578e-01
1.400000000000000000e+01 -1.554544957867829390e-02 4.286346250013764347e+01 1.032091845225296067e+00 1.775384038825652544e-01 6.575584411621093750e-01
1.500000000000000000e+01 -1.555480598175045838e-02 4.608395381557901516e+01 9.139704853581712696e-01 2.077778287540548441e-01 6.550922393798828125e-01
1.600000000000000000e+01 -1.406901168164154114e-02 4.612033328455191850e+01 1.048234924530406564e+00 1.852506027321665361e-01 7.650718688964843750e-01
1.700000000000000000e+01 -1.373433682940966571e-02 4.278016878663305533e+01 1.038701835804835438e+00 1.706808304714763080e-01 5.389637947082519531e-01
1.800000000000000000e+01 -1.445454006266460451e-02 4.407177608795944934e+01 9.576731673036239512e-01 1.833254615208057547e-01 6.243381500244140625e-01
1.900000000000000000e+01 -1.271892672379535023e-02 4.392690705519206062e+01 9.764102205418133673e-01 1.775874937567656353e-01 5.832550525665283203e-01
2.000000000000000000e+01 -1.005803939755190238e-02 4.176581794192706809e+01 1.071437825320021409e+00 1.693689961980369418e-01 6.144380569458007812e-01
2.100000000000000000e+01 -1.281876775279346993e-02 3.965674701884430675e+01 9.188352279789656629e-01 1.769492001628632516e-01 5.441560745239257812e-01
2.200000000000000000e+01 -1.067670786834635024e-02 4.176221732342126813e+01 1.110521751638842591e+00 1.638423218725363895e-01 5.601458549499511719e-01
2.300000000000000000e+01 -9.488409946727243208e-03 4.024586253136295255e+01 9.165515620685006359e-01 1.702949070994737579e-01 6.685645580291748047e-01
2.400000000000000000e+01 -1.046715750115510997e-02 3.880854305523629932e+01 1.011335477931997850e+00 1.354522791325416808e-01 6.360251903533935547e-01
2.500000000000000000e+01 -8.786883459491119305e-03 4.140355368425485949e+01 1.063576558499994995e+00 1.586791670729405523e-01 6.090087890625000000e-01
2.600000000000000000e+01 -9.272435369559253737e-03 3.938698305105892672e+01 8.954911858450652629e-01 1.634935227652191403e-01 5.627727508544921875e-01
2.700000000000000000e+01 -8.606571793000044462e-03 4.023698316555503141e+01 8.825381280600232969e-01 1.630058503967111161e-01 6.035475730895996094e-01
2.800000000000000000e+01 -9.211791676044063168e-03 3.774613712433051660e+01 9.437421242589189019e-01 1.322824418618051001e-01 6.552135944366455078e-01
2.900000000000000000e+01 -8.769331449332055939e-03 3.875252933516566145e+01 9.173794925114555632e-01 1.477542563304880263e-01 5.818359851837158203e-01
3.000000000000000000e+01 -7.306976551913263972e-03 3.738641859609164442e+01 1.045665478358946299e+00 1.346176207931689961e-01 5.725107192993164062e-01
3.100000000000000000e+01 -6.997808650515891481e-03 3.753853263361774850e+01 9.081538330357582511e-01 1.432741363886330110e-01 6.314024925231933594e-01
3.200000000000000000e+01 -7.142066574156013398e-03 3.660648444559400616e+01 1.051181623147039446e+00 1.272699023508213345e-01 7.092206478118896484e-01
3.300000000000000000e+01 -6.598931330858918975e-03 3.829274558857871824e+01 9.205682263160623879e-01 1.453035943804819596e-01 7.062089443206787109e-01
3.400000000000000000e+01 -6.613867428539179673e-03 3.779637844481886333e+01 8.818619237447338222e-01 1.461954643197759529e-01 7.279846668243408203e-01
3.500000000000000000e+01 -6.081154917515417015e-03 3.795459593986522862e+01 9.544696840574130592e-01 1.618800616545818249e-01 7.540915012359619141e-01
3.600000000000000000e+01 -5.931676922893031403e-03 3.720028996549223166e+01 8.338458076821925191e-01 1.567740282666760243e-01 6.092567443847656250e-01
3.700000000000000000e+01 -5.161595912858120416e-03 3.656528480857473085e+01 7.761643092418299972e-01 1.507321793100234453e-01 6.879956722259521484e-01
3.800000000000000000e+01 -5.439463102035043025e-03 3.781684565221935657e+01 8.852902582424043709e-01 1.381714245036075595e-01 6.667072772979736328e-01
3.900000000000000000e+01 -4.637149028527526827e-03 3.610024558293135044e+01 7.824981151943148916e-01 1.395102503832624796e-01 8.553218841552734375e-01
4.000000000000000000e+01 -4.916588486721214062e-03 3.835290718706395552e+01 8.084560108102818443e-01 1.405479195028130901e-01 7.256121635437011719e-01
4.100000000000000000e+01 -4.844077462721991384e-03 3.707083794445303226e+01 8.070889434196829582e-01 1.441856295626313400e-01 7.918000221252441406e-01
4.200000000000000000e+01 -4.494293905110918405e-03 3.534181237930648223e+01 8.869785990886505100e-01 1.210186050481993209e-01 8.273785114288330078e-01
4.300000000000000000e+01 -4.112370372612628860e-03 3.732773659244143261e+01 8.247663576786234962e-01 1.417485147236032250e-01 8.662941455841064453e-01
4.400000000000000000e+01 -4.290683435852355072e-03 3.729818978950156350e+01 8.191206966035835535e-01 1.316937663447114437e-01 7.858645915985107422e-01
4.500000000000000000e+01 -4.029215260177826385e-03 3.730222511868300472e+01 7.860971103355302025e-01 1.419864418081102364e-01 7.920894622802734375e-01
4.600000000000000000e+01 -4.351183724873380725e-03 3.737682727778825154e+01 8.308145964607281941e-01 1.223565362650312210e-01 7.375237941741943359e-01
4.700000000000000000e+01 -3.521834408035461484e-03 3.798553227839786928e+01 7.956752517217179355e-01 1.339256414361465752e-01 6.503741741180419922e-01
4.800000000000000000e+01 -3.672593977706944523e-03 3.570167426482090889e+01 8.548000844814295229e-01 1.164930562343519660e-01 7.193217277526855469e-01
4.900000000000000000e+01 -3.530612272706362513e-03 3.840190721834539289e+01 7.298797142890778300e-01 1.329354298816850521e-01 7.453703880310058594e-01
5.000000000000000000e+01 -3.051937036743365087e-03 3.601084576030600459e+01 8.001723890267427031e-01 1.184637468620164669e-01 7.352197170257568359e-01
5.100000000000000000e+01 -3.162342244613313390e-03 3.661806769213979607e+01 8.419392770422576833e-01 1.257222924773573058e-01 7.388231754302978516e-01
5.200000000000000000e+01 -3.221997136573943876e-03 3.747492810531411322e+01 7.931136036508633635e-01 1.157336836909225314e-01 7.832815647125244141e-01
5.300000000000000000e+01 -2.685967835626837299e-03 3.536719947713958589e+01 7.638170136991340176e-01 1.286388656260126218e-01 7.988948822021484375e-01
5.400000000000000000e+01 -2.899421761064759507e-03 3.765655497322884315e+01 7.437377071787346638e-01 1.174334025376654878e-01 8.277306556701660156e-01
5.500000000000000000e+01 -2.741298556282743479e-03 3.945682023487435686e+01 7.712244973200991227e-01 1.364131436314545975e-01 8.876049518585205078e-01
5.600000000000000000e+01 -2.461553250644617045e-03 3.884954281137769527e+01 7.183344394273653011e-01 1.238627132238301898e-01 9.833118915557861328e-01
5.700000000000000000e+01 -2.505371975480452217e-03 3.787495915798454860e+01 7.537914395805742629e-01 1.166025114153581149e-01 8.858933448791503906e-01
5.800000000000000000e+01 -2.268174776317708006e-03 3.829911005654916067e+01 7.468731869760837361e-01 1.344875000812977561e-01 8.193469047546386719e-01
5.900000000000000000e+01 -2.341046390700622735e-03 3.771635920753473670e+01 7.683284961704104354e-01 1.027969027612357228e-01 8.000864982604980469e-01
6.000000000000000000e+01 -2.090600696542850492e-03 3.819459949369516494e+01 7.417273694890481606e-01 1.140697361697620149e-01 9.462594985961914062e-01
6.100000000000000000e+01 -1.955273977930821819e-03 3.901402637836651621e+01 7.250996260388754555e-01 1.251351019113405572e-01 8.509824275970458984e-01
6.200000000000000000e+01 -2.070467499491591198e-03 3.812564545485621892e+01 7.361561362831571254e-01 1.269419983235954008e-01 8.629345893859863281e-01
6.300000000000000000e+01 -1.737585748445366705e-03 3.772477560362730742e+01 7.146604378353287323e-01 1.070505236305607927e-01 9.096066951751708984e-01
6.400000000000000000e+01 -1.987233971676202315e-03 3.831480788110290803e+01 6.992015081104898666e-01 1.142664817183625253e-01 9.409906864166259766e-01
6.500000000000000000e+01 -1.743384964153158953e-03 3.856258509903437215e+01 7.321740870062088957e-01 1.200180390328218216e-01 9.566655158996582031e-01
6.600000000000000000e+01 -1.761479020048456641e-03 3.657459585694074633e+01 7.964720888439750235e-01 1.153072967200227672e-01 9.003753662109375000e-01
6.700000000000000000e+01 -1.702585538046513976e-03 3.701933968626990179e+01 7.234462647422231774e-01 1.047761297163433553e-01 8.024201393127441406e-01
6.800000000000000000e+01 -1.792953461499813099e-03 3.805326157691961697e+01 7.685165981830007764e-01 1.056087492597269500e-01 8.321821689605712891e-01
6.900000000000000000e+01 -1.730272986637354212e-03 3.859681712046727853e+01 7.009530607626112131e-01 1.096060398937846320e-01 9.245529174804687500e-01
7.000000000000000000e+01 -1.342624186731991576e-03 3.793814505166197648e+01 6.796817457230101001e-01 1.165798634790320698e-01 9.554464817047119141e-01
7.100000000000000000e+01 -1.290534895942590382e-03 3.738567218997796715e+01 7.497180598073779345e-01 1.019468656635816872e-01 9.489493370056152344e-01
7.200000000000000000e+01 -1.313946886127465323e-03 3.844643531382629931e+01 6.490398464596857098e-01 1.101981071940377893e-01 9.023559093475341797e-01
7.300000000000000000e+01 -1.186900962471746463e-03 3.877458710145485554e+01 7.046760068931449128e-01 1.184465641498160804e-01 8.308224678039550781e-01
7.400000000000000000e+01 -1.552452214400410141e-03 3.895252545520060039e+01 7.195906964066324241e-01 1.074033643027236529e-01 9.803407192230224609e-01
7.500000000000000000e+01 -1.334277238429859439e-03 3.880639653601922134e+01 7.058818729089196831e-01 1.161513022650521726e-01 8.201854228973388672e-01
7.600000000000000000e+01 -1.271694805011837652e-03 3.757259050310296544e+01 7.067018034920472536e-01 8.590276832812791807e-02 9.719722270965576172e-01
7.700000000000000000e+01 -1.190376277645117335e-03 3.781692630205410666e+01 7.499471122564375092e-01 9.689968800127612969e-02 8.682546615600585938e-01
7.800000000000000000e+01 -1.246012484331277892e-03 4.090463168082187906e+01 6.760657839631171173e-01 1.215878134768800800e-01 8.988425731658935547e-01
7.900000000000000000e+01 -1.164746322756405727e-03 3.869182617727992834e+01 7.156899359802276761e-01 1.038598137922175091e-01 9.983294010162353516e-01
8.000000000000000000e+01 -1.133393601933459357e-03 3.916497483408026170e+01 6.984102916590660959e-01 1.032434175408488003e-01 1.041325569152832031e+00
8.100000000000000000e+01 -1.126607418602348270e-03 4.009689390609780446e+01 7.025437679867523322e-01 1.142771282936995425e-01 7.998223304748535156e-01
8.200000000000000000e+01 -1.045599442695728520e-03 3.897159993727693461e+01 7.223296031206906109e-01 9.362832708096523182e-02 1.045750856399536133e+00
8.300000000000000000e+01 -1.060591666797952408e-03 3.975074189407875025e+01 7.163478899924909937e-01 9.675099870553731385e-02 1.038765430450439453e+00
8.400000000000000000e+01 -9.853876775743170783e-04 4.028414076190401971e+01 6.767589147869108590e-01 9.894367260069886205e-02 9.186141490936279297e-01
8.500000000000000000e+01 -8.740248247374538329e-04 3.842777261259891475e+01 7.130167661429382964e-01 9.666607816125986907e-02 9.760980606079101562e-01
8.600000000000000000e+01 -9.265314370079995266e-04 4.097900563959696285e+01 6.609692015762347328e-01 1.045773274354483973e-01 9.736824035644531250e-01
8.700000000000000000e+01 -8.180849814911413543e-04 4.046390389410053245e+01 6.799181400434587408e-01 1.082415875876180517e-01 9.769825935363769531e-01
8.800000000000000000e+01 -8.113445628818175210e-04 3.866230429816778980e+01 6.884301962258386753e-01 7.725517283385492651e-02 1.001706600189208984e+00
8.900000000000000000e+01 -9.000322193656952506e-04 4.099900585760918403e+01 6.920408209154161883e-01 1.016137459739046844e-01 9.556827545166015625e-01
9.000000000000000000e+01 -6.788021057843659101e-04 3.847063500153898730e+01 6.743399845142639126e-01 8.602289669937226990e-02 9.913411140441894531e-01
9.100000000000000000e+01 -6.672429976683442792e-04 3.871407485892184752e+01 6.974717853534864176e-01 8.238473058632336810e-02 1.029181957244873047e+00
9.200000000000000000e+01 -6.651520883024561849e-04 4.017797384199219834e+01 6.503439040219367584e-01 9.839180452288584511e-02 1.032172918319702148e+00
9.300000000000000000e+01 -7.698950926733889692e-04 4.060827846374477446e+01 6.424163907009410313e-01 9.057579928300636685e-02 9.538731575012207031e-01
9.400000000000000000e+01 -6.131070835331702863e-04 3.969356704809392511e+01 6.317254730375025940e-01 8.958798887244795450e-02 1.011635780334472656e+00
9.500000000000000000e+01 -6.046454640222279856e-04 3.828875633774355691e+01 6.902660677664730349e-01 8.103662288194926622e-02 9.766941070556640625e-01
9.600000000000000000e+01 -5.852828415837252459e-04 4.028926610826218280e+01 6.462031815441836580e-01 9.615970388484347542e-02 1.062544822692871094e+00
9.700000000000000000e+01 -6.540675477686632572e-04 3.850787787499104553e+01 6.642060722817791918e-01 8.976719927458713666e-02 1.012987613677978516e+00
9.800000000000000000e+01 -5.916086751700842068e-04 3.936908686287269887e+01 6.573884215952284782e-01 7.875189548312985788e-02 1.058990240097045898e+00
9.900000000000000000e+01 -6.403323131587940024e-04 4.019039119478606636e+01 6.431217687867308852e-01 7.878819049261095997e-02 8.958244323730468750e-01
