2.000000000000000000e+00 7.855733466658318051e-03 6.289302492994644922e+01 6.385031256408477685e-01 6.065207789583649811e-01 1.095545291900634766e-01
3.000000000000000000e+00 -1.206899034324231471e-02 7.368016988375343601e+01 7.984890623483430483e-01 4.446887575573764129e-01 9.778714179992675781e-02
4.000000000000000000e+00 8.733370093417285041e-03 5.345705918547951541e+01 1.160359972538445472e+00 4.030123154141100894e-01 9.787249565124511719e-02
5.000000000000000000e+00 -4.337064777284615645e-04 5.601952841501602620e+01 1.096970532163896950e+00 3.544198182609855641e-01 1.064450740814208984e-01
6.000000000000000000e+00 5.723908244979109688e-03 4.102333214506853665e+01 1.109284182223882587e+00 3.124592983076850961e-01 9.221029281616210938e-02
7.000000000000000000e+00 2.274734228221004639e-03 4.565606192779777217e+01 9.390667649942143758e-01 3.192418757971282051e-01 1.130051612854003906e-01
8.000000000000000000e+00 8.081200941607342633e-03 4.099821158344001759e+01 8.767689829808212876e-01 3.328750087007782965e-01 1.052687168121337891e-01
9.000000000000000000e+00 -2.409000385991978948e-03 4.340374346964562591e+01 9.818337718310417017e-01 2.578337396976000950e-01 1.129553318023681641e-01
1.000000000000000000e+01 2.962971921811232388e-03 4.627691651736810030e+01 8.899732439794159067e-01 2.734488392309790128e-01 1.234567165374755859e-01
1.100000000000000000e+01 7.563389369044430871e-04 4.637996241676583509e+01 8.814848618493544841e-01 2.529069537453045857e-01 1.629602909088134766e-01
1.200000000000000000e+01 3.027422393660247728e-03 4.621777712646090919e+01 7.766949905031399481e-01 2.781795039521491320e-01 1.811602115631103516e-01
1.300000000000000000e+01 1.422079422502278744e-03 4.256016046652921148e+01 9.691664099141859001e-01 2.467758264989625416e-01 1.763715744018554688e-01
1.400000000000000000e+01 6.604091239018891786e-03 4.167099071059702453e+01 6.787699215313944823e-01 2.165168385554771258e-01 1.624836921691894531e-01
1.500000000000000000e+01 9.527692174799238384e-04 4.906254125106853081e+01 7.017892880035426773e-01 2.514654015810317000e-01 1.881294250488281250e-01
1.600000000000000000e+01 2.468676658714871329e-04 5.577290043572433120e+01 8.182947009058822996e-01 2.415742565422097643e-01 1.641409397125244141e-01
1.700000000000000000e+01 -4.046012057486607144e-04 5.038745075031680898e+01 8.282050141971134538e-01 2.319934005912855091e-01 1.683490276336669922e-01
1.800000000000000000e+01 2.426716781334882413e-03 4.262622120762264188e+01 7.021922317343605169e-01 1.940478442313560703e-01 1.727390289306640625e-01
1.900000000000000000e+01 1.699200830291258376e-03 4.436737173330219974e+01 6.863820171162645645e-01 1.996089364521821397e-01 2.166717052459716797e-01
2.000000000000000000e+01 1.568842134004431879e-03 4.708565637844881735e+01 6.869669833120715108e-01 2.064191726625962120e-01 2.305555343627929688e-01
2.100000000000000000e+01 3.202921535256739172e-03 4.729919893028884559e+01 6.939093766588962930e-01 2.014712945932868871e-01 2.173597812652587891e-01
2.200000000000000000e+01 2.908007752811081481e-03 4.328343786512513702e+01 6.372914676130633227e-01 1.829147574871050064e-01 2.126822471618652344e-01
2.300000000000000000e+01 2.408557057640459218e-03 4.483834447683322821e+01 6.559453351554924705e-01 1.725353019533230337e-01 2.095119953155517578e-01
2.400000000000000000e+01 2.070393419070709357e-03 4.397696513836435628e+01 6.369975933495702902e-01 1.615286156350756730e-01 2.042524814605712891e-01
2.500000000000000000e+01 2.529836772141997626e-03 4.360398603990091004e+01 6.399412817863781022e-01 1.611866488485351745e-01 2.147152423858642578e-01
2.600000000000000000e+01 3.474101292458953161e-03 4.179781384832644875e+01 6.591419706144910906e-01 1.572400440369037256e-01 2.233104705810546875e-01
2.700000000000000000e+01 3.079313035648168200e-03 5.144903717699884282e+01 5.859090649449595345e-01 1.902734667777217226e-01 2.165174484252929688e-01
2.800000000000000000e+01 2.992469626132461622e-03 4.721237182655692521e+01 6.536143545522191678e-01 1.533638683826368809e-01 2.176315784454345703e-01
2.900000000000000000e+01 2.968672438161178671e-03 4.340075373834510231e+01 5.974757058789875730e-01 1.254039072447655501e-01 1.916115283966064453e-01
