2.000000000000000000e+00 1.492776467674178723e-02 5.858367683652370594e+00 2.512236662398190656e+00 1.101553817375990618e-01 8.852720260620117188e-02
3.000000000000000000e+00 4.864741161519438133e-03 5.157651872141754801e+00 2.269114324318351361e+00 1.143264602838156979e-01 7.505106925964355469e-02
4.000000000000000000e+00 6.992513852106962795e-03 4.169014391202066960e+00 2.476746029993272646e+00 9.379731983134842466e-02 7.394266128540039062e-02
5.000000000000000000e+00 4.055132402754942599e-03 4.311010245310021638e+00 2.118710187300394843e+00 1.173322111351420283e-01 8.843922615051269531e-02
6.000000000000000000e+00 5.283306670615412794e-03 3.931254542552081066e+00 2.016061046691049796e+00 1.170375313552161484e-01 8.892798423767089844e-02
7.000000000000000000e+00 7.594146916363506312e-03 3.713406294116826434e+00 1.794744014891333395e+00 1.201369162295766735e-01 9.663081169128417969e-02
8.000000000000000000e+00 3.196084707843026458e-03 3.464164180317502950e+00 1.632232928676876416e+00 1.171168891934249723e-01 1.058454513549804688e-01
9.000000000000000000e+00 7.030347792380551089e-03 3.595950867663974648e+00 1.623346162480473920e+00 1.305346350872407801e-01 9.310293197631835938e-02
1.000000000000000000e+01 2.090685522429300020e-03 3.178810035223371688e+00 1.606498022612666832e+00 1.014505591049497113e-01 9.841704368591308594e-02
1.100000000000000000e+01 3.321562940403579352e-03 3.422149081396753001e+00 1.446677929011819463e+00 1.259921332837856123e-01 9.698200225830078125e-02
1.200000000000000000e+01 3.686025799410860317e-03 3.471435921703595717e+00 1.379480960613040930e+00 1.326103384155327969e-01 9.906291961669921875e-02
1.300000000000000000e+01 3.614635363609791738e-03 3.175376189866629506e+00 1.344666300913268886e+00 1.114313924417367208e-01 1.069254875183105469e-01
1.400000000000000000e+01 1.039780457461299658e-03 3.381269250863409237e+00 1.284839443188064312e+00 1.311885902973360385e-01 1.245322227478027344e-01
1.500000000000000000e+01 1.095733408859500936e-03 3.259948049528272662e+00 1.179815526749207200e+00 1.277336666646153862e-01 1.471896171569824219e-01
1.600000000000000000e+01 1.457989720352862026e-03 3.381323202320585253e+00 1.134151086997753133e+00 1.372269433998465904e-01 1.456716060638427734e-01
1.700000000000000000e+01 -3.044066641851055815e-05 3.331396669449921077e+00 1.080933547149087515e+00 1.354762937050394411e-01 1.826529502868652344e-01
1.800000000000000000e+01 1.210135718777614021e-03 3.511184228303787958e+00 9.632742757040466675e-01 1.440222741191535261e-01 1.567881107330322266e-01
1.900000000000000000e+01 9.325108385838564362e-04 3.440766324224634687e+00 9.387143942223762361e-01 1.382679597089264689e-01 1.605231761932373047e-01
