2.000000000000000000e+00 1.814475235942380332e-02 1.427045660760043866e+01 1.563899216540437953e+00 2.605510036031551402e-01 8.488702774047851562e-02
3.000000000000000000e+00 2.011383842290013005e-02 1.414618584476820473e+01 1.473755778762279034e+00 2.565339932502604947e-01 8.453106880187988281e-02
4.000000000000000000e+00 1.725434340803686309e-02 1.331696917063744579e+01 1.441371263909946299e+00 2.616576675344983172e-01 1.005167961120605469e-01
5.000000000000000000e+00 1.242672394116459654e-02 1.243808618478354511e+01 1.311138420252630610e+00 2.480207347682449048e-01 8.667659759521484375e-02
6.000000000000000000e+00 1.009253589894415840e-02 1.021017540513417998e+01 1.354219261952996911e+00 1.909821051080060617e-01 7.557272911071777344e-02
7.000000000000000000e+00 4.030414049046368921e-03 1.038913861790165782e+01 1.161145540961127987e+00 2.477065300901259148e-01 8.897542953491210938e-02
8.000000000000000000e+00 2.476647128605602953e-03 1.162935392059956463e+01 1.104479645761567985e+00 2.892583075026561312e-01 9.086251258850097656e-02
9.000000000000000000e+00 2.685687215318859934e-03 1.176845237922439402e+01 1.047193357057323970e+00 2.538624543879918760e-01 9.579777717590332031e-02
1.000000000000000000e+01 1.417178369477649488e-03 1.301005233615611978e+01 9.452030759150298334e-01 2.901956011527949686e-01 9.760546684265136719e-02
1.100000000000000000e+01 1.559229502747097942e-03 1.333899054480321489e+01 8.556781370358813588e-01 3.166812354474621283e-01 1.018862724304199219e-01
1.200000000000000000e+01 2.172022467570687912e-03 1.351353872066344231e+01 9.129662378778283793e-01 3.018822538827697910e-01 1.091701984405517578e-01
1.300000000000000000e+01 1.670113140292820309e-03 1.313757404684132624e+01 8.320040580332903613e-01 2.863834826412715029e-01 1.117591857910156250e-01
1.400000000000000000e+01 1.125385674370923267e-03 1.189147080888097463e+01 8.640646956736551809e-01 2.896247711618786802e-01 1.217119693756103516e-01
1.500000000000000000e+01 8.645475216845384652e-04 1.271373077931008488e+01 8.151206633352540143e-01 2.823906441554019375e-01 1.623482704162597656e-01
1.600000000000000000e+01 1.975076675188173255e-05 1.409029099218441416e+01 7.295251371160219600e-01 3.139311988625914651e-01 1.382570266723632812e-01
1.700000000000000000e+01 -6.086091019915229475e-04 1.319824435365130100e+01 6.731157731764967345e-01 2.809023598835073132e-01 1.178488731384277344e-01
1.800000000000000000e+01 -1.380244194837570212e-03 1.321277939805428048e+01 6.219203063829186195e-01 2.802527570745382834e-01 1.311409473419189453e-01
1.900000000000000000e+01 -6.510390471808488125e-04 1.426273382544001045e+01 6.799496489919750752e-01 2.789286885385121595e-01 1.463158130645751953e-01
