2.000000000000000000e+00 -1.944567667959163151e-02 1.191410583487477481e+02 8.353261804212640529e-01 4.669347969264048270e-01 2.547132968902587891e-01
3.000000000000000000e+00 -1.577693232595255360e-02 1.309431802837373482e+02 9.006872344154576160e-01 3.733920908239766745e-01 2.738590240478515625e-01
4.000000000000000000e+00 -1.511134564466209626e-02 1.139574695039701737e+02 1.007963346650548431e+00 3.142061545261869981e-01 2.900316715240478516e-01
5.000000000000000000e+00 -1.229005833483784969e-02 1.011214864295384075e+02 1.023670680198390581e+00 2.950894970382125782e-01 2.855861186981201172e-01
6.000000000000000000e+00 -1.365035087017806362e-02 9.893112302062458241e+01 1.037346089400985161e+00 2.957468445392577028e-01 2.909231185913085938e-01
7.000000000000000000e+00 -1.191998457295609555e-02 9.330088680922668232e+01 1.100999482817850650e+00 2.756703906523337855e-01 3.767809867858886719e-01
8.000000000000000000e+00 -1.201550985557372185e-02 8.541228157573071655e+01 1.042673412708203573e+00 2.791755700438561805e-01 3.213067054748535156e-01
9.000000000000000000e+00 -1.102471484590749305e-02 8.028844016462045374e+01 1.201943123275351244e+00 2.372942548042508148e-01 3.037636280059814453e-01
1.000000000000000000e+01 -6.544434717247030880e-03 7.541888742589205208e+01 1.275841008510880892e+00 2.385853089427281970e-01 3.659992218017578125e-01
1.100000000000000000e+01 -7.734509700612990889e-03 7.542259945250221165e+01 1.173946293803100449e+00 2.389237323233762700e-01 2.714390754699707031e-01
1.200000000000000000e+01 -5.718897089893618287e-03 6.911239837242730744e+01 1.201874998784814297e+00 2.263884830248678315e-01 3.293673992156982422e-01
1.300000000000000000e+01 -7.588657027873204133e-03 7.248976634484583315e+01 1.123717663739244976e+00 2.506145696955560109e-01 3.465783596038818359e-01
1.400000000000000000e+01 -7.176181652716316119e-03 6.914140188820041999e+01 1.055015969706970758e+00 2.434699361037295229e-01 3.400745391845703125e-01
1.500000000000000000e+01 -6.198053900581270391e-03 6.366101781300411488e+01 1.121156641382394792e+00 2.259275638130457398e-01 3.671224117279052734e-01
1.600000000000000000e+01 -6.284030954600668822e-03 6.132460225188227554e+01 1.134791237818503440e+00 2.088207182488908686e-01 3.709290027618408203e-01
1.700000000000000000e+01 -4.371928037106081848e-03 5.962349238226951087e+01 1.209350715755983074e+00 2.061504015710789728e-01 3.320050239562988281e-01
1.800000000000000000e+01 -6.407212133984154304e-03 6.055188221524529979e+01 1.057536037474754442e+00 2.152952098747469012e-01 3.830969333648681641e-01
1.900000000000000000e+01 -4.894620090271551219e-03 5.582469456571076449e+01 1.136350098730011027e+00 1.892097952415056072e-01 3.849494457244873047e-01
2.000000000000000000e+01 -5.517982891484612962e-03 5.609501739414268684e+01 1.101910889266910054e+00 2.026673793686152580e-01 3.694925308227539062e-01
2.100000000000000000e+01 -6.070274091444139222e-03 5.350951283320117113e+01 1.148877563336875740e+00 1.917342245543657009e-01 3.863403797149658203e-01
2.200000000000000000e+01 -3.995290558461943656e-03 5.510265290298184482e+01 1.123636732124464910e+00 1.859171110921180592e-01 3.271992206573486328e-01
2.300000000000000000e+01 -5.674340110021209097e-03 5.231978324152593984e+01 1.087677970053120724e+00 1.780990240092656107e-01 4.246416091918945312e-01
2.400000000000000000e+01 -5.739606010629812530e-03 5.267475504787812923e+01 1.046565140562921714e+00 1.922864223479821832e-01 3.651881217956542969e-01
2.500000000000000000e+01 -4.614128971440830881e-03 5.284406582238982963e+01 1.133154860385086504e+00 1.739726124334523560e-01 4.245271682739257812e-01
2.600000000000000000e+01 -4.303032303095755129e-03 5.306096191799373685e+01 1.074421035741127461e+00 1.844594999402641988e-01 4.109125137329101562e-01
2.700000000000000000e+01 -4.320578259595351557e-03 5.082159790273625788e+01 1.126574410615835964e+00 1.676874414439386840e-01 4.124047756195068359e-01
2.800000000000000000e+01 -3.660265372288868356e-03 5.059292348902137348e+01 1.078481558411266361e+00 1.703047041905061676e-01 3.961627483367919922e-01
2.900000000000000000e+01 -3.959276578439004449e-03 4.689935359842024809e+01 9.801461433712812532e-01 1.741336166225038729e-01 4.240732192993164062e-01
3.000000000000000000e+01 -3.640873920668170807e-03 4.879903793667519096e+01 9.878502082418124663e-01 1.614292600566592795e-01 4.982833862304687500e-01
3.100000000000000000e+01 -3.194780041801576018e-03 4.929743678147902131e+01 9.586364952548798168e-01 1.774162226293114486e-01 4.207906723022460938e-01
3.200000000000000000e+01 -3.552026755447494719e-03 4.617950573255799185e+01 9.566773694963870422e-01 1.489052816813811186e-01 4.167203903198242188e-01
3.300000000000000000e+01 -2.910027506620668954e-03 4.708803687957017559e+01 9.413810828600752689e-01 1.334924251555265617e-01 4.070556163787841797e-01
3.400000000000000000e+01 -2.866877593350846201e-03 4.663429836021702357e+01 9.923815986794882749e-01 1.555819627483198686e-01 4.014017581939697266e-01
3.500000000000000000e+01 -3.547842046197629759e-03 4.816442055383286203e+01 9.021154430728863804e-01 1.749255127702130097e-01 4.391071796417236328e-01
3.600000000000000000e+01 -3.521563336366087451e-03 4.488767901551094752e+01 9.150041856820068098e-01 1.485449069725902349e-01 4.297046661376953125e-01
3.700000000000000000e+01 -2.881682883069167696e-03 4.696877019240167073e+01 9.495727868449945763e-01 1.715003477377209096e-01 4.129283428192138672e-01
3.800000000000000000e+01 -2.401611222261279370e-03 4.740355170925062112e+01 8.933166896864837003e-01 1.769609002349863958e-01 4.409732818603515625e-01
3.900000000000000000e+01 -2.820293798099041908e-03 4.516024237568625921e+01 9.010773146950197265e-01 1.641051923585030436e-01 4.955344200134277344e-01
4.000000000000000000e+01 -2.559586290017319167e-03 4.644884217824033357e+01 8.151481336115619092e-01 1.699800544103222122e-01 4.562580585479736328e-01
4.100000000000000000e+01 -2.613589762712907084e-03 4.606536738810985554e+01 8.600883845477632628e-01 1.586216480166671161e-01 4.652280807495117188e-01
4.200000000000000000e+01 -2.292072836869029837e-03 4.578003872631980897e+01 8.594387302362342940e-01 1.587795286220162749e-01 4.456422328948974609e-01
4.300000000000000000e+01 -2.369030827342195021e-03 4.684420055920886483e+01 7.914112365779017999e-01 1.612854660765464798e-01 4.722614288330078125e-01
4.400000000000000000e+01 -2.134273126381075209e-03 4.416953836596336203e+01 8.721332376153057009e-01 1.332234814926580024e-01 4.136948585510253906e-01
4.500000000000000000e+01 -2.245940937164919108e-03 4.362741847169395726e+01 9.186147302086726807e-01 1.290350344673750760e-01 5.178210735321044922e-01
4.600000000000000000e+01 -2.099968179092316298e-03 4.180418697225279345e+01 8.627956003994787793e-01 1.485761977175673043e-01 5.891530513763427734e-01
4.700000000000000000e+01 -1.933743331665384530e-03 4.106981751728056906e+01 8.749267333199367558e-01 1.406356069611643667e-01 5.976631641387939453e-01
4.800000000000000000e+01 -1.805663470884476696e-03 4.274147969070850195e+01 8.584379985101779909e-01 1.311341745338245046e-01 6.242463588714599609e-01
4.900000000000000000e+01 -2.070905397566783369e-03 4.442743646041017769e+01 8.058638108015480084e-01 1.539320192791690800e-01 5.606000423431396484e-01
5.000000000000000000e+01 -2.022437207291514875e-03 4.543922106341816658e+01 7.741220696807664670e-01 1.499275663075500253e-01 4.779300689697265625e-01
5.100000000000000000e+01 -1.570378462839603544e-03 4.278723728368365897e+01 7.623228598128966027e-01 1.415457517806830989e-01 4.327752590179443359e-01
5.200000000000000000e+01 -1.895139665974977967e-03 4.412646741189524846e+01 7.293506945504127925e-01 1.396086790836787161e-01 4.761519432067871094e-01
5.300000000000000000e+01 -1.751467322463632010e-03 4.422354702423861283e+01 7.933067981555316228e-01 1.462793464846008362e-01 4.453122615814208984e-01
5.400000000000000000e+01 -1.738234685612397761e-03 4.244193991074443062e+01 7.162512270857800400e-01 1.341147019236935689e-01 4.831576347351074219e-01
5.500000000000000000e+01 -1.426252911156575352e-03 4.327095013382426458e+01 7.589437407422302551e-01 1.279413478453544639e-01 4.855563640594482422e-01
5.600000000000000000e+01 -1.473376651904948625e-03 4.481637396466416590e+01 7.016664370602276879e-01 1.350448425596578739e-01 4.591975212097167969e-01
5.700000000000000000e+01 -1.307326953890670376e-03 4.339065702725662277e+01 7.092961795421411919e-01 1.416967240957572871e-01 5.082798004150390625e-01
5.800000000000000000e+01 -1.115547003636256597e-03 4.326170950803410165e+01 7.412680443310646350e-01 1.324540883546945491e-01 4.987111091613769531e-01
5.900000000000000000e+01 -1.438969967304444021e-03 4.408614512460898993e+01 6.434474105704505176e-01 1.423248967773240170e-01 5.135619640350341797e-01
