2.000000000000000000e+00 -1.397227475272449539e-02 3.048773235112164457e+02 1.705121043112203916e+00 2.304568401925320975e-01 1.345722198486328125e+00
3.000000000000000000e+00 -1.117203695157679283e-02 2.232559682502298131e+02 2.042791349250606014e+00 1.552541824208750199e-01 2.279264450073242188e+00
4.000000000000000000e+00 -1.389315504396675290e-02 1.891982416967724134e+02 2.115940129899228417e+00 1.336874913482802296e-01 1.734804868698120117e+00
5.000000000000000000e+00 -1.554534878010464978e-02 1.598766258666423425e+02 2.222212617591591055e+00 1.296507217466817685e-01 1.938441276550292969e+00
6.000000000000000000e+00 -6.673020284250330732e-03 1.457179598018362299e+02 2.230055688717001328e+00 1.263934725118796287e-01 1.934725284576416016e+00
7.000000000000000000e+00 -1.026714484578177163e-02 1.348651535389656715e+02 2.074395739862272325e+00 1.233159251976849724e-01 1.616527318954467773e+00
8.000000000000000000e+00 -9.815325975528470248e-03 1.302604836824800145e+02 1.986065758246955637e+00 1.396610506948961772e-01 2.479676961898803711e+00
9.000000000000000000e+00 -9.483684903400608698e-03 1.216248768464311780e+02 1.954116896415017512e+00 1.267303641285010274e-01 2.424192428588867188e+00
1.000000000000000000e+01 -8.441134021612737084e-03 1.119757207328672166e+02 2.148140802111015990e+00 1.143501339182066145e-01 2.854784727096557617e+00
1.100000000000000000e+01 -8.932178420223391493e-03 1.063984132058084242e+02 2.120982440591257401e+00 1.188209369878611699e-01 2.026494264602661133e+00
1.200000000000000000e+01 -5.497137072599629463e-03 9.892296252614862340e+01 2.222094348453670154e+00 1.126838621160985571e-01 1.954832077026367188e+00
1.300000000000000000e+01 -4.590056105939324498e-03 9.480569512538684762e+01 2.290080222474657923e+00 1.092010363282145263e-01 2.880127906799316406e+00
1.400000000000000000e+01 -4.955665111145922050e-03 9.204367710676575598e+01 2.091427244241082395e+00 1.153736675417899177e-01 2.014429807662963867e+00
1.500000000000000000e+01 -5.673795709162473243e-03 8.586954690401245216e+01 2.301887053953211915e+00 1.072252651417073821e-01 2.031384468078613281e+00
1.600000000000000000e+01 -4.824720232065970831e-03 8.318287179003493748e+01 2.292829244482116557e+00 1.049459017513035136e-01 2.072195768356323242e+00
1.700000000000000000e+01 -5.549905711269601319e-03 7.955134013431020890e+01 2.290438743112085174e+00 1.047905535677995659e-01 1.637205600738525391e+00
1.800000000000000000e+01 -3.412996000518995175e-03 7.663741506449680685e+01 2.288443887815856836e+00 1.049924160252391908e-01 1.890919923782348633e+00
1.900000000000000000e+01 -2.330983997780680141e-03 7.307001260910132601e+01 2.365819173129138253e+00 1.060833839601721118e-01 2.027019023895263672e+00
2.000000000000000000e+01 -2.617475465004114391e-03 7.030803289746269513e+01 2.322830493071813329e+00 1.020397719993802466e-01 1.754348039627075195e+00
2.100000000000000000e+01 -4.876653617574015255e-03 6.830068960480704732e+01 2.350790301716709774e+00 9.831170448827132591e-02 2.215224742889404297e+00
2.200000000000000000e+01 -3.857869822039560435e-03 6.598107087663260018e+01 2.356573151202066452e+00 9.785841290738266085e-02 1.886796474456787109e+00
2.300000000000000000e+01 -4.264435654345716080e-03 6.387220559535681730e+01 2.333322009429617871e+00 9.643585782496608139e-02 1.816022396087646484e+00
2.400000000000000000e+01 -4.586451498691668759e-03 6.200453109084042325e+01 2.363157800570112155e+00 9.427956797045861093e-02 1.876929521560668945e+00
2.500000000000000000e+01 -1.990060927204937054e-03 6.096818447396059071e+01 2.394383395342808640e+00 9.223555375326976391e-02 1.927445888519287109e+00
2.600000000000000000e+01 -1.410952631953773205e-03 5.857638871187864993e+01 2.345401689109801069e+00 8.936278489232858668e-02 2.119261741638183594e+00
2.700000000000000000e+01 -2.860119541214169343e-03 5.749485893015130245e+01 2.391904438450051185e+00 9.200185584776943148e-02 1.951605558395385742e+00
2.800000000000000000e+01 -3.537489370603490602e-03 5.686083144285694146e+01 2.321171377916852574e+00 9.560573952871176395e-02 2.105895519256591797e+00
2.900000000000000000e+01 -3.980890828412289237e-03 5.414278278046865722e+01 2.424260447286911813e+00 8.306692661426205715e-02 1.874343156814575195e+00
3.000000000000000000e+01 -1.965710809601367570e-03 5.335134857469700620e+01 2.416039058098203629e+00 8.800310153922415168e-02 2.102951049804687500e+00
3.100000000000000000e+01 -2.077441100578177480e-03 5.220150125245585571e+01 2.435677071660377280e+00 8.777219639298852738e-02 1.909682512283325195e+00
3.200000000000000000e+01 -1.724964529772533622e-03 5.105919400608940606e+01 2.412273890991273984e+00 8.760588931099946852e-02 2.322555303573608398e+00
3.300000000000000000e+01 -1.273563924004525363e-03 5.026764548660003129e+01 2.391980855973609543e+00 8.866072222853356444e-02 2.028870105743408203e+00
3.400000000000000000e+01 -3.857897834082430507e-04 4.855784374466311704e+01 2.470893697366497221e+00 8.766961838000296436e-02 1.881886482238769531e+00
3.500000000000000000e+01 -6.970593571517969423e-05 4.734536254471142769e+01 2.501472337645764821e+00 8.635299973810391105e-02 2.281955003738403320e+00
3.600000000000000000e+01 -3.790510231062827265e-03 4.641825285607203710e+01 2.475795287587184035e+00 8.215863701263857732e-02 2.196912050247192383e+00
3.700000000000000000e+01 -3.194939562898041052e-03 4.578945978997757038e+01 2.481927827185677504e+00 7.888017270465605413e-02 2.147824525833129883e+00
3.800000000000000000e+01 -1.671891587555810431e-03 4.469994164735072673e+01 2.469258373220637459e+00 8.435151198363055602e-02 1.999501943588256836e+00
3.900000000000000000e+01 -1.667565061369891350e-03 4.375033586528672913e+01 2.455907247947930916e+00 8.189356676275318103e-02 1.785127878189086914e+00
4.000000000000000000e+01 -1.055840407990599585e-03 4.251024773611296581e+01 2.557973568545366838e+00 7.801896948369053952e-02 1.752934455871582031e+00
4.100000000000000000e+01 -1.384808477686988015e-03 4.161651531666833392e+01 2.578014904885747249e+00 7.501904159472144729e-02 2.330920457839965820e+00
4.200000000000000000e+01 -1.513469238072579425e-04 4.136604863799909992e+01 2.490779640868395539e+00 8.008643345415773773e-02 1.898988962173461914e+00
4.300000000000000000e+01 -2.828903231132789790e-03 4.069027307413213634e+01 2.508192111148870751e+00 7.480863389827445420e-02 2.046707868576049805e+00
4.400000000000000000e+01 -1.792068615182338624e-03 3.971304230074096608e+01 2.578463578833184222e+00 7.271388565232771162e-02 2.069161176681518555e+00
4.500000000000000000e+01 -9.460075997322547545e-04 3.961434909079217448e+01 2.466239112962647084e+00 7.835233173088446135e-02 2.634283304214477539e+00
4.600000000000000000e+01 -2.993870961584651352e-03 3.849276497707162292e+01 2.552373726309936419e+00 7.168331164062788363e-02 1.982366561889648438e+00
4.700000000000000000e+01 -2.577391389001296943e-03 3.745638316940863888e+01 2.552604924373885531e+00 6.855832786955415314e-02 1.842576742172241211e+00
4.800000000000000000e+01 -1.025588095194065975e-03 3.721117849285153056e+01 2.489295703376101176e+00 7.086493325575304869e-02 2.247335195541381836e+00
4.900000000000000000e+01 -2.324243987685841242e-03 3.642483687922877778e+01 2.567201131365270506e+00 6.897169598530253354e-02 2.193286895751953125e+00
5.000000000000000000e+01 -1.756368007233530086e-03 3.602689895798143738e+01 2.550640160628350639e+00 6.521831645935695365e-02 2.125963449478149414e+00
5.100000000000000000e+01 -2.139689940730699676e-03 3.543327917386262982e+01 2.542591243865292672e+00 6.831736972244370487e-02 1.757086277008056641e+00
5.200000000000000000e+01 -1.877060176371310191e-03 3.498129886566568558e+01 2.599777433414180550e+00 6.818665218707427311e-02 2.073192358016967773e+00
5.300000000000000000e+01 -2.227578372791753653e-03 3.441816289122891703e+01 2.630965068943257990e+00 6.676751932895123864e-02 2.138479471206665039e+00
5.400000000000000000e+01 -1.522153312239626346e-03 3.411524421593598078e+01 2.513069570658094776e+00 6.739579462150226130e-02 2.355731487274169922e+00
5.500000000000000000e+01 -2.221705581991347943e-03 3.355365415923832018e+01 2.568295662332819695e+00 6.581953430829466656e-02 1.980696439743041992e+00
5.600000000000000000e+01 -1.903779513026670599e-03 3.311141913039420359e+01 2.541709295109744637e+00 6.688213904988300762e-02 1.907096862792968750e+00
5.700000000000000000e+01 -2.592496648307277343e-03 3.244820039122586763e+01 2.594180137092049421e+00 6.060226223746112417e-02 1.949415683746337891e+00
5.800000000000000000e+01 -1.292130800730168861e-03 3.197152032111773678e+01 2.524950012327030535e+00 6.189857993735188579e-02 2.218853235244750977e+00
5.900000000000000000e+01 -2.029646567386331028e-03 3.143661573957221478e+01 2.597812968609146456e+00 6.195174781134850372e-02 1.797509193420410156e+00
6.000000000000000000e+01 -2.513681940181596887e-03 3.106135822829628523e+01 2.630539346591246552e+00 5.756651434657646116e-02 1.969658851623535156e+00
6.100000000000000000e+01 -1.702810729965150522e-03 3.073218669424395699e+01 2.545052278792127254e+00 6.144799277231946522e-02 2.122099399566650391e+00
6.200000000000000000e+01 -3.022938687932762592e-03 3.033970358352503283e+01 2.528313601490145057e+00 6.077841040321481370e-02 1.781918048858642578e+00
6.300000000000000000e+01 -9.779246513434804774e-04 3.022034685760664274e+01 2.591368357970910363e+00 6.366267230215347239e-02 1.914789676666259766e+00
6.400000000000000000e+01 -2.515652252794080106e-03 2.950723592160255748e+01 2.581784278023529389e+00 6.147725648595475656e-02 2.010852336883544922e+00
6.500000000000000000e+01 -3.124547285532961512e-03 2.917650416814323933e+01 2.537312158226163294e+00 5.750887641107766540e-02 1.862870931625366211e+00
6.600000000000000000e+01 -1.803057322222011497e-03 2.875182467167919498e+01 2.577531416503500150e+00 6.278998880982519792e-02 1.902959585189819336e+00
6.700000000000000000e+01 -2.003745245841764833e-03 2.846120331414332938e+01 2.514822374235023528e+00 6.013161162943090471e-02 2.108009099960327148e+00
6.800000000000000000e+01 -1.820026905997864384e-03 2.806702728349596043e+01 2.566739085711769786e+00 5.742077090832477249e-02 1.778519868850708008e+00
6.900000000000000000e+01 -1.759292910042465621e-03 2.768005091751010127e+01 2.594141089732617811e+00 5.634793063746403735e-02 1.807653188705444336e+00
7.000000000000000000e+01 -2.210319989148897858e-03 2.724978078248248181e+01 2.627889505319320751e+00 4.958026119421870409e-02 1.913644313812255859e+00
7.100000000000000000e+01 -1.293672556990290313e-03 2.704033252553438160e+01 2.584215058919675734e+00 5.954062304110326748e-02 1.929010868072509766e+00
7.200000000000000000e+01 -9.834769365309283841e-04 2.656790815468085754e+01 2.605114782965081144e+00 5.265230648097368737e-02 2.069471120834350586e+00
7.300000000000000000e+01 -1.436668336075495010e-03 2.646681544052442092e+01 2.589470895360671321e+00 5.753682463772453320e-02 1.922542095184326172e+00
7.400000000000000000e+01 -2.059093560292628387e-03 2.627097463141910083e+01 2.475839508707769809e+00 5.573626433166433553e-02 1.787907838821411133e+00
7.500000000000000000e+01 -1.333255297708954481e-03 2.597707235838432283e+01 2.563429088693677027e+00 5.464822804010898566e-02 1.756106376647949219e+00
7.600000000000000000e+01 -2.534934678435006063e-03 2.554063681815014419e+01 2.586867475940247463e+00 5.312732824334863435e-02 1.780212402343750000e+00
7.700000000000000000e+01 -1.758684765861601509e-03 2.536229882460077789e+01 2.555217873990172528e+00 5.454173373841942479e-02 1.821238756179809570e+00
7.800000000000000000e+01 -7.899164539904629436e-04 2.514442952900795447e+01 2.539662560839065275e+00 5.505613655998962269e-02 1.897500991821289062e+00
7.900000000000000000e+01 -2.049345916087177196e-03 2.473521668055105849e+01 2.552068873532987947e+00 5.016217547192224069e-02 2.002822399139404297e+00
8.000000000000000000e+01 -2.788028651590606353e-04 2.447442474603383999e+01 2.559327904591758518e+00 5.000290489869799182e-02 2.250685453414916992e+00
8.100000000000000000e+01 -1.019468833846225945e-03 2.429205057710972682e+01 2.529811677928593294e+00 5.189815140426642937e-02 1.810065031051635742e+00
8.200000000000000000e+01 -6.355304205524507557e-04 2.396619440485683228e+01 2.553356004354359499e+00 5.190210915623990479e-02 2.119057178497314453e+00
8.300000000000000000e+01 -1.364775560231316779e-03 2.374303802508753591e+01 2.537385283282638238e+00 5.018695824531228117e-02 1.973637580871582031e+00
8.400000000000000000e+01 -1.497452408872633261e-03 2.371061287228370418e+01 2.533757545859076199e+00 5.461576145239913083e-02 1.767028331756591797e+00
8.500000000000000000e+01 -2.083659266931934748e-03 2.331214040590023373e+01 2.532958794098110644e+00 5.202297006860623352e-02 1.966595172882080078e+00
8.600000000000000000e+01 -1.175768830315457878e-03 2.321608927005942036e+01 2.505393445583372625e+00 5.147336252990897254e-02 2.086492061614990234e+00
8.700000000000000000e+01 -4.424620012772901428e-04 2.266943606264002398e+01 2.618812373288047723e+00 4.588228916113432088e-02 1.849276542663574219e+00
8.800000000000000000e+01 -2.479262478065816407e-03 2.252071090301968681e+01 2.567903677393970963e+00 4.818600233871302846e-02 1.946789264678955078e+00
8.900000000000000000e+01 -1.487106077792018245e-03 2.258377953436010088e+01 2.527581766234193505e+00 5.282222636782718528e-02 1.688796520233154297e+00
9.000000000000000000e+01 -8.604416087192261588e-04 2.204441767302341049e+01 2.536052424834969621e+00 4.734284403807100666e-02 1.836737871170043945e+00
9.100000000000000000e+01 -1.247887645841981715e-03 2.208686625918936386e+01 2.510401577998571110e+00 4.807705374040185248e-02 2.168284893035888672e+00
9.200000000000000000e+01 -8.786838436755785124e-04 2.183194552636451746e+01 2.527087247597779474e+00 4.985883834182054664e-02 2.059918642044067383e+00
9.300000000000000000e+01 -2.018566934421199121e-03 2.163316550268515925e+01 2.577620843806167183e+00 4.452277245027261993e-02 2.134404420852661133e+00
9.400000000000000000e+01 -1.534379816364207132e-03 2.138150748447957383e+01 2.445760778753619746e+00 4.902471476775809717e-02 1.940611124038696289e+00
9.500000000000000000e+01 -2.326008208482354279e-03 2.125076716710690405e+01 2.539321370362516816e+00 4.851959506970164593e-02 1.842684745788574219e+00
9.600000000000000000e+01 -8.899803420275062115e-04 2.098548735425390888e+01 2.501772615592962712e+00 4.536734379713128901e-02 1.937960386276245117e+00
9.700000000000000000e+01 -1.540002646851067235e-03 2.077285146607725963e+01 2.481196799329476121e+00 4.583595355557658346e-02 1.804381370544433594e+00
9.800000000000000000e+01 -4.437533187773698082e-04 2.085750659007961616e+01 2.483543469575152596e+00 4.988895652190673824e-02 1.967725038528442383e+00
9.900000000000000000e+01 -1.114616044011696762e-03 2.060170152605682858e+01 2.520386787013592755e+00 4.734064645049780584e-02 1.719655275344848633e+00
