2.000000000000000000e+00 1.378195892274061418e-01 3.607852135935250317e+03 1.022984007246527494e+00 4.210140525330953176e-01 4.872888565063476562e+00
3.000000000000000000e+00 1.163268027379603248e-01 3.357232892133748464e+03 9.398841435721529969e-01 3.930274993996856758e-01 9.516859769821166992e+00
4.000000000000000000e+00 9.798734489422439298e-02 3.593473771574670991e+03 8.959481590487236025e-01 3.880866785006109598e-01 9.168258905410766602e+00
5.000000000000000000e+00 9.831193131131195362e-02 2.869105041363487089e+03 8.268409762984522127e-01 3.908700461339866261e-01 1.137206101417541504e+01
6.000000000000000000e+00 8.903568455678932680e-02 2.804348878987754688e+03 9.260704653921555396e-01 3.347660383680497453e-01 1.075208902359008789e+01
7.000000000000000000e+00 7.957216134365693860e-02 2.763047651722173214e+03 9.673373254793709020e-01 3.125181042094257733e-01 1.651742577552795410e+01
8.000000000000000000e+00 8.061881993404093616e-02 2.443396820526664214e+03 9.352007735490794893e-01 3.142772682085733238e-01 1.653818297386169434e+01
9.000000000000000000e+00 7.185777142677590712e-02 2.616054793901801077e+03 9.242747568988689544e-01 3.245943741809175220e-01 1.315771484375000000e+01
1.000000000000000000e+01 6.853488466259377576e-02 2.594006553074415933e+03 1.014350700814820483e+00 2.980262709980426861e-01 1.276518726348876953e+01
1.100000000000000000e+01 6.311663919161986103e-02 2.582440066131605818e+03 1.034359657354482431e+00 2.989963479952563175e-01 1.386806607246398926e+01
1.200000000000000000e+01 6.048650796775355970e-02 2.498355412162556604e+03 1.141478010451337788e+00 2.734815459197985632e-01 2.460528254508972168e+01
1.300000000000000000e+01 6.087785139699125603e-02 2.330325438309854690e+03 1.115298662932298734e+00 2.732047154867151550e-01 1.644140434265136719e+01
1.400000000000000000e+01 5.713566276172443031e-02 2.304205461695903068e+03 1.151698098473935783e+00 2.566216706586821328e-01 1.491224408149719238e+01
1.500000000000000000e+01 5.460647365216690641e-02 2.290756185341699165e+03 1.177396022641251649e+00 2.588758610531102233e-01 1.580768966674804688e+01
1.600000000000000000e+01 5.012730926285267896e-02 2.296446347823085489e+03 1.088171643621240747e+00 2.684290817769624526e-01 1.687812185287475586e+01
1.700000000000000000e+01 4.952778058256621097e-02 2.219692886054760947e+03 1.199922156858273636e+00 2.439978774639619263e-01 1.821795892715454102e+01
1.800000000000000000e+01 4.926003749112008862e-02 2.161955596009373494e+03 1.123780620326132018e+00 2.569609108594262392e-01 1.636571478843688965e+01
1.900000000000000000e+01 4.760808493316043277e-02 2.133504196868377221e+03 1.171672839601590965e+00 2.418432458743592639e-01 2.074352455139160156e+01
2.000000000000000000e+01 4.526993921420210260e-02 2.152910301528308992e+03 1.159055193111814930e+00 2.520020052809764932e-01 1.948149394989013672e+01
2.100000000000000000e+01 4.510504090190006754e-02 2.143842996696429964e+03 1.080069857357039309e+00 2.585192302343721216e-01 1.853830385208129883e+01
2.200000000000000000e+01 4.269619342752255242e-02 2.108700564590216800e+03 1.105340911497621592e+00 2.538943254633089230e-01 1.605889773368835449e+01
2.300000000000000000e+01 4.185758555352131483e-02 2.003667544996720153e+03 1.134125975852755763e+00 2.511245910399951820e-01 1.447620892524719238e+01
2.400000000000000000e+01 4.475832554467563257e-02 1.947805849985738860e+03 1.052643638157003458e+00 2.589892906320679922e-01 1.442746710777282715e+01
2.500000000000000000e+01 4.088293484973406361e-02 2.013716184484187579e+03 1.118963906227530503e+00 2.501850913606122884e-01 1.869124555587768555e+01
2.600000000000000000e+01 4.034978027731653261e-02 2.015505322112304157e+03 1.100452912025295937e+00 2.538065394247476236e-01 1.506668829917907715e+01
2.700000000000000000e+01 4.053832049951244104e-02 1.922101295112461685e+03 1.123498341248515997e+00 2.445266192867215638e-01 1.510186958312988281e+01
2.800000000000000000e+01 3.986824045987973075e-02 1.888548713957415430e+03 1.142190711604964326e+00 2.411698829202572336e-01 1.358305406570434570e+01
2.900000000000000000e+01 4.002536608503396570e-02 1.828111581353335168e+03 1.115033513858785241e+00 2.413217341002190930e-01 1.460159969329833984e+01
3.000000000000000000e+01 3.849786075658500478e-02 1.826465484105018959e+03 1.113803102793672561e+00 2.415150712436517633e-01 1.707500934600830078e+01
3.100000000000000000e+01 3.806794984206487986e-02 1.797414124518248400e+03 1.161617225142602239e+00 2.354515287968539095e-01 1.500718116760253906e+01
3.200000000000000000e+01 3.703952232319741855e-02 1.808887025266855517e+03 1.169387321354967924e+00 2.326835888929141838e-01 1.573612618446350098e+01
3.300000000000000000e+01 3.712868387256666042e-02 1.834673565870055654e+03 1.051251327560922544e+00 2.431491566419453354e-01 1.964883065223693848e+01
3.400000000000000000e+01 3.678595400165101531e-02 1.736633761452897488e+03 1.165884596557349440e+00 2.213925438987221495e-01 1.871872305870056152e+01
3.500000000000000000e+01 3.592939257566198780e-02 1.799384204340856513e+03 1.120396390593320746e+00 2.387879673751015230e-01 1.427455639839172363e+01
3.600000000000000000e+01 3.469190051110553757e-02 1.791199825176379136e+03 1.120908804215617449e+00 2.295471769583977695e-01 1.733872199058532715e+01
3.700000000000000000e+01 3.476196233706371763e-02 1.748825171307981009e+03 1.129458425361017371e+00 2.315595896389484876e-01 1.725641512870788574e+01
3.800000000000000000e+01 3.452327584872508931e-02 1.738144405522856232e+03 1.104233232494039374e+00 2.336400097772745599e-01 1.821830868721008301e+01
3.900000000000000000e+01 3.422882427043381914e-02 1.724165711576940339e+03 1.120731059732326784e+00 2.316238712760028962e-01 1.788063335418701172e+01
4.000000000000000000e+01 3.349924593567005920e-02 1.708799148527519264e+03 1.139487454409814360e+00 2.248038222488190352e-01 1.404461359977722168e+01
4.100000000000000000e+01 3.237161393996680625e-02 1.731008724700140192e+03 1.100700239598222385e+00 2.337432375325015355e-01 2.529843640327453613e+01
4.200000000000000000e+01 3.260677405489311592e-02 1.681531972835775605e+03 1.165843778954224419e+00 2.204878230433208741e-01 1.819811058044433594e+01
4.300000000000000000e+01 3.209856349005211357e-02 1.665966287726251721e+03 1.175862260750982324e+00 2.178252004981951484e-01 1.658256340026855469e+01
4.400000000000000000e+01 3.143658251699354977e-02 1.658113361477222952e+03 1.175541131170454445e+00 2.186182013192175810e-01 2.061874604225158691e+01
4.500000000000000000e+01 3.053790905559200519e-02 1.685011414105710173e+03 1.111112145850908783e+00 2.325829043920472905e-01 2.016202139854431152e+01
4.600000000000000000e+01 3.006776622220888248e-02 1.655370448864593982e+03 1.170805439492618394e+00 2.186105991995883902e-01 1.724226307868957520e+01
4.700000000000000000e+01 3.007236286851077897e-02 1.627713836486855143e+03 1.170454994373413271e+00 2.145835490942481216e-01 1.730933380126953125e+01
4.800000000000000000e+01 2.989885428479138393e-02 1.652597891360241420e+03 1.149864391329052049e+00 2.236798342450880550e-01 1.726312470436096191e+01
4.900000000000000000e+01 3.043835959251796341e-02 1.611323363173427651e+03 1.160140722660389034e+00 2.276078680841005508e-01 1.891207671165466309e+01
5.000000000000000000e+01 3.003455126556551363e-02 1.628456821812807675e+03 1.118860707904700380e+00 2.292905707889307532e-01 1.765703749656677246e+01
5.100000000000000000e+01 2.906873192230201991e-02 1.586298378625418991e+03 1.072259610777566374e+00 2.275329024224420627e-01 2.199181509017944336e+01
5.200000000000000000e+01 2.781006784703725712e-02 1.605709398554371546e+03 1.144954636120185221e+00 2.224550963604942366e-01 1.650685596466064453e+01
5.300000000000000000e+01 2.772830199639295806e-02 1.584818849350521077e+03 1.196473515420874767e+00 2.068743986011000180e-01 1.432725143432617188e+01
5.400000000000000000e+01 2.816669135257812706e-02 1.604366638422380447e+03 1.156993226991501311e+00 2.208894861202042870e-01 1.715783452987670898e+01
5.500000000000000000e+01 2.683434172031648815e-02 1.586126146685996446e+03 1.114181027502776367e+00 2.165506817866298672e-01 1.481242775917053223e+01
5.600000000000000000e+01 2.695527032571631149e-02 1.600311172317407227e+03 1.145596662574892122e+00 2.156005659528559548e-01 1.328100728988647461e+01
5.700000000000000000e+01 2.685154326266115526e-02 1.586319922962882856e+03 1.151513715288700945e+00 2.129963529961731439e-01 1.868211483955383301e+01
5.800000000000000000e+01 2.639600499441965148e-02 1.535453688416962450e+03 1.168434890384231872e+00 2.049384329490478718e-01 1.471872568130493164e+01
5.900000000000000000e+01 2.655329591908398013e-02 1.525443602124695872e+03 1.172435529431500534e+00 2.153823973545896941e-01 1.734171772003173828e+01
6.000000000000000000e+01 2.667849949367566767e-02 1.493115711503230386e+03 1.143596130225479346e+00 2.120885062554514477e-01 1.732196617126464844e+01
6.100000000000000000e+01 2.657922356392259863e-02 1.503102971577181279e+03 1.142280568387997297e+00 2.123043220099558037e-01 1.797337245941162109e+01
6.200000000000000000e+01 2.610140382209155674e-02 1.511827589939337940e+03 1.130835339492057390e+00 2.140047107564455320e-01 1.654976129531860352e+01
6.300000000000000000e+01 2.590277596961098119e-02 1.506732761292464147e+03 1.132670737934867722e+00 2.128335466364980055e-01 1.867725515365600586e+01
6.400000000000000000e+01 2.541441630479280775e-02 1.525042264639794894e+03 1.110381887725117700e+00 2.172602933778382539e-01 1.451270318031311035e+01
6.500000000000000000e+01 2.506358778333286214e-02 1.521248523974282762e+03 1.105044283863266807e+00 2.185090668140803882e-01 1.472935962677001953e+01
6.600000000000000000e+01 2.440230869179296422e-02 1.537709149160988090e+03 1.116012544742822410e+00 2.121367069329285482e-01 1.596971654891967773e+01
6.700000000000000000e+01 2.475486295898390865e-02 1.531035524914799225e+03 1.089118224850036620e+00 2.226553453962659135e-01 1.718559813499450684e+01
6.800000000000000000e+01 2.434154909605811684e-02 1.524554804752986911e+03 1.109605041099211764e+00 2.168072050879320256e-01 1.353767251968383789e+01
6.900000000000000000e+01 2.392089814873989834e-02 1.522264320319484113e+03 1.121115487034395120e+00 2.139832323114734813e-01 1.592198038101196289e+01
7.000000000000000000e+01 2.379467831787475396e-02 1.512633966162117304e+03 1.129276738134005864e+00 2.134571902661436260e-01 1.584335851669311523e+01
7.100000000000000000e+01 2.337929967714851703e-02 1.506771161575067481e+03 1.124737508383149898e+00 2.148090979886822793e-01 1.802314925193786621e+01
7.200000000000000000e+01 2.300014985091934638e-02 1.492882893248711980e+03 1.152753735996392637e+00 2.100070588305061603e-01 1.463095307350158691e+01
7.300000000000000000e+01 2.295015800470671594e-02 1.486281321268870443e+03 1.143941549238151500e+00 2.108465043006182149e-01 1.786371397972106934e+01
7.400000000000000000e+01 2.282865007617423947e-02 1.474936244474432669e+03 1.167486347772472621e+00 2.060569546324249601e-01 1.798525357246398926e+01
7.500000000000000000e+01 2.248807386060003299e-02 1.466741727287174626e+03 1.185714474732832313e+00 2.017480801687562830e-01 1.845590519905090332e+01
7.600000000000000000e+01 2.217770683103295962e-02 1.454994522459161317e+03 1.185978959343826800e+00 2.026486226227815490e-01 1.836624526977539062e+01
7.700000000000000000e+01 2.226962288398042639e-02 1.453534555979355218e+03 1.190829994592038643e+00 2.047248012064115386e-01 1.890194630622863770e+01
7.800000000000000000e+01 2.186493280769068182e-02 1.443225577506621676e+03 1.239060371130469962e+00 1.968017335956475933e-01 2.206014585494995117e+01
7.900000000000000000e+01 2.275949377254272640e-02 1.402304098974940871e+03 1.239923284461013520e+00 2.023411880675224650e-01 1.797464370727539062e+01
8.000000000000000000e+01 2.204891690926747208e-02 1.410689142385770992e+03 1.312883989663726769e+00 1.868321839868426482e-01 2.207949948310852051e+01
8.100000000000000000e+01 2.100675989301622679e-02 1.409070672794804295e+03 1.247794514919472686e+00 1.929396525664690554e-01 1.564472985267639160e+01
8.200000000000000000e+01 2.191910526758568747e-02 1.356195181095479256e+03 1.239865147783995258e+00 1.875401488935778960e-01 1.540030884742736816e+01
8.300000000000000000e+01 2.147993835794361969e-02 1.383870815706130770e+03 1.273336200895563097e+00 1.933492886672515954e-01 1.869582152366638184e+01
8.400000000000000000e+01 2.141816233662937816e-02 1.352379607583321331e+03 1.296628309195956508e+00 1.846200243071528524e-01 1.731669950485229492e+01
8.500000000000000000e+01 2.153279238643488261e-02 1.369075189431750232e+03 1.233320514974436177e+00 1.961091569034450754e-01 1.923565292358398438e+01
8.600000000000000000e+01 2.112134025135257651e-02 1.354192975109746840e+03 1.315912723863202460e+00 1.890415780250264965e-01 1.738662648200988770e+01
8.700000000000000000e+01 2.129477725719806924e-02 1.342750673624468618e+03 1.290418281671558365e+00 1.963726831995823152e-01 1.895141696929931641e+01
8.800000000000000000e+01 2.092170770054278123e-02 1.344195709407997583e+03 1.267290646663751907e+00 1.858124958837729102e-01 1.820514655113220215e+01
8.900000000000000000e+01 2.059957979173027143e-02 1.336257567294464934e+03 1.309329674624468476e+00 1.800756410342369274e-01 1.826683235168457031e+01
9.000000000000000000e+01 2.044162895320300946e-02 1.331395870547803497e+03 1.274899048143654623e+00 1.924927723954558967e-01 2.075479173660278320e+01
9.100000000000000000e+01 2.060553970464674631e-02 1.318972649643480509e+03 1.355269513077892896e+00 1.845153330959924398e-01 1.940323138236999512e+01
9.200000000000000000e+01 1.991103303327990473e-02 1.319328266501453982e+03 1.275009410027670764e+00 1.894372093328907936e-01 1.591532158851623535e+01
9.300000000000000000e+01 1.979431422124948783e-02 1.324833777959621330e+03 1.321665879272868382e+00 1.816468163754607623e-01 1.512917065620422363e+01
9.400000000000000000e+01 2.002730917571408920e-02 1.317391625795756909e+03 1.252139712911271019e+00 1.885407656700720525e-01 1.775972628593444824e+01
9.500000000000000000e+01 1.965797610411764915e-02 1.318490328371857231e+03 1.324840444697521491e+00 1.818830647937115241e-01 1.437720084190368652e+01
9.600000000000000000e+01 1.949424395067745133e-02 1.315110966482036702e+03 1.273885818502795919e+00 1.887509684051056069e-01 1.754289007186889648e+01
9.700000000000000000e+01 1.970368896561049132e-02 1.285130005924330135e+03 1.286556743908872313e+00 1.882222334208268899e-01 1.900077128410339355e+01
9.800000000000000000e+01 1.904036378981589783e-02 1.283009034312238100e+03 1.285831752574974729e+00 1.825078301563539673e-01 1.795737791061401367e+01
9.900000000000000000e+01 1.919631478049201381e-02 1.271116479388866765e+03 1.317729856439967984e+00 1.859205102047053193e-01 1.926591205596923828e+01
