2.000000000000000000e+00 -2.285043337204075483e-03 1.574413326496711534e+02 2.882937508125705151e+00 9.677894170167736232e-02 5.984085321426391602e+00
3.000000000000000000e+00 -2.049874334094935451e-03 1.120167992087805970e+02 3.234222313820723116e+00 6.244616490652586671e-02 8.134968757629394531e+00
4.000000000000000000e+00 -5.498548808467501083e-03 1.202622722488526108e+02 2.861747117855236056e+00 7.623719317900211345e-02 6.260945558547973633e+00
5.000000000000000000e+00 -5.709501532154447750e-03 9.090540648523318623e+01 3.062275833137111825e+00 7.327293053089889430e-02 6.198168992996215820e+00
6.000000000000000000e+00 -6.512395694396808966e-03 9.778369388811775309e+01 2.784273444255086272e+00 6.449963228521558845e-02 8.699357271194458008e+00
7.000000000000000000e+00 -6.945635698317034756e-03 9.148502433435542969e+01 2.648066226855569028e+00 7.527901709631923399e-02 6.639958143234252930e+00
8.000000000000000000e+00 -6.991761720301128621e-03 8.225867988017074595e+01 2.683598840561343124e+00 6.655343174443788257e-02 7.135517835617065430e+00
9.000000000000000000e+00 -6.027445906552544169e-03 9.087282824959240202e+01 2.526650846629443947e+00 1.040759038079045046e-01 6.947407484054565430e+00
1.000000000000000000e+01 -5.491800735575902079e-03 8.378555942967354042e+01 2.539191404501695892e+00 1.026381546244346521e-01 7.622956275939941406e+00
1.100000000000000000e+01 -5.496326774058054795e-03 9.478305443232515870e+01 2.342158651099514266e+00 1.202768090510842047e-01 7.423312664031982422e+00
1.200000000000000000e+01 -6.169869082567344155e-03 9.109685197291625514e+01 2.322858399892373082e+00 1.191388442517306995e-01 9.792543649673461914e+00
1.300000000000000000e+01 -5.888770736284113308e-03 8.577321348090660535e+01 2.359552266961130851e+00 1.159647717361906444e-01 1.008089017868041992e+01
1.400000000000000000e+01 -4.448411876041746295e-03 8.609394164763210711e+01 2.313897347970474971e+00 1.231368704959630578e-01 8.177128314971923828e+00
1.500000000000000000e+01 -3.751176216362672733e-03 7.334036666540065141e+01 2.311348997031413610e+00 9.786616491773171556e-02 9.354480028152465820e+00
1.600000000000000000e+01 -4.292787602883386608e-03 7.770929004359237524e+01 2.298848402199061169e+00 1.027820290360979549e-01 9.865054845809936523e+00
1.700000000000000000e+01 -4.278670095068420193e-03 7.506000515843011556e+01 2.362257006151921246e+00 9.695507065899354460e-02 8.689690113067626953e+00
1.800000000000000000e+01 -4.524618891692811819e-03 7.248612018719768457e+01 2.414180553304676735e+00 9.189178903784812891e-02 9.246692419052124023e+00
1.900000000000000000e+01 -4.530426044536810595e-03 7.169935553513920468e+01 2.294035759323981072e+00 9.137476873368083341e-02 9.171313047409057617e+00
2.000000000000000000e+01 -3.719616713571381045e-03 7.252792241088899061e+01 2.276331080089629033e+00 9.442708862072698994e-02 9.243618488311767578e+00
2.100000000000000000e+01 -3.647813892583626986e-03 7.463387531871860858e+01 2.237121738744766386e+00 1.010096505841443504e-01 8.849726676940917969e+00
2.200000000000000000e+01 -3.849248377419663657e-03 6.898560492624302753e+01 2.468860975661578916e+00 9.316569563168006218e-02 8.932513236999511719e+00
2.300000000000000000e+01 -3.891821941132596503e-03 7.306307197514215090e+01 2.167900352617154081e+00 9.884970806941695276e-02 9.663049697875976562e+00
2.400000000000000000e+01 -3.530771787825003841e-03 7.168880254240460204e+01 2.184547127603854388e+00 1.054928172104947909e-01 9.651307106018066406e+00
2.500000000000000000e+01 -3.554693788819124432e-03 7.072943994634165676e+01 2.274821626559214938e+00 9.999290430631069260e-02 8.245316982269287109e+00
2.600000000000000000e+01 -3.598030313717342360e-03 6.836375670699965212e+01 2.278814259680896459e+00 8.740158092188027306e-02 8.640233039855957031e+00
2.700000000000000000e+01 -3.801819128512952568e-03 6.971960616150190049e+01 2.209074044792092906e+00 1.070227600356084552e-01 9.997219085693359375e+00
2.800000000000000000e+01 -3.085956701166498936e-03 6.737086189099986200e+01 2.334561342623652003e+00 9.126173654045152683e-02 9.437819719314575195e+00
2.900000000000000000e+01 -3.551421495893001927e-03 6.820385752390730261e+01 2.292510466008443437e+00 1.076393232190551025e-01 9.132768630981445312e+00
3.000000000000000000e+01 -2.898403967094009825e-03 6.600745338548951224e+01 2.270059238664952073e+00 9.330300687658146797e-02 1.083624053001403809e+01
3.100000000000000000e+01 -2.981994237098733406e-03 6.559485200011819472e+01 2.237939335505329197e+00 9.170527202715489379e-02 1.248599219322204590e+01
3.200000000000000000e+01 -2.721679976800153201e-03 6.896973835887612836e+01 2.215079008862846699e+00 1.066885984297234607e-01 1.029821276664733887e+01
3.300000000000000000e+01 -3.264555340729946575e-03 6.555183086476385768e+01 2.233646813241599194e+00 9.514802353682219604e-02 1.184075546264648438e+01
3.400000000000000000e+01 -3.028314648625458731e-03 6.299712516489748282e+01 2.278403494220109238e+00 1.034980382095610496e-01 9.678994417190551758e+00
3.500000000000000000e+01 -3.035237504536084010e-03 6.477923857280889308e+01 2.207657991407145914e+00 9.442619223887829816e-02 1.020390152931213379e+01
3.600000000000000000e+01 -2.920920154363549747e-03 6.215914808614316911e+01 2.313423771714826049e+00 9.395908046153288173e-02 1.042580223083496094e+01
3.700000000000000000e+01 -2.893348210887190537e-03 6.135761722861991529e+01 2.165071851666043656e+00 9.069523329141668255e-02 1.088837075233459473e+01
3.800000000000000000e+01 -2.666379225191643516e-03 6.367511714046495541e+01 2.234620564342674864e+00 9.926704439793607171e-02 9.964051008224487305e+00
3.900000000000000000e+01 -2.869574205376140743e-03 6.327622581301433513e+01 2.267830342068740901e+00 9.721993712811294319e-02 1.205737733840942383e+01
4.000000000000000000e+01 -2.669432570822542674e-03 5.684633946321044107e+01 2.269341458855920646e+00 7.593235112228720329e-02 1.110001349449157715e+01
4.100000000000000000e+01 -2.680496164177000647e-03 5.860641407087771171e+01 2.251222558657588024e+00 8.119759662676906409e-02 1.030225872993469238e+01
4.200000000000000000e+01 -2.524190314416841028e-03 5.967188549519114105e+01 2.203304536127344448e+00 8.535549663191256686e-02 1.078889656066894531e+01
4.300000000000000000e+01 -2.407234224053026415e-03 5.956815015651082490e+01 2.185407557762570896e+00 8.943407761206177697e-02 1.039049744606018066e+01
4.400000000000000000e+01 -2.292528966229440482e-03 5.922497333730768787e+01 2.192953254952666686e+00 8.986453265590271799e-02 1.113281512260437012e+01
4.500000000000000000e+01 -2.292896032566784335e-03 5.921098457204379173e+01 2.194255755607548153e+00 9.231478037601532904e-02 1.069905900955200195e+01
4.600000000000000000e+01 -2.336090372818983452e-03 5.761821719742284387e+01 2.277399978493104271e+00 8.918698392855413382e-02 1.138682055473327637e+01
4.700000000000000000e+01 -2.368238375462410235e-03 5.675357441685139293e+01 2.262196214563991781e+00 8.911097801947386043e-02 1.183452630043029785e+01
4.800000000000000000e+01 -2.321551054584984359e-03 5.627917965987703042e+01 2.230895471983402434e+00 8.906538604687833094e-02 1.182742953300476074e+01
4.900000000000000000e+01 -2.310070924394245183e-03 5.583933182018327557e+01 2.209681869010323041e+00 8.926306964012820089e-02 1.194617080688476562e+01
5.000000000000000000e+01 -2.148004629496732317e-03 5.741081662565508026e+01 2.213352726730591247e+00 1.012467448253466795e-01 1.121782326698303223e+01
5.100000000000000000e+01 -2.343443940468046497e-03 5.611787427367367087e+01 2.171374882749521174e+00 9.321648186644240774e-02 1.198202562332153320e+01
5.200000000000000000e+01 -2.286811634220085442e-03 5.533403938797840738e+01 2.165989470683146845e+00 8.933056878412459767e-02 1.164054608345031738e+01
5.300000000000000000e+01 -2.232908922359119232e-03 5.489058717551634459e+01 2.157228198154010901e+00 8.838283978005721797e-02 1.196536684036254883e+01
5.400000000000000000e+01 -2.237164392649784034e-03 5.408241412422413674e+01 2.111110092130334959e+00 9.096990514442628017e-02 1.207481980323791504e+01
5.500000000000000000e+01 -1.793218828988331175e-03 5.184054045013566281e+01 2.236565122425168362e+00 8.565089017118049375e-02 1.217346763610839844e+01
5.600000000000000000e+01 -2.082423597979483117e-03 5.222695655025606953e+01 2.175809793687332849e+00 9.323518398910703164e-02 1.213679242134094238e+01
5.700000000000000000e+01 -2.304405106038583118e-03 5.358307469658903699e+01 2.148792403787306515e+00 9.965338556320454955e-02 1.116957139968872070e+01
5.800000000000000000e+01 -1.963270359541068391e-03 5.293762815847346559e+01 2.040262869965303150e+00 9.867867328976172303e-02 1.515585350990295410e+01
5.900000000000000000e+01 -1.925107305471537942e-03 5.132619293679515948e+01 2.182266822561256259e+00 9.323187481024051981e-02 1.260960197448730469e+01
6.000000000000000000e+01 -1.771540589486305956e-03 5.184020674294707476e+01 2.045172858742343447e+00 9.854565804041416632e-02 1.179574441909790039e+01
6.100000000000000000e+01 -1.891962700619265799e-03 5.305890613459666127e+01 2.057641470713056808e+00 8.793744145183150784e-02 1.266407871246337891e+01
6.200000000000000000e+01 -1.928958225229708296e-03 5.067632550767348931e+01 2.011755586894203862e+00 9.903088920083776003e-02 1.242884159088134766e+01
6.300000000000000000e+01 -1.802938525942618690e-03 5.153963355341083741e+01 2.046420258447759100e+00 8.372657858868297331e-02 1.422913932800292969e+01
6.400000000000000000e+01 -1.742802303684704880e-03 5.209441266495442591e+01 2.016780752630128681e+00 9.733337754887398663e-02 1.380034327507019043e+01
6.500000000000000000e+01 -1.819507892239355254e-03 5.077184178304843698e+01 2.056290459540396132e+00 8.314124112471121819e-02 1.399277949333190918e+01
6.600000000000000000e+01 -1.808933799833916745e-03 4.931847919814755699e+01 2.102882806562945017e+00 9.295893763926223186e-02 1.275877094268798828e+01
6.700000000000000000e+01 -1.772588076468904848e-03 4.825022108635462814e+01 2.046598367455084500e+00 8.624787819155570190e-02 1.298018741607666016e+01
6.800000000000000000e+01 -1.932407385317363004e-03 4.976838565918898638e+01 2.077719535324629607e+00 9.397573429852973392e-02 1.187225914001464844e+01
6.900000000000000000e+01 -1.822588022936427266e-03 4.776759084281300716e+01 2.127835875423407686e+00 8.320564767752601509e-02 1.246837615966796875e+01
7.000000000000000000e+01 -1.626744916748207792e-03 4.864594091097126238e+01 1.997898553433028024e+00 9.104868825133087540e-02 1.370969629287719727e+01
7.100000000000000000e+01 -1.605378410509398146e-03 4.738709646711726009e+01 2.196647345138516894e+00 7.864782715569218485e-02 1.428212857246398926e+01
7.200000000000000000e+01 -1.809670714496934476e-03 4.783519700131630259e+01 2.089634420877860332e+00 8.562470638753623409e-02 1.415386438369750977e+01
7.300000000000000000e+01 -1.751044422749630436e-03 4.691949547638470364e+01 1.994671263921105719e+00 9.016051907363212270e-02 1.367861604690551758e+01
7.400000000000000000e+01 -1.632479015196072747e-03 4.692964407497936463e+01 2.039102244427191124e+00 9.220754021927862754e-02 1.207557868957519531e+01
7.500000000000000000e+01 -1.540417424028903007e-03 4.638851483528943476e+01 2.106251306842931381e+00 8.486709362264148460e-02 1.315042281150817871e+01
7.600000000000000000e+01 -1.746988485854263822e-03 4.607448587596847034e+01 2.011343145038057223e+00 8.767505002254467883e-02 1.290243744850158691e+01
7.700000000000000000e+01 -1.493747230293533505e-03 4.776537631374667825e+01 1.918352771287868963e+00 9.297888617377254861e-02 1.477544069290161133e+01
7.800000000000000000e+01 -1.554523070071970291e-03 4.466381011397967171e+01 2.054098685104393862e+00 8.730909064061723179e-02 1.231787848472595215e+01
7.900000000000000000e+01 -1.451663209470520528e-03 4.821396904859590649e+01 1.994685169928330559e+00 9.484955198053490744e-02 1.349922919273376465e+01
8.000000000000000000e+01 -1.668206457524197767e-03 4.521326802628558283e+01 2.027218151778381383e+00 8.337680844805984981e-02 1.358597469329833984e+01
8.100000000000000000e+01 -1.463357935710931680e-03 4.645206628149232841e+01 1.929198750781972338e+00 9.380268934469176978e-02 1.364578270912170410e+01
8.200000000000000000e+01 -1.502196070655590883e-03 4.627251206706996101e+01 1.904549276526681822e+00 9.155542074448193290e-02 1.395844435691833496e+01
8.300000000000000000e+01 -1.706365107642102098e-03 4.740691356769578135e+01 1.950508868497409454e+00 1.001141399817972732e-01 1.430653619766235352e+01
8.400000000000000000e+01 -1.493596958972248645e-03 4.433311827959479245e+01 2.041406272282709100e+00 7.846175537949190426e-02 1.383156180381774902e+01
8.500000000000000000e+01 -1.450648598395953360e-03 4.614829155086424350e+01 2.011162198354626618e+00 8.992259042058677043e-02 1.498467421531677246e+01
8.600000000000000000e+01 -1.480034527085584027e-03 4.469168752667735589e+01 1.940246962823347854e+00 9.353669858418495187e-02 1.297672533988952637e+01
8.700000000000000000e+01 -1.359646097905581590e-03 4.500032630751415041e+01 1.993592884465587467e+00 9.439866103145044818e-02 1.356894731521606445e+01
8.800000000000000000e+01 -1.405375775320674356e-03 4.535493868119515071e+01 1.903325745990397166e+00 9.513318323757213868e-02 1.524213957786560059e+01
8.900000000000000000e+01 -1.406901638553849235e-03 4.462225665813861752e+01 1.961951880504757550e+00 9.073536533647851010e-02 1.385776042938232422e+01
9.000000000000000000e+01 -1.433327462210747406e-03 4.475946309966352032e+01 1.945524445783721079e+00 9.237525444920530182e-02 1.327694606781005859e+01
9.100000000000000000e+01 -1.343772287795615920e-03 4.573134630863253136e+01 1.869594426008855059e+00 1.037870735681811485e-01 1.391031622886657715e+01
9.200000000000000000e+01 -1.302929515103462901e-03 4.440398502531876801e+01 1.969798982970206058e+00 8.706881397121914168e-02 1.385910582542419434e+01
9.300000000000000000e+01 -1.408413399654003754e-03 4.411801381135322231e+01 1.911186145809059767e+00 8.849885292201321862e-02 1.470837235450744629e+01
9.400000000000000000e+01 -1.383706791892510505e-03 4.422002683576026527e+01 1.909000053209981118e+00 8.887301909553908807e-02 1.472153759002685547e+01
9.500000000000000000e+01 -1.404944624646141003e-03 4.400109425933256801e+01 1.907772306212605296e+00 8.824484761858292226e-02 1.375109958648681641e+01
9.600000000000000000e+01 -1.398168316313872428e-03 4.363410024047406921e+01 1.907070329387135610e+00 8.821282865914753524e-02 1.365410327911376953e+01
9.700000000000000000e+01 -1.356235439158826181e-03 4.331321767119302280e+01 1.922964286699894609e+00 8.688826736427007758e-02 1.592033100128173828e+01
9.800000000000000000e+01 -1.361313871711929482e-03 4.299695983054618864e+01 1.927876764880445126e+00 8.613118646076992069e-02 1.621913313865661621e+01
9.900000000000000000e+01 -1.303826526501987741e-03 4.311401704479715846e+01 1.906371232299578278e+00 8.721482522547673033e-02 1.614818143844604492e+01
