2.000000000000000000e+00 -6.596670951695617069e-02 1.834970274436142290e+01 1.574364278380703031e+00 2.003234882601225841e-01 1.026322841644287109e-01
3.000000000000000000e+00 -4.744035694105221829e-02 2.521167722021795043e+01 1.319901242257999208e+00 2.337950446356382717e-01 1.061263084411621094e-01
4.000000000000000000e+00 -3.790965003690371232e-02 1.952143391638414371e+01 1.490249809551960958e+00 1.880133126273465793e-01 1.173872947692871094e-01
5.000000000000000000e+00 -3.502312866887833526e-02 1.861740623326859279e+01 1.307049971594613336e+00 1.697864523097698530e-01 9.522819519042968750e-02
6.000000000000000000e+00 -2.654602383676881588e-02 1.646999056641585213e+01 1.570734600340334408e+00 1.484394091206686361e-01 1.012635231018066406e-01
7.000000000000000000e+00 -2.350086241652368096e-02 1.318746865797148793e+01 1.548324289382055019e+00 1.136252167317571560e-01 1.029214859008789062e-01
8.000000000000000000e+00 -2.266969422638249326e-02 1.440471594715108949e+01 1.511844157042576242e+00 1.279968881038526796e-01 1.035799980163574219e-01
9.000000000000000000e+00 -1.862247489819219767e-02 1.249956508786715048e+01 1.565216415102341552e+00 1.165821660343447225e-01 1.122131347656250000e-01
1.000000000000000000e+01 -1.757212155194437520e-02 1.128313729115067332e+01 1.526974159844593615e+00 9.369538687981049385e-02 1.199333667755126953e-01
1.100000000000000000e+01 -1.561433282518493934e-02 1.087451387568467709e+01 1.591104925907462553e+00 5.307948481285485604e-02 1.179337501525878906e-01
1.200000000000000000e+01 -1.462065545542162726e-02 1.075838407143987574e+01 1.424251576259101926e+00 4.701763811035362950e-02 1.162238121032714844e-01
1.300000000000000000e+01 -1.351223661735268325e-02 1.068440110505878060e+01 1.357392075619871630e+00 5.651600985834072388e-02 1.152689456939697266e-01
1.400000000000000000e+01 -1.159515976118367583e-02 1.018151168110989779e+01 1.433542208802164764e+00 5.520171207298244648e-02 1.134488582611083984e-01
1.500000000000000000e+01 -1.079870496909417395e-02 1.066906630229774322e+01 1.293058123323017838e+00 8.844405051598831780e-02 1.191036701202392578e-01
1.600000000000000000e+01 -9.147316752424949557e-03 9.983771963981629582e+00 1.337594998524393564e+00 4.856427887878334709e-02 1.143059730529785156e-01
1.700000000000000000e+01 -9.112683106397944169e-03 9.311302776829249339e+00 1.381905356328973600e+00 3.566802839157171695e-02 1.194086074829101562e-01
1.800000000000000000e+01 -9.341706292368219880e-03 9.253198781310192800e+00 1.254385876618672624e+00 5.946569461160818026e-02 1.316862106323242188e-01
1.900000000000000000e+01 -7.778991982388954764e-03 8.916832310889244440e+00 1.273805222266575221e+00 7.776225981771053841e-02 1.380858421325683594e-01
2.000000000000000000e+01 -7.392477950082845459e-03 7.487919456268418372e+00 1.249058877892615049e+00 1.400512630618781611e-02 1.732723712921142578e-01
2.100000000000000000e+01 -6.230488654108820232e-03 9.013933247184416686e+00 1.146377921722999016e+00 5.507985288597012224e-02 2.053606510162353516e-01
2.200000000000000000e+01 -6.166462119423247491e-03 7.906384041861785228e+00 1.252487124541438623e+00 4.426038586081122023e-02 1.780323982238769531e-01
2.300000000000000000e+01 -5.182516100548804384e-03 8.447225024416150418e+00 1.067234310411546927e+00 2.700206754474912887e-02 1.932928562164306641e-01
2.400000000000000000e+01 -4.932055744286671650e-03 8.166008012738867450e+00 1.081914689874015734e+00 5.316969667403502464e-02 1.933946609497070312e-01
2.500000000000000000e+01 -4.931466404757998620e-03 8.643257500994552700e+00 1.038809464243360958e+00 5.886861092645138960e-02 1.516387462615966797e-01
2.600000000000000000e+01 -3.615024906160741597e-03 8.759597044305719393e+00 8.860951680236113237e-01 5.377931005115440394e-02 1.549685001373291016e-01
2.700000000000000000e+01 -3.546377324055727427e-03 7.878567666591283825e+00 9.456949786384368783e-01 4.692636625175655024e-02 1.583774089813232422e-01
