2.000000000000000000e+00 1.407842120500038367e-02 3.966038989697694461e+01 3.394229006529918991e+00 6.775519420473143095e-02 1.111737966537475586e+00
3.000000000000000000e+00 2.029321851063587909e-02 3.777477299856974469e+01 3.069662400393781354e+00 6.227848407030840000e-02 1.254830360412597656e+00
4.000000000000000000e+00 2.029260696633829186e-02 3.428297325212227520e+01 2.933674578370149000e+00 6.917592309055364819e-02 1.302420616149902344e+00
5.000000000000000000e+00 2.327403464078918113e-02 2.983401900861970191e+01 2.903152202515269398e+00 5.346544238943988503e-02 1.429006099700927734e+00
6.000000000000000000e+00 2.375106069844219736e-02 2.838456734853007646e+01 2.864607593534227892e+00 6.274691040469070058e-02 1.571315050125122070e+00
7.000000000000000000e+00 1.702692824442493535e-02 2.775393133293017200e+01 2.712477727457465626e+00 7.809996818108663752e-02 1.385055303573608398e+00
8.000000000000000000e+00 2.379244892867520347e-02 2.513772331883441069e+01 2.680064890726460813e+00 6.826146593770851534e-02 1.520761013031005859e+00
9.000000000000000000e+00 1.950838117518169379e-02 2.445367667789238553e+01 2.613600141651257314e+00 7.363175184089129632e-02 1.458266019821166992e+00
1.000000000000000000e+01 1.385754854013134668e-02 2.409360141037372216e+01 2.866612074647730601e+00 8.296105622855895478e-02 1.557982921600341797e+00
1.100000000000000000e+01 1.364292518746462388e-02 2.287582754902930304e+01 2.674347673971209538e+00 7.606533188785204180e-02 1.342787504196166992e+00
1.200000000000000000e+01 1.713902829707072625e-02 2.146150744937513721e+01 2.473792981360631860e+00 7.571255179045477401e-02 1.659875869750976562e+00
1.300000000000000000e+01 1.930129897322975865e-02 2.021422148151128795e+01 2.535290720233561057e+00 7.498695778733642514e-02 1.604535341262817383e+00
1.400000000000000000e+01 1.407873360942120053e-02 1.979548436351672436e+01 2.677092262397877676e+00 6.699640463672204560e-02 1.612281560897827148e+00
1.500000000000000000e+01 1.581129175646220353e-02 1.925425800574619117e+01 2.489401774728605243e+00 8.231210191549954980e-02 1.633947134017944336e+00
1.600000000000000000e+01 1.729475248605291324e-02 1.789291738719446201e+01 2.416083959650134005e+00 7.019953857357882909e-02 1.468943834304809570e+00
1.700000000000000000e+01 1.586994630186715216e-02 1.780529648640383655e+01 2.659032465906947085e+00 8.288430029320419112e-02 2.104247570037841797e+00
1.800000000000000000e+01 1.243860047475411033e-02 1.761609780029418815e+01 2.627920894289986098e+00 7.693887254562127576e-02 1.681677579879760742e+00
1.900000000000000000e+01 8.736215780368400408e-03 1.697636082812041991e+01 2.614814201201772104e+00 7.411487957154724859e-02 1.861824035644531250e+00
2.000000000000000000e+01 9.522623109297358515e-03 1.652111022824146502e+01 2.472810158159766125e+00 8.463362103513340229e-02 1.551033258438110352e+00
2.100000000000000000e+01 8.846724443365518165e-03 1.615209341237999752e+01 2.550645579900091775e+00 8.453728072178753883e-02 1.854604005813598633e+00
2.200000000000000000e+01 1.092656151819225777e-02 1.549712961057051608e+01 2.469455309280947031e+00 7.907722755319974983e-02 1.651058435440063477e+00
2.300000000000000000e+01 1.197888344705283839e-02 1.487991188910473284e+01 2.434007292425799385e+00 6.761545591095224905e-02 1.727451801300048828e+00
2.400000000000000000e+01 8.457643022703770219e-03 1.518263712486921690e+01 2.520926804748785610e+00 7.153553545033966565e-02 1.790813684463500977e+00
2.500000000000000000e+01 8.994265870905135754e-03 1.424478313388313921e+01 2.498652457465766030e+00 7.094853192318069379e-02 1.753273010253906250e+00
2.600000000000000000e+01 1.054822438196525991e-02 1.420315661123309425e+01 2.537813745008103972e+00 7.232710869466413284e-02 1.483477592468261719e+00
2.700000000000000000e+01 7.513445120284619611e-03 1.438139584546355998e+01 2.483874013863572205e+00 8.228928298096764571e-02 1.702459096908569336e+00
2.800000000000000000e+01 7.228058732677602495e-03 1.371299264472342472e+01 2.475745610047875633e+00 7.834814633762590685e-02 1.788743257522583008e+00
2.900000000000000000e+01 6.968077243715941997e-03 1.346522545648516278e+01 2.415064211188639121e+00 6.004144057918796296e-02 1.799420833587646484e+00
3.000000000000000000e+01 6.062480922088431951e-03 1.341867666992039254e+01 2.480094884000195510e+00 7.916816890509349725e-02 1.662348508834838867e+00
3.100000000000000000e+01 9.474020552202302645e-03 1.246459784812344651e+01 2.400816597758795634e+00 6.677858042376411118e-02 1.751509189605712891e+00
3.200000000000000000e+01 6.528329227170026096e-03 1.300621429804371587e+01 2.381159675479843418e+00 7.482053944256679412e-02 1.771875381469726562e+00
3.300000000000000000e+01 6.520730735916501972e-03 1.247968528498210539e+01 2.456893024534800407e+00 7.064484057898545721e-02 1.895687103271484375e+00
3.400000000000000000e+01 5.498670842769931739e-03 1.239704395003208326e+01 2.370449662394120249e+00 7.669054584422081711e-02 1.731430053710937500e+00
3.500000000000000000e+01 9.357394694676892180e-03 1.190645573686093783e+01 2.345810609190093654e+00 6.919980240723744291e-02 1.612644433975219727e+00
3.600000000000000000e+01 6.766107793109940940e-03 1.166123107549388571e+01 2.378785857575015594e+00 6.855033848075453573e-02 1.819641828536987305e+00
3.700000000000000000e+01 8.884765727348370098e-03 1.160938819300850255e+01 2.435413748089472641e+00 7.342826603841462463e-02 1.855242252349853516e+00
3.800000000000000000e+01 5.736368193119664727e-03 1.182046022613272207e+01 2.373254506986265167e+00 7.817156169455485859e-02 1.864390850067138672e+00
3.900000000000000000e+01 5.969063058068404398e-03 1.139230245970936828e+01 2.371495503520395953e+00 7.093477068293438381e-02 1.761893749237060547e+00
4.000000000000000000e+01 6.744164947548848821e-03 1.137193408122272587e+01 2.348866592009783538e+00 7.241522890828619441e-02 1.783815145492553711e+00
4.100000000000000000e+01 6.292726165203112697e-03 1.122291968937947360e+01 2.282379736346333843e+00 7.248427112561980912e-02 1.736955165863037109e+00
4.200000000000000000e+01 5.331283657744425794e-03 1.098258137584106642e+01 2.332701064155317194e+00 6.432972950833737436e-02 1.899450778961181641e+00
4.300000000000000000e+01 6.346538620647595476e-03 1.106280539725021228e+01 2.253237961697616587e+00 8.396269878167268719e-02 1.777476787567138672e+00
4.400000000000000000e+01 8.301835585068115947e-03 1.053639088722556139e+01 2.311587731336669727e+00 7.440686774012621185e-02 1.649872064590454102e+00
4.500000000000000000e+01 6.124592470108502357e-03 1.040278713653622944e+01 2.254670359446532490e+00 6.900077342035004779e-02 1.974164724349975586e+00
4.600000000000000000e+01 5.260289474526303258e-03 1.029624679842058477e+01 2.199412083212728408e+00 6.948896048514581480e-02 1.681800365447998047e+00
4.700000000000000000e+01 6.547293431292317001e-03 1.002803863771653781e+01 2.218849758771234804e+00 6.966081264417534058e-02 1.765554904937744141e+00
4.800000000000000000e+01 5.698153958871548207e-03 1.003553893089172888e+01 2.203146239994044020e+00 7.006552424875664431e-02 1.898291110992431641e+00
4.900000000000000000e+01 2.387608193624152567e-03 1.050590417225454409e+01 2.160712422861745807e+00 8.196758970746023665e-02 1.818520069122314453e+00
5.000000000000000000e+01 4.023173592803015557e-03 9.834167703286180284e+00 2.206969710019090591e+00 7.003809699439485226e-02 1.870326995849609375e+00
5.100000000000000000e+01 5.290978405949039141e-03 1.002395751559087422e+01 2.165160300637115398e+00 7.356291736637238232e-02 2.132509946823120117e+00
5.200000000000000000e+01 5.639052300117838867e-03 9.793753015688347219e+00 2.118841590847116763e+00 7.366123859845406796e-02 1.809566974639892578e+00
5.300000000000000000e+01 3.628078945612218161e-03 9.847708618684892556e+00 2.051207863681228538e+00 7.787313411030623300e-02 2.014375686645507812e+00
5.400000000000000000e+01 5.142065074859561609e-03 9.371300895597522995e+00 2.036278487210399391e+00 6.061594158448478653e-02 1.825793504714965820e+00
5.500000000000000000e+01 4.599497253308893092e-03 9.309472637726816657e+00 1.993937636858070572e+00 5.430784740340425382e-02 2.151295661926269531e+00
5.600000000000000000e+01 5.493265110903369601e-03 9.287932188264695910e+00 2.226323040656652541e+00 7.295957048612715379e-02 2.028776407241821289e+00
5.700000000000000000e+01 3.203115697297449684e-03 9.202636345078579083e+00 2.057951434066653817e+00 6.730426533658445676e-02 2.107042074203491211e+00
5.800000000000000000e+01 2.866113339053756853e-03 9.212578025913261470e+00 1.960908378572176369e+00 5.843181706289132804e-02 2.195903778076171875e+00
5.900000000000000000e+01 3.307517311074796400e-03 9.179131329400124883e+00 2.023638918204596404e+00 6.076237325630820529e-02 2.001702308654785156e+00
6.000000000000000000e+01 3.768012424763226599e-03 9.049335844727297129e+00 1.852766807380087810e+00 6.681385774077452933e-02 2.046822786331176758e+00
6.100000000000000000e+01 2.739819732489997585e-03 9.052540189993500519e+00 1.910470728498125270e+00 7.290154863234246663e-02 2.340011119842529297e+00
6.200000000000000000e+01 1.887894575978272442e-03 9.072616749764504718e+00 1.888043281739972601e+00 7.595438150425440349e-02 1.844400167465209961e+00
6.300000000000000000e+01 2.329426474132079844e-03 8.916591843865747435e+00 2.010117866670513287e+00 6.682372114062221091e-02 1.923354625701904297e+00
6.400000000000000000e+01 1.022007826464157434e-03 8.859956588683946421e+00 1.886127935587124327e+00 7.135876282546596561e-02 1.900601387023925781e+00
6.500000000000000000e+01 1.376159303162309338e-03 8.903713523729136270e+00 1.800253296063124120e+00 7.726396928862959423e-02 2.027999639511108398e+00
6.600000000000000000e+01 1.038463132293907703e-03 8.892772096580490171e+00 1.815780163587104701e+00 7.168119466050693056e-02 2.113288164138793945e+00
6.700000000000000000e+01 1.225835332956323959e-03 8.822541480894336985e+00 1.790029620068549043e+00 7.579703410896168614e-02 1.939193010330200195e+00
6.800000000000000000e+01 2.677451327549539104e-03 8.497441913933000635e+00 1.870932845752762308e+00 7.825542001036545070e-02 1.820242166519165039e+00
6.900000000000000000e+01 2.485178023708933034e-03 8.383087755026391363e+00 1.867390899116943670e+00 6.950763028363579621e-02 1.983312845230102539e+00
7.000000000000000000e+01 3.178554849352289123e-03 8.265403446858842429e+00 1.829395359344890171e+00 6.397694113982205222e-02 2.214554786682128906e+00
7.100000000000000000e+01 2.777014241695492571e-03 8.329518563304901591e+00 1.852249154564919786e+00 6.522734218899718661e-02 1.938229322433471680e+00
7.200000000000000000e+01 1.823258949475899940e-03 8.397757671239556743e+00 1.790501647872388524e+00 7.406722832968228032e-02 2.078752756118774414e+00
7.300000000000000000e+01 1.988860335419367041e-03 8.308876283205464119e+00 1.760450087007018327e+00 7.839269031496838569e-02 2.151907920837402344e+00
7.400000000000000000e+01 1.146672329538044911e-03 8.261835998725109320e+00 1.777832372154417584e+00 7.358013218033081226e-02 2.195523500442504883e+00
7.500000000000000000e+01 1.369340316683144692e-03 8.210176509611292417e+00 1.714261880569068142e+00 7.114959618314396772e-02 2.304236888885498047e+00
7.600000000000000000e+01 3.089010689555893828e-03 8.056755932059576963e+00 1.750200746324131584e+00 6.134840801376148511e-02 2.317765712738037109e+00
7.700000000000000000e+01 1.140972503017174651e-03 8.249432584453437300e+00 1.777242695793949334e+00 7.214403632000943034e-02 2.395919799804687500e+00
7.800000000000000000e+01 1.999583310477183549e-03 8.119865688322571273e+00 1.708351662419854478e+00 7.463685297856162415e-02 2.471238613128662109e+00
7.900000000000000000e+01 3.304394570365562066e-03 7.740206700043605004e+00 1.834533551925280781e+00 6.473692764994354309e-02 2.088087797164916992e+00
8.000000000000000000e+01 2.354655258216660930e-03 7.905334031908993531e+00 1.761437229384836600e+00 6.793407731737502453e-02 1.994214773178100586e+00
8.100000000000000000e+01 1.891934300731359800e-03 7.907178968353453463e+00 1.694176537872154498e+00 6.213338836511893282e-02 2.076437473297119141e+00
8.200000000000000000e+01 1.040972214033255997e-03 7.947193519835204611e+00 1.663703674677096345e+00 6.752774277614889686e-02 2.213742494583129883e+00
8.300000000000000000e+01 1.782952555377499172e-03 7.978752006094807392e+00 1.630168902777853646e+00 7.841394814178635764e-02 2.049216985702514648e+00
8.400000000000000000e+01 1.219199916276402862e-03 7.740252107781799396e+00 1.691001601525906395e+00 7.389856280373428843e-02 1.935829877853393555e+00
8.500000000000000000e+01 9.141685001508692131e-04 7.802260800722718770e+00 1.617126407181405323e+00 6.160141130917232144e-02 2.290078878402709961e+00
8.600000000000000000e+01 8.118975244217899656e-04 7.899892975586822352e+00 1.595495272988574742e+00 7.958635381047619861e-02 2.172010660171508789e+00
8.700000000000000000e+01 1.485317439504823481e-03 7.781132384705530036e+00 1.650914509447432899e+00 7.307742826643749690e-02 2.334324359893798828e+00
8.800000000000000000e+01 1.657290386619699645e-03 7.623919648974720964e+00 1.600973270139520954e+00 7.345509863398823336e-02 2.156100511550903320e+00
8.900000000000000000e+01 9.531346133912343022e-04 7.837931444730414476e+00 1.599003611629314703e+00 7.735275964473055377e-02 2.172008275985717773e+00
9.000000000000000000e+01 7.335729809767593942e-04 7.779368686609399397e+00 1.577807632697313389e+00 7.261163049806156067e-02 2.325731515884399414e+00
9.100000000000000000e+01 9.103719268640616180e-04 7.880842940852217815e+00 1.529884429890693953e+00 7.790970632027167941e-02 2.453025579452514648e+00
9.200000000000000000e+01 6.493351314152157484e-04 7.625440262584724849e+00 1.547009903764057226e+00 6.959767365268584860e-02 2.306978702545166016e+00
9.300000000000000000e+01 9.582879121596878927e-04 7.641615763806960615e+00 1.598582324747556127e+00 7.172264493384820916e-02 2.326875925064086914e+00
9.400000000000000000e+01 1.183824184299094202e-03 7.402407658485635977e+00 1.570492051684926338e+00 6.410613379131403777e-02 2.413653135299682617e+00
9.500000000000000000e+01 5.120697197344350072e-04 7.577612067545083541e+00 1.564854145680235620e+00 7.214771919685784851e-02 2.263288259506225586e+00
9.600000000000000000e+01 2.658636859490340690e-03 7.343436007661996889e+00 1.627320050363411541e+00 7.304998813741965524e-02 2.496938228607177734e+00
9.700000000000000000e+01 6.312958112304807188e-04 7.672931955814814131e+00 1.449530577442105228e+00 7.780464713112507369e-02 2.417728424072265625e+00
9.800000000000000000e+01 1.180090304904834412e-03 7.304082163150281026e+00 1.585094391212183318e+00 6.893555012091016898e-02 2.306103467941284180e+00
9.900000000000000000e+01 8.135586904949600705e-04 7.496032798373693851e+00 1.540661753671847434e+00 7.642170672428542921e-02 2.198851585388183594e+00
