2.000000000000000000e+00 1.231756744312330169e-03 3.168266712830558163e+02 1.539527328000781070e+00 2.540708114863883260e-01 1.058788537979125977e+00
3.000000000000000000e+00 -4.608250094751426690e-04 1.983218466741124644e+02 2.289997720299712824e+00 1.884142817867835162e-01 1.979995489120483398e+00
4.000000000000000000e+00 -7.041265035348238770e-04 1.503092736211457350e+02 2.626742993670840853e+00 1.283778960299646332e-01 1.918223142623901367e+00
5.000000000000000000e+00 -9.877073947949259122e-04 1.265167539033002271e+02 2.627562505890650435e+00 1.115168364199808498e-01 1.904589653015136719e+00
6.000000000000000000e+00 5.057509023408783691e-05 1.074994320040975282e+02 2.709782490349954998e+00 1.013048123924376182e-01 1.974339485168457031e+00
7.000000000000000000e+00 5.513153443125668775e-04 9.687572739113606701e+01 2.591715161548101776e+00 7.555704793700206146e-02 2.482821226119995117e+00
8.000000000000000000e+00 4.224479187975091573e-06 8.750242366410921591e+01 2.569607736552393717e+00 7.748774519521919868e-02 2.087189435958862305e+00
9.000000000000000000e+00 1.265719406553760928e-04 8.303188895420976223e+01 2.493351049877771342e+00 8.419931938019613316e-02 1.978780031204223633e+00
1.000000000000000000e+01 2.317629905538521194e-05 7.433168609935573556e+01 2.604178435963144800e+00 7.546439458111842136e-02 2.400004625320434570e+00
1.100000000000000000e+01 -2.069349050118922037e-04 7.054430165752157222e+01 2.534243679406074978e+00 8.224096262100230592e-02 2.143741369247436523e+00
1.200000000000000000e+01 -9.964631850198613875e-05 6.555107627237536860e+01 2.475409042548668559e+00 7.060265418246207403e-02 2.184848070144653320e+00
1.300000000000000000e+01 6.993850042530099041e-05 6.230931499184827516e+01 2.430601578439279375e+00 8.095227903397102243e-02 2.213236808776855469e+00
1.400000000000000000e+01 -1.454149202988927437e-04 5.903819626131112130e+01 2.386348780268250813e+00 8.002206358040900303e-02 2.555675268173217773e+00
1.500000000000000000e+01 -5.702188186229097426e-04 5.558180635132916336e+01 2.544357886979739192e+00 7.962183756410413926e-02 2.059421539306640625e+00
1.600000000000000000e+01 1.660099028030216064e-05 5.425478135011664449e+01 2.469871651781747612e+00 8.636967878274129373e-02 2.169990539550781250e+00
1.700000000000000000e+01 -2.490916745929001538e-04 5.264435016675820123e+01 2.321036085128750148e+00 8.448579432621959595e-02 2.317576169967651367e+00
1.800000000000000000e+01 -6.094256166408436662e-04 5.055016121910040994e+01 2.368067075950117228e+00 8.108187872536946894e-02 2.237938880920410156e+00
1.900000000000000000e+01 -2.541840466339616842e-04 4.786538963836962068e+01 2.339782887975661474e+00 7.812968417283393252e-02 2.234678268432617188e+00
2.000000000000000000e+01 -2.570837500527052935e-04 4.698166691568719244e+01 2.382468774601990802e+00 8.072566041984442775e-02 2.197658538818359375e+00
2.100000000000000000e+01 -5.595915374901559827e-05 4.354209953366702024e+01 2.397192542269278803e+00 7.232863441311856989e-02 2.529033184051513672e+00
2.200000000000000000e+01 -5.471407408556513453e-05 4.249000668722280949e+01 2.436565058917066651e+00 7.664518121710812981e-02 2.121689319610595703e+00
2.300000000000000000e+01 -3.715248854800946594e-04 4.187985965414678446e+01 2.405731730933587276e+00 7.865839520168714516e-02 2.074442386627197266e+00
2.400000000000000000e+01 -6.182747986185348926e-05 4.203779685457620019e+01 2.311091081756714960e+00 8.105577989629116076e-02 1.959922313690185547e+00
2.500000000000000000e+01 -4.247291355420364082e-04 3.940085019890580753e+01 2.348627428078866153e+00 7.969567963029175472e-02 2.186260461807250977e+00
2.600000000000000000e+01 -2.080349260678898877e-04 3.824518674947205454e+01 2.371111172230909503e+00 7.263303696312142788e-02 1.975242614746093750e+00
2.700000000000000000e+01 -3.499455157648065666e-04 3.770121579856188987e+01 2.259267070346473893e+00 7.751002912864855821e-02 1.921462774276733398e+00
2.800000000000000000e+01 -3.135638690978220767e-04 3.716092435742483957e+01 2.292396174762891370e+00 7.599006658214883803e-02 2.412176609039306641e+00
2.900000000000000000e+01 -4.614881317461430447e-04 3.576999590111586969e+01 2.367675912436264074e+00 7.782084774086137080e-02 2.432936191558837891e+00
3.000000000000000000e+01 -3.491411973277762132e-04 3.505772774460994157e+01 2.359524707008653799e+00 7.578601348324340292e-02 2.050259828567504883e+00
3.100000000000000000e+01 -2.564942133378579191e-04 3.415100792518094153e+01 2.270073412977116512e+00 7.439227454930394390e-02 2.788991212844848633e+00
3.200000000000000000e+01 -3.867108048935505890e-04 3.395876812129431954e+01 2.246049739250746136e+00 7.400190214118680665e-02 2.221966505050659180e+00
3.300000000000000000e+01 -2.136846955902713997e-04 3.267165758971380285e+01 2.237702633945255037e+00 7.553304777327470021e-02 2.715605974197387695e+00
3.400000000000000000e+01 -5.141027191425893419e-04 3.279323010576914754e+01 2.255660828729047829e+00 7.988159705147439282e-02 2.247162342071533203e+00
3.500000000000000000e+01 -3.710609911372876276e-04 3.159671801832826432e+01 2.277066589871755475e+00 7.656036862047116420e-02 2.229658126831054688e+00
3.600000000000000000e+01 -5.308263609052606222e-04 3.106139287792781545e+01 2.259304726459363977e+00 7.795523475845735073e-02 2.461213588714599609e+00
3.700000000000000000e+01 -2.665391150383747583e-04 3.007691459004540491e+01 2.272545629714982418e+00 7.479974784253633213e-02 2.162896394729614258e+00
3.800000000000000000e+01 -3.329209821338526562e-04 3.031809491624804664e+01 2.254467164605942209e+00 7.985018166481587520e-02 2.700948238372802734e+00
3.900000000000000000e+01 -3.016594749101142382e-04 2.959517890712348986e+01 2.262615757756025747e+00 7.797844023552391590e-02 2.358922243118286133e+00
4.000000000000000000e+01 -2.936461022886681501e-04 2.922901264260089604e+01 2.224803532264524542e+00 7.798768526607256779e-02 2.416167974472045898e+00
4.100000000000000000e+01 -4.918178565953471417e-04 2.894746075208246694e+01 2.158494163917346942e+00 7.681383550715853437e-02 2.251169443130493164e+00
4.200000000000000000e+01 -3.431183438779099293e-04 2.841212177855161158e+01 2.222877348028141853e+00 7.731958611860413610e-02 2.127408742904663086e+00
4.300000000000000000e+01 -3.335227394631673980e-04 2.787771852136845752e+01 2.210744917250719421e+00 7.819526859874591229e-02 2.154879808425903320e+00
4.400000000000000000e+01 -4.885456916544533889e-04 2.752028330809788059e+01 2.230829772659791210e+00 7.871407050499734659e-02 2.532665729522705078e+00
4.500000000000000000e+01 -3.050275898422678345e-04 2.698946764076227112e+01 2.233848666793745608e+00 7.947437132026850815e-02 2.235756397247314453e+00
4.600000000000000000e+01 -4.243463676881806083e-04 2.676426220136518452e+01 2.191853033474796320e+00 7.603800142565855791e-02 2.023068428039550781e+00
4.700000000000000000e+01 -5.217808930211252638e-04 2.585333233320619328e+01 2.107052444496761989e+00 8.062621686665398524e-02 2.314824581146240234e+00
4.800000000000000000e+01 -3.527384467340093327e-04 2.636970807279712758e+01 2.170789682437740620e+00 8.363256747014626014e-02 2.297479629516601562e+00
4.900000000000000000e+01 -3.236719156037093175e-04 2.538252386263945226e+01 2.163368112338105664e+00 7.247103872031364358e-02 2.370647668838500977e+00
5.000000000000000000e+01 -2.404254606247477658e-04 2.515594663799116404e+01 2.133605337495862564e+00 7.793914585219140212e-02 2.316650152206420898e+00
5.100000000000000000e+01 -3.966073310520754481e-04 2.445169540136643960e+01 2.105510530725807516e+00 7.365120362552030064e-02 2.293812751770019531e+00
5.200000000000000000e+01 -5.958060757096048663e-04 2.454060223983391609e+01 2.131211714419336989e+00 7.976673337872608460e-02 2.369186401367187500e+00
5.300000000000000000e+01 -5.312452014181924141e-04 2.414223157007790377e+01 2.096819183718123814e+00 7.828084811535813980e-02 2.143198490142822266e+00
5.400000000000000000e+01 -5.975673412150135123e-04 2.379440150934513909e+01 2.054707892498977007e+00 8.342450222477347521e-02 2.339984416961669922e+00
5.500000000000000000e+01 -5.099564309359428489e-04 2.291060173272826006e+01 2.239230362783976691e+00 7.653794480375045173e-02 2.056379795074462891e+00
5.600000000000000000e+01 -5.413714853539376140e-04 2.343791948303397987e+01 2.121141462082422269e+00 7.500902110087320773e-02 2.585650920867919922e+00
5.700000000000000000e+01 -4.882885282084545395e-04 2.314570637529211794e+01 2.023021523238454300e+00 8.580546721596052362e-02 2.370858907699584961e+00
5.800000000000000000e+01 -5.095644725406788976e-04 2.291732469506032288e+01 2.088836547165362933e+00 8.164162251350855215e-02 2.314517498016357422e+00
5.900000000000000000e+01 -3.985767381241044137e-04 2.219562873897241317e+01 2.105505530942525017e+00 7.553651255653728858e-02 2.597996234893798828e+00
6.000000000000000000e+01 -4.264908003616712704e-04 2.213396109205512730e+01 2.139173073531312141e+00 7.134095542532407908e-02 2.181304216384887695e+00
6.100000000000000000e+01 -5.249962933753889909e-04 2.201661119410767498e+01 2.068010347427466922e+00 8.108417110203185174e-02 2.379555940628051758e+00
6.200000000000000000e+01 -4.027984408743952066e-04 2.194915476414944777e+01 2.095023949198204338e+00 7.676265220533540212e-02 2.367089509963989258e+00
6.300000000000000000e+01 -4.999405456187585488e-04 2.156684195684453087e+01 2.018909030752345846e+00 8.112989712595580771e-02 2.270975112915039062e+00
6.400000000000000000e+01 -3.990394229245939586e-04 2.139374123408146744e+01 2.077968326276948385e+00 7.767973341929948483e-02 2.454854488372802734e+00
6.500000000000000000e+01 -3.837533766960971905e-04 2.139704300785591329e+01 1.975378492929103391e+00 8.389735094953604255e-02 2.348680019378662109e+00
6.600000000000000000e+01 -5.157142339168563870e-04 2.139710857652486098e+01 1.994130603630961840e+00 8.015143664914849142e-02 2.263610363006591797e+00
6.700000000000000000e+01 -4.740035191871556377e-04 2.084344276818990593e+01 2.061790091459030361e+00 7.955576431024147244e-02 2.205795288085937500e+00
6.800000000000000000e+01 -4.996265786218633985e-04 2.110169504235663851e+01 2.009298276345468981e+00 9.078106765038926329e-02 2.272362470626831055e+00
6.900000000000000000e+01 -4.801284693551118726e-04 2.052005798731940089e+01 2.058504945176832468e+00 8.150627402286379775e-02 2.426727533340454102e+00
7.000000000000000000e+01 -6.274769616308649650e-04 2.019576313139324952e+01 1.991605825828497212e+00 8.152039186842750806e-02 2.106436967849731445e+00
7.100000000000000000e+01 -4.650780081617967134e-04 2.043144542498538740e+01 1.968640579718562655e+00 8.383209461952535746e-02 2.615290641784667969e+00
7.200000000000000000e+01 -5.697924392316386453e-04 1.971431692470417474e+01 2.020540426020575708e+00 8.016348530098130198e-02 2.301416158676147461e+00
7.300000000000000000e+01 -5.782740911590916006e-04 1.975957490357503588e+01 1.959376507436718429e+00 8.223809419308980573e-02 2.346491098403930664e+00
7.400000000000000000e+01 -5.940904377227843687e-04 1.963465086679962468e+01 1.951723192181636479e+00 8.344776223546934713e-02 2.253011941909790039e+00
7.500000000000000000e+01 -5.555421407062369329e-04 1.950027029016299451e+01 1.905593952637805844e+00 8.343842123440302350e-02 2.306423187255859375e+00
7.600000000000000000e+01 -4.181203857778797084e-04 1.942259690783134118e+01 1.971475035066569959e+00 8.342751019283961567e-02 2.307581901550292969e+00
7.700000000000000000e+01 -3.688575879741869123e-04 1.933220196563037518e+01 1.959494430173687629e+00 8.596216020992469842e-02 2.631861209869384766e+00
7.800000000000000000e+01 -3.528202319075669346e-04 1.867694117777510954e+01 1.985267383061783519e+00 7.981380805977332515e-02 2.757419109344482422e+00
7.900000000000000000e+01 -5.343563203925467400e-04 1.869076607583903282e+01 1.905884388373004112e+00 8.294198316008222216e-02 2.532348155975341797e+00
8.000000000000000000e+01 -3.726902591524245204e-04 1.883697185526440165e+01 1.942704961427807131e+00 8.347651590451106440e-02 2.352816820144653320e+00
8.100000000000000000e+01 -4.945736215330791231e-04 1.824635121069125532e+01 1.961424798907170475e+00 7.585957914770682931e-02 2.377880573272705078e+00
8.200000000000000000e+01 -5.606276268042540735e-04 1.873492255436685028e+01 1.914935601818561928e+00 9.324194433127176718e-02 2.306085586547851562e+00
8.300000000000000000e+01 -4.696257747364992281e-04 1.870316187254992712e+01 1.893529881176317708e+00 8.857379595332588729e-02 2.707867383956909180e+00
8.400000000000000000e+01 -4.089607470429680548e-04 1.847293891041903890e+01 1.911506325169638698e+00 9.000553888892942611e-02 2.435583829879760742e+00
8.500000000000000000e+01 -4.517222344966108729e-04 1.806109651841293839e+01 1.937391057840385233e+00 8.536931340697774540e-02 2.617072343826293945e+00
8.600000000000000000e+01 -3.878109472091296962e-04 1.763023176716825446e+01 1.910712638892892334e+00 8.276896439899050772e-02 2.666859865188598633e+00
8.700000000000000000e+01 -4.696338035620102884e-04 1.773692484169390582e+01 1.906424034364060383e+00 8.395446963276308183e-02 2.372238159179687500e+00
8.800000000000000000e+01 -5.470951274767320164e-04 1.744107528344314062e+01 1.870293508620049616e+00 8.551743299584096958e-02 2.507174491882324219e+00
8.900000000000000000e+01 -5.136294346676518454e-04 1.762005635591426866e+01 1.934232345991893087e+00 8.121747641535449758e-02 2.318522930145263672e+00
9.000000000000000000e+01 -5.322797488747991719e-04 1.744189471243544531e+01 1.954649571086456650e+00 8.597287966599513609e-02 2.522407531738281250e+00
9.100000000000000000e+01 -3.763129996358283353e-04 1.725432733829869747e+01 1.928075963663429038e+00 8.715352328709556617e-02 2.468371391296386719e+00
9.200000000000000000e+01 -4.260036783467406976e-04 1.712651131366547119e+01 1.925760341892213789e+00 8.080540204633626655e-02 2.644179105758666992e+00
9.300000000000000000e+01 -3.004511276922446636e-04 1.736092199131956448e+01 1.867535736609939212e+00 8.714676724095271609e-02 2.450858592987060547e+00
9.400000000000000000e+01 -4.346848540766823300e-04 1.695561299608180406e+01 1.865216470594212028e+00 9.164925749791336118e-02 2.589196205139160156e+00
9.500000000000000000e+01 -4.601084578982910412e-04 1.711250090280871561e+01 1.874193789757181872e+00 8.870225663959310780e-02 2.383396625518798828e+00
9.600000000000000000e+01 -3.561510820384298950e-04 1.681942459067175122e+01 1.841833329167168687e+00 8.871239291212436318e-02 2.595279693603515625e+00
9.700000000000000000e+01 -4.612748336876461145e-04 1.677829812925214270e+01 1.840386495228673702e+00 8.503770832055114470e-02 2.325379848480224609e+00
9.800000000000000000e+01 -4.957172119022547601e-04 1.657963961259993368e+01 1.847179129321848023e+00 8.597058881339708636e-02 2.594127655029296875e+00
9.900000000000000000e+01 -4.860890975747489949e-04 1.672545974894370602e+01 1.845133963617507922e+00 9.354940165062405888e-02 2.874957323074340820e+00
