2.000000000000000000e+00 -2.901879993297157637e-03 2.682733544712801290e+02 1.673682703590763543e+00 2.296538644317493993e-01 1.104355573654174805e+00
3.000000000000000000e+00 -9.130434445164469295e-03 1.721032817337400047e+02 1.996078749145663744e+00 1.590016044042605325e-01 2.322373628616333008e+00
4.000000000000000000e+00 -9.336549878539858460e-03 1.431460877685951800e+02 1.958556617226555829e+00 1.628061813026991933e-01 2.646552324295043945e+00
5.000000000000000000e+00 -7.099488261679275623e-03 1.225697682218079478e+02 2.260968837938186926e+00 1.374499725419507101e-01 1.973695993423461914e+00
6.000000000000000000e+00 -4.444254611428360112e-03 1.120834857439695469e+02 2.316567107485345556e+00 1.406818865851079958e-01 1.788629055023193359e+00
7.000000000000000000e+00 -5.785795988257530324e-03 9.889000786647740426e+01 2.206148754144279245e+00 1.425932473148519286e-01 2.076891422271728516e+00
8.000000000000000000e+00 -7.045362503792103846e-03 8.948622253165920881e+01 2.093189412175415764e+00 1.157160691619224524e-01 2.130079507827758789e+00
9.000000000000000000e+00 -5.057945773336271211e-03 8.534973921177379452e+01 2.203914305958493358e+00 1.148852707286209390e-01 1.833349943161010742e+00
1.000000000000000000e+01 -6.852892978296398069e-03 7.805155377024658492e+01 2.065137759335262668e+00 1.218004044583185091e-01 2.144027471542358398e+00
1.100000000000000000e+01 -6.138218915606880217e-03 7.498549161222288717e+01 2.034929922749167286e+00 1.185322338036881307e-01 1.941833257675170898e+00
1.200000000000000000e+01 -4.776397722288267325e-03 7.195420466616735666e+01 2.152447898326157461e+00 1.194250648903441986e-01 2.035052537918090820e+00
1.300000000000000000e+01 -5.005726795205295981e-03 6.692426607891906087e+01 2.167445473020090052e+00 1.120555105188084516e-01 1.944268703460693359e+00
1.400000000000000000e+01 -4.526579885780435304e-03 6.532894610051947382e+01 2.313419772662260954e+00 1.112473469679032684e-01 2.421576499938964844e+00
1.500000000000000000e+01 -4.854381745241948508e-03 6.451052476108120004e+01 2.133069032368159590e+00 1.286480270227910172e-01 2.120399713516235352e+00
1.600000000000000000e+01 -5.483351362791760199e-03 5.931270899168598021e+01 2.234680165147667985e+00 1.134947346356410397e-01 2.657520771026611328e+00
1.700000000000000000e+01 -3.801023281097062455e-03 6.111855106829365525e+01 2.028720801447530864e+00 1.329261394880679459e-01 1.892067909240722656e+00
1.800000000000000000e+01 -2.954278967336711019e-03 5.727071136162693676e+01 2.195601570748211273e+00 1.169339656934314797e-01 2.144997596740722656e+00
1.900000000000000000e+01 -3.432770969287043776e-03 5.358245314545554550e+01 2.216407533295841947e+00 9.456089894783453742e-02 2.034401178359985352e+00
2.000000000000000000e+01 -3.269257067694430596e-03 5.421071580344722207e+01 2.157389138106849735e+00 1.027048213737161292e-01 2.370374202728271484e+00
2.100000000000000000e+01 -4.225522939854598446e-03 5.076629763279942154e+01 2.212810370089139944e+00 1.031415085132962456e-01 1.755750656127929688e+00
2.200000000000000000e+01 -3.674542243191549189e-03 5.149704816359432868e+01 2.075796377749616006e+00 1.217832044069981773e-01 2.328114271163940430e+00
2.300000000000000000e+01 -2.850655250353036161e-03 4.999254463415846317e+01 2.132744082849396872e+00 1.101109641768878433e-01 2.033009529113769531e+00
2.400000000000000000e+01 -2.463869822227558216e-03 4.887659138906986556e+01 2.064519209130978972e+00 1.140274282425022961e-01 2.414666414260864258e+00
2.500000000000000000e+01 -3.357286616642805952e-03 4.636394723142660723e+01 2.267813905251748086e+00 9.479295957256879401e-02 2.181994915008544922e+00
2.600000000000000000e+01 -2.830043347480651859e-03 4.517525072975546863e+01 2.164562137638147199e+00 9.720878196074060618e-02 2.417247772216796875e+00
2.700000000000000000e+01 -2.922144269633289437e-03 4.414297190605698518e+01 2.164867684400323178e+00 9.464085436554840747e-02 2.389565706253051758e+00
2.800000000000000000e+01 -2.456986854363215570e-03 4.370302364441295140e+01 2.137855626697024114e+00 9.599659267184766642e-02 2.071902751922607422e+00
2.900000000000000000e+01 -2.781229473931594569e-03 4.219920567752010498e+01 2.138477640697864057e+00 9.318146956081073407e-02 2.087462902069091797e+00
3.000000000000000000e+01 -2.058598426722949969e-03 4.181359337024436940e+01 2.036844730762048528e+00 9.785585528887230655e-02 1.995231389999389648e+00
3.100000000000000000e+01 -3.833370335322008882e-03 3.892698349570159877e+01 2.176234992659747292e+00 9.066325115082091157e-02 2.104636192321777344e+00
3.200000000000000000e+01 -2.766912990706660216e-03 3.942164157154262227e+01 2.116353060191531910e+00 9.819282040613346030e-02 2.147003412246704102e+00
3.300000000000000000e+01 -2.636915777363335687e-03 3.869206341319989662e+01 2.151813671610651291e+00 1.022148281397986663e-01 2.150094270706176758e+00
3.400000000000000000e+01 -2.389400171551268274e-03 3.813776718807056199e+01 2.208944604775773257e+00 9.000722166023679416e-02 2.351637601852416992e+00
3.500000000000000000e+01 -2.436524854247906595e-03 3.640147824247692654e+01 2.098628179126750926e+00 9.155525983932569223e-02 1.986464023590087891e+00
3.600000000000000000e+01 -2.109303993831960610e-03 3.680865906388784481e+01 2.154461499363966581e+00 9.074040174224065614e-02 1.881108999252319336e+00
3.700000000000000000e+01 -2.128843423148271252e-03 3.594869867683630105e+01 2.112641674309552187e+00 8.744417000939148921e-02 2.321457624435424805e+00
3.800000000000000000e+01 -1.946029854988264593e-03 3.535930386013946247e+01 2.155227329086597976e+00 9.334736459686784893e-02 1.991178274154663086e+00
3.900000000000000000e+01 -1.817304110212179281e-03 3.515289059717056119e+01 2.065917415017323844e+00 9.783383563368795721e-02 2.334914445877075195e+00
4.000000000000000000e+01 -1.996182858663883911e-03 3.413291221311961010e+01 2.044091701153279761e+00 9.054215296968787241e-02 1.968689918518066406e+00
4.100000000000000000e+01 -1.835736436093650045e-03 3.408386807834269661e+01 2.070178396633809204e+00 9.115788012306361154e-02 2.068191766738891602e+00
4.200000000000000000e+01 -2.213632943559223909e-03 3.275371949987302145e+01 2.197457546155204167e+00 8.486145809920453420e-02 2.115095376968383789e+00
4.300000000000000000e+01 -2.285066188702479083e-03 3.228161527881852777e+01 2.106064400238471190e+00 8.866267999577889802e-02 2.424468517303466797e+00
4.400000000000000000e+01 -2.329425202729745736e-03 3.183595147062079533e+01 2.069885616284313112e+00 7.650813859715847876e-02 2.035126447677612305e+00
4.500000000000000000e+01 -2.637604396318224756e-03 3.093337372035582788e+01 2.107339812662011092e+00 8.395226289460311353e-02 2.410915136337280273e+00
4.600000000000000000e+01 -2.076503860868036521e-03 3.062255119765647748e+01 2.114377734231855932e+00 8.611279681192904323e-02 2.227065086364746094e+00
4.700000000000000000e+01 -2.597098280739068652e-03 3.008035950198990705e+01 2.077162149649426581e+00 8.795720668866699454e-02 2.072746515274047852e+00
4.800000000000000000e+01 -2.379410345033157199e-03 3.043999902641063926e+01 2.067460094763066802e+00 8.456821898283609085e-02 2.039549827575683594e+00
4.900000000000000000e+01 -2.056980866694219350e-03 2.931958111133749512e+01 2.122771043055672102e+00 8.352831835451436648e-02 2.400815725326538086e+00
5.000000000000000000e+01 -1.783142737675270624e-03 2.932734214293494546e+01 2.078493702060232540e+00 8.204150027145509783e-02 1.963083744049072266e+00
5.100000000000000000e+01 -1.694553706344360507e-03 2.884119169484464962e+01 2.117945112834167976e+00 8.262896964799625044e-02 2.254586219787597656e+00
5.200000000000000000e+01 -2.042547152061723482e-03 2.852808300862377422e+01 2.009596719524915809e+00 8.580054790499166972e-02 1.925832033157348633e+00
5.300000000000000000e+01 -1.622931687475034782e-03 2.814345521731871358e+01 2.054151827199120817e+00 8.217368882224936055e-02 2.299843072891235352e+00
5.400000000000000000e+01 -1.710396513645816730e-03 2.801750137378833116e+01 2.049762067999197246e+00 8.941122337837789646e-02 2.419286966323852539e+00
5.500000000000000000e+01 -1.864392902340750819e-03 2.702168003480611347e+01 2.044226078205742425e+00 7.347074626044296231e-02 2.391768932342529297e+00
5.600000000000000000e+01 -1.671525970127901283e-03 2.719451727509911265e+01 2.071486241413077245e+00 8.127789749907184114e-02 2.113371610641479492e+00
5.700000000000000000e+01 -1.341645398208275415e-03 2.728199014449666038e+01 2.030183153650082506e+00 8.006328187916621208e-02 2.339211940765380859e+00
5.800000000000000000e+01 -1.097734868881872867e-03 2.687655889361699479e+01 1.938544687845503933e+00 8.173741699456145426e-02 2.099509000778198242e+00
5.900000000000000000e+01 -1.676938514340295828e-03 2.646296634131895686e+01 1.986515023982599715e+00 8.186006858603063485e-02 2.010768890380859375e+00
6.000000000000000000e+01 -1.818780077979397771e-03 2.578819433901885105e+01 1.970988663409488417e+00 8.404342746612430970e-02 2.215893507003784180e+00
6.100000000000000000e+01 -1.351421590328096087e-03 2.607686270325622147e+01 1.982602485212188181e+00 8.783390746762897994e-02 2.095154762268066406e+00
6.200000000000000000e+01 -1.314942373740842028e-03 2.556052845542205887e+01 2.022639670712981008e+00 8.373294928791673308e-02 2.224572420120239258e+00
6.300000000000000000e+01 -1.832948774749933304e-03 2.566433564068726980e+01 1.975708691419440388e+00 8.521412302875412681e-02 2.147875308990478516e+00
6.400000000000000000e+01 -9.272743339447222025e-04 2.589378866674879731e+01 1.900771168457001892e+00 9.290445941440110544e-02 2.270407199859619141e+00
6.500000000000000000e+01 -1.542903983943376845e-03 2.453776184669776583e+01 2.029062092595021127e+00 8.215931019745441322e-02 2.529592275619506836e+00
6.600000000000000000e+01 -1.456471826090065041e-03 2.467269791654889843e+01 1.957400733256893899e+00 7.741870524256533326e-02 2.225306987762451172e+00
6.700000000000000000e+01 -1.475174293947633265e-03 2.431989912584776548e+01 1.997518195232259597e+00 8.535786329266659145e-02 2.101747274398803711e+00
6.800000000000000000e+01 -1.681600436329762360e-03 2.377215263339982343e+01 1.993096156517684348e+00 8.004123399853642351e-02 2.157258749008178711e+00
6.900000000000000000e+01 -1.684911932521813115e-03 2.337695420227412058e+01 2.067083738153583816e+00 7.818146323924235475e-02 2.817032814025878906e+00
7.000000000000000000e+01 -1.739018329588333349e-03 2.369412676405552176e+01 1.984661786360209179e+00 7.695814783577736851e-02 2.215923070907592773e+00
7.100000000000000000e+01 -1.491997860323195828e-03 2.345335234003994174e+01 1.978919248605394587e+00 8.448286181227214475e-02 2.520491600036621094e+00
7.200000000000000000e+01 -1.517141555027128703e-03 2.330961353694423011e+01 2.019187543619516134e+00 7.836136120954136086e-02 2.507720470428466797e+00
7.300000000000000000e+01 -1.598723826056486046e-03 2.307094449785900281e+01 1.893655693655594829e+00 7.929978234334873755e-02 2.405168771743774414e+00
7.400000000000000000e+01 -1.422606236164758843e-03 2.288159718554075539e+01 1.964008223578644685e+00 8.285291571146791156e-02 2.222068548202514648e+00
7.500000000000000000e+01 -1.026878443287066291e-03 2.299156908662025600e+01 1.905000717287707701e+00 8.415573949515504915e-02 2.582692861557006836e+00
7.600000000000000000e+01 -1.415239421194780219e-03 2.280721686389358638e+01 1.937913372903116382e+00 8.746521517894566278e-02 2.543789863586425781e+00
7.700000000000000000e+01 -1.308517531841457736e-03 2.237206616132737125e+01 1.903231367169205157e+00 7.974681830719516917e-02 2.664765357971191406e+00
7.800000000000000000e+01 -1.360900720559055956e-03 2.217113397819030496e+01 1.917822771312430064e+00 8.504919573473221361e-02 2.559962272644042969e+00
7.900000000000000000e+01 -1.052684609776071345e-03 2.227432543597090486e+01 1.924714150365394616e+00 8.159763970266836752e-02 2.138724565505981445e+00
8.000000000000000000e+01 -8.836075931937386078e-04 2.199085600185846445e+01 1.888703885971958485e+00 7.892277840334287198e-02 2.573107719421386719e+00
8.100000000000000000e+01 -1.297862017035952831e-03 2.152820268334076559e+01 1.890130139384737173e+00 8.436783332892464071e-02 2.348609924316406250e+00
8.200000000000000000e+01 -1.281110737246494557e-03 2.158062798288436213e+01 1.852525699872703324e+00 8.511080796782714841e-02 2.284234762191772461e+00
8.300000000000000000e+01 -1.046054687949741916e-03 2.163155635158281243e+01 1.846389909639103433e+00 9.019692945062154910e-02 2.737198829650878906e+00
8.400000000000000000e+01 -1.256732482056745421e-03 2.112096149531623723e+01 1.877045796477673445e+00 8.172342468286271366e-02 2.521291255950927734e+00
8.500000000000000000e+01 -8.873887507643044795e-04 2.152556950140007785e+01 1.853024388142413548e+00 8.245590265695446064e-02 2.662589550018310547e+00
8.600000000000000000e+01 -1.066594342435592388e-03 2.099090813729019445e+01 1.836898432948480098e+00 7.697696566667698581e-02 2.912864685058593750e+00
8.700000000000000000e+01 -1.043469829701048962e-03 2.090979187814859230e+01 1.821555448097846863e+00 7.729437510949212220e-02 2.694861173629760742e+00
8.800000000000000000e+01 -1.252151099216190343e-03 2.031260507183453967e+01 1.889619681435009912e+00 8.060434890179681011e-02 2.246449470520019531e+00
8.900000000000000000e+01 -1.437495986808049343e-03 2.061180107405146344e+01 1.819967585628017526e+00 8.042294527329887921e-02 2.398984193801879883e+00
9.000000000000000000e+01 -1.213990403749338077e-03 2.012051613528008076e+01 1.857726052715676701e+00 7.963766042461531414e-02 2.566715717315673828e+00
9.100000000000000000e+01 -9.998460712751162157e-04 2.005936119800064787e+01 1.844232530495200972e+00 7.813681961079144145e-02 2.958663940429687500e+00
9.200000000000000000e+01 -1.269734128111139112e-03 1.982346338059110380e+01 1.831223996988076808e+00 7.538129806690473111e-02 2.563512325286865234e+00
9.300000000000000000e+01 -1.273094825884544569e-03 2.011425497454519018e+01 1.846051521561602238e+00 8.171008966567573639e-02 2.435428380966186523e+00
9.400000000000000000e+01 -1.075488278056736802e-03 1.978206719183620876e+01 1.823969554706799778e+00 7.967092510734215260e-02 2.481200218200683594e+00
9.500000000000000000e+01 -1.133940447401546314e-03 1.995972090790635889e+01 1.805144142045397082e+00 8.084548251044854084e-02 2.445713043212890625e+00
9.600000000000000000e+01 -1.090226056255970714e-03 1.978036414708707369e+01 1.865031709332619192e+00 8.467871404930414625e-02 2.685181617736816406e+00
9.700000000000000000e+01 -1.215002460142797962e-03 1.924003851310292390e+01 1.844959092616254903e+00 7.194937502519827000e-02 2.549326896667480469e+00
9.800000000000000000e+01 -1.000011347949524530e-03 1.899731500582551291e+01 1.817302669117276226e+00 7.625807274046546291e-02 2.738165140151977539e+00
9.900000000000000000e+01 -1.081579244968013803e-03 1.909621755170011781e+01 1.719963186558346457e+00 8.841453796169104762e-02 2.853803634643554688e+00
