2.000000000000000000e+00 9.765595819151601546e-04 3.163129515079371572e+02 1.540946027381337124e+00 2.539114597004250573e-01 1.020431041717529297e+00
3.000000000000000000e+00 -5.946521985289888058e-04 1.980378766797035439e+02 2.309883175334224603e+00 1.820369320998724005e-01 1.652996063232421875e+00
4.000000000000000000e+00 -6.826262124707603660e-04 1.510010179113767208e+02 2.556133707325422222e+00 1.343737807441702237e-01 2.005084753036499023e+00
5.000000000000000000e+00 1.561048664344660115e-04 1.231792183466015729e+02 2.647511458157590702e+00 1.153128024275675567e-01 1.418136119842529297e+00
6.000000000000000000e+00 -3.406687102596562362e-05 1.092067693561328099e+02 2.510985490016035993e+00 1.204171378622111155e-01 1.525480031967163086e+00
7.000000000000000000e+00 1.276722120943163191e-04 9.519900748970768234e+01 2.600127800244405485e+00 7.314177421661549605e-02 1.821506738662719727e+00
8.000000000000000000e+00 -1.524898962502470420e-04 8.730853362515176741e+01 2.509008115792335403e+00 7.891983205322604389e-02 2.258427143096923828e+00
9.000000000000000000e+00 1.004499857051287666e-04 8.205026384816873986e+01 2.447582689547561419e+00 8.113914132826122172e-02 1.884114027023315430e+00
1.000000000000000000e+01 -4.023026613244717452e-05 7.619558124293368451e+01 2.534694697170745137e+00 7.798069745166627542e-02 2.264092922210693359e+00
1.100000000000000000e+01 -1.253443834981909921e-04 7.142515226208119827e+01 2.478304855209236823e+00 8.153958020196502843e-02 1.987448453903198242e+00
1.200000000000000000e+01 -3.133995775653498884e-04 6.631517589407991409e+01 2.456158918888801335e+00 8.626142887188643915e-02 2.772683858871459961e+00
1.300000000000000000e+01 -4.091807086339696283e-04 6.264479293008914595e+01 2.426791734841416748e+00 8.967892653927954372e-02 1.996582031250000000e+00
1.400000000000000000e+01 -9.715360883038364685e-05 5.872238846549078062e+01 2.521593680814596006e+00 8.269503979032974406e-02 2.310061454772949219e+00
1.500000000000000000e+01 1.303528677502652265e-04 5.661519933896846624e+01 2.360674527473965334e+00 8.316434804528602398e-02 1.942355155944824219e+00
1.600000000000000000e+01 -5.337911160406173810e-05 5.471276799625923815e+01 2.426466413200732752e+00 8.504519991660081102e-02 2.117612600326538086e+00
1.700000000000000000e+01 -1.258904546810436320e-04 5.160993069387505017e+01 2.498699621798561754e+00 7.529257793316999903e-02 2.360225915908813477e+00
1.800000000000000000e+01 -4.894124847716037688e-04 4.966008772767591495e+01 2.442713061084637260e+00 7.860139634178751888e-02 2.061662673950195312e+00
1.900000000000000000e+01 -3.385953381341446191e-04 4.776792668344770476e+01 2.365818365667445633e+00 8.410750594647686817e-02 1.977670192718505859e+00
2.000000000000000000e+01 -1.846916599703488625e-04 4.730888676259706926e+01 2.319056170936376393e+00 8.133904985985046521e-02 2.153481960296630859e+00
2.100000000000000000e+01 -2.731546525297541420e-04 4.466186484962231873e+01 2.351750712717167069e+00 7.748779080134464425e-02 1.987330913543701172e+00
2.200000000000000000e+01 -4.938539253179980489e-04 4.355096468158706813e+01 2.377673161969064530e+00 8.532302798961591273e-02 2.145528793334960938e+00
2.300000000000000000e+01 -4.814460535457572494e-04 4.375175900663768402e+01 2.235174556948331226e+00 8.687541120836364539e-02 2.317753791809082031e+00
2.400000000000000000e+01 -3.919896491310937976e-04 4.022492370011249108e+01 2.302021036602451165e+00 7.931567361760145929e-02 2.043545484542846680e+00
2.500000000000000000e+01 -2.329231352770898560e-04 4.009159183964991513e+01 2.312377575046112188e+00 8.081614418312615955e-02 2.145056247711181641e+00
2.600000000000000000e+01 -1.089283221232262571e-04 3.945112497241554905e+01 2.323224118684708017e+00 8.019216223260201837e-02 2.077503442764282227e+00
2.700000000000000000e+01 -5.409272400944167532e-04 3.765280027367587223e+01 2.284899906528483182e+00 8.355392842035361256e-02 1.719831705093383789e+00
2.800000000000000000e+01 -3.969860958265126289e-04 3.790072544705459023e+01 2.269334417175471241e+00 8.031456378651352646e-02 1.901734352111816406e+00
2.900000000000000000e+01 -2.815409879645819889e-04 3.609403819836143867e+01 2.320783749487833614e+00 8.054730168356909192e-02 1.805881977081298828e+00
3.000000000000000000e+01 -3.969195993221717234e-04 3.469934599605436887e+01 2.334205743929876675e+00 7.305382504386392917e-02 1.802609682083129883e+00
3.100000000000000000e+01 -2.766941033137528070e-04 3.407595372525938870e+01 2.343336624555078185e+00 7.712346496579740307e-02 2.457431554794311523e+00
3.200000000000000000e+01 -2.189002844132981781e-04 3.429747378611020991e+01 2.248944979525670185e+00 8.758249418111603568e-02 2.127418518066406250e+00
3.300000000000000000e+01 -3.132117823061975580e-04 3.378763844183458787e+01 2.212164605096624825e+00 7.577303879474309167e-02 2.403110980987548828e+00
3.400000000000000000e+01 -1.704792707390071871e-04 3.286798683216547090e+01 2.281373671980627460e+00 7.952649866499005016e-02 1.812713623046875000e+00
3.500000000000000000e+01 -2.254840653174507463e-04 3.203839825608893221e+01 2.330782048520094740e+00 7.721627896411972780e-02 2.121263980865478516e+00
3.600000000000000000e+01 -2.654024555642716678e-04 3.179014013561626584e+01 2.227645640290427664e+00 8.208968746667665017e-02 2.026794910430908203e+00
3.700000000000000000e+01 -4.956055313869765040e-04 3.132319866649811146e+01 2.263934197401412884e+00 8.603461925492131290e-02 1.970961332321166992e+00
3.800000000000000000e+01 -3.611565643208289539e-04 2.989519236148368719e+01 2.234106584384278893e+00 7.205730217674818916e-02 1.972836971282958984e+00
3.900000000000000000e+01 -4.628096146729735513e-04 2.917794986573865401e+01 2.242856204404961584e+00 7.715222933959713092e-02 2.191745281219482422e+00
4.000000000000000000e+01 -2.434911196825241759e-04 2.941157185116508188e+01 2.267408172005654698e+00 7.991716939028792321e-02 1.958965778350830078e+00
4.100000000000000000e+01 -3.174459446540887518e-04 2.899810275769995727e+01 2.253274049555068270e+00 8.175665127285174083e-02 2.124314069747924805e+00
4.200000000000000000e+01 -3.034369309550665893e-04 2.861027306804211889e+01 2.257365997998486584e+00 7.516285825411835042e-02 2.141418457031250000e+00
4.300000000000000000e+01 -3.738134673656979211e-04 2.798344054597455255e+01 2.231366340374526747e+00 8.134577487283166375e-02 1.938311576843261719e+00
4.400000000000000000e+01 -3.681519206590252460e-04 2.777289739818897729e+01 2.212341310844818221e+00 7.753636764686083760e-02 2.150680065155029297e+00
4.500000000000000000e+01 -2.326391439638564405e-04 2.712528775018389737e+01 2.161108405990019854e+00 7.845954579588443334e-02 2.027548313140869141e+00
4.600000000000000000e+01 -2.953046896521992030e-04 2.667924566226482241e+01 2.221254389202930390e+00 8.087505355980854904e-02 2.296085357666015625e+00
4.700000000000000000e+01 -4.469370176220717234e-04 2.610220668286691392e+01 2.226926380226964319e+00 8.045280447650239586e-02 2.019521236419677734e+00
4.800000000000000000e+01 -4.638839472346556253e-04 2.570157456159507703e+01 2.258506286994920398e+00 7.949450590553357177e-02 1.875140905380249023e+00
4.900000000000000000e+01 -2.989685290435859454e-04 2.552096055411769626e+01 2.189647872268491113e+00 8.108920651125940682e-02 2.051165342330932617e+00
5.000000000000000000e+01 -5.540023977915763164e-04 2.516969029738611852e+01 2.102385094830725443e+00 8.147720580560779968e-02 2.055689096450805664e+00
5.100000000000000000e+01 -3.682735737792803979e-04 2.492588573002208818e+01 2.149217880496281818e+00 7.927404260113977974e-02 1.960089921951293945e+00
5.200000000000000000e+01 -4.397002793925116303e-04 2.507979844896077992e+01 2.068465778301896485e+00 8.354259359181898104e-02 2.210995197296142578e+00
5.300000000000000000e+01 -4.138281651811834380e-04 2.450128997919755491e+01 2.120588138021423319e+00 8.168185850291909134e-02 1.949969291687011719e+00
5.400000000000000000e+01 -4.121894666820934486e-04 2.365287151642482755e+01 2.173870726462343139e+00 7.536826412558032817e-02 2.258267879486083984e+00
5.500000000000000000e+01 -4.271363590794588190e-04 2.439335282300148933e+01 2.042187007501118590e+00 8.271451262280657413e-02 2.361566543579101562e+00
5.600000000000000000e+01 -5.235092372975918597e-04 2.366694565973670805e+01 2.108052823311049373e+00 8.530581673475319537e-02 2.282625675201416016e+00
5.700000000000000000e+01 -3.963727906425163340e-04 2.374596309467811395e+01 2.026224169425766330e+00 8.166673135143881490e-02 2.448504924774169922e+00
5.800000000000000000e+01 -4.331548867052788568e-04 2.283042016414898612e+01 2.106328284818388408e+00 8.684552861467641216e-02 2.307590246200561523e+00
5.900000000000000000e+01 -4.428838926344725040e-04 2.263387924157561315e+01 2.090919199902369296e+00 8.727482953831376677e-02 2.230552911758422852e+00
6.000000000000000000e+01 -3.687036713115280240e-04 2.261616460945134932e+01 2.079593758892968935e+00 8.674516707497297030e-02 2.197090148925781250e+00
6.100000000000000000e+01 -3.683071554155957126e-04 2.240333727954203269e+01 2.059186788806075974e+00 8.566141587547078384e-02 2.376375913619995117e+00
6.200000000000000000e+01 -3.671242459237465672e-04 2.207818863791321462e+01 2.051051443488407067e+00 8.713993263246423704e-02 2.013952970504760742e+00
6.300000000000000000e+01 -4.074683831411009000e-04 2.241225874037409582e+01 2.021242273521975275e+00 8.481044935606375790e-02 2.168796539306640625e+00
6.400000000000000000e+01 -3.910373436197264805e-04 2.162471557131364008e+01 2.028230561436639157e+00 8.784765693130765218e-02 2.447145938873291016e+00
6.500000000000000000e+01 -3.687422004866331283e-04 2.121112113985025260e+01 2.059658750100568092e+00 7.392151209209261997e-02 2.225089311599731445e+00
6.600000000000000000e+01 -4.251384084901161167e-04 2.096966060794093423e+01 2.044517613840324710e+00 8.820085164636289055e-02 2.213500022888183594e+00
6.700000000000000000e+01 -4.374097551240336548e-04 2.130590402286099305e+01 1.984830245182283237e+00 8.757914305396959087e-02 2.053581714630126953e+00
6.800000000000000000e+01 -4.197602231776739116e-04 2.068948680843465127e+01 2.020087584913141221e+00 8.793369754629346002e-02 1.940091609954833984e+00
6.900000000000000000e+01 -3.944318127269575563e-04 2.056045657032593610e+01 2.019471001409603783e+00 8.742962988244869227e-02 2.598310708999633789e+00
7.000000000000000000e+01 -4.173368704563194679e-04 2.042586486966466097e+01 2.009914618525591390e+00 8.766729030170385129e-02 2.324218988418579102e+00
7.100000000000000000e+01 -4.189264747790776727e-04 2.019507410133433112e+01 2.011704162222771153e+00 8.665592932892257627e-02 2.170197010040283203e+00
7.200000000000000000e+01 -3.438880258968257924e-04 2.021303071450695654e+01 2.016890794189281522e+00 8.496747915239280524e-02 2.124442100524902344e+00
7.300000000000000000e+01 -4.598413194673457564e-04 1.988065548952434369e+01 1.981361147627102470e+00 8.895568871656363286e-02 2.239337921142578125e+00
7.400000000000000000e+01 -4.477277388588072303e-04 1.962006302549126957e+01 1.979482980098444145e+00 8.765047779994922239e-02 2.321886062622070312e+00
7.500000000000000000e+01 -4.226648987166356205e-04 1.953672473594555825e+01 1.968181138871643698e+00 8.900761069254550795e-02 2.190483093261718750e+00
7.600000000000000000e+01 -4.610356922269223147e-04 1.975354030622526125e+01 1.947847326787566002e+00 8.398481299717282245e-02 2.558591127395629883e+00
7.700000000000000000e+01 -4.064403764216748005e-04 1.925997052682928867e+01 1.960650240957870771e+00 8.940977363373606157e-02 2.206654071807861328e+00
7.800000000000000000e+01 -4.326993428862838044e-04 1.912932369744641647e+01 1.949411650043820110e+00 9.004484604212634191e-02 2.416046142578125000e+00
7.900000000000000000e+01 -4.401298123936923977e-04 1.894087416422166470e+01 1.952108385294252013e+00 8.943071310008474106e-02 2.469167232513427734e+00
8.000000000000000000e+01 -4.256912725424361163e-04 1.869526298155856381e+01 1.933025243788677683e+00 8.669063028964453521e-02 2.582386970520019531e+00
8.100000000000000000e+01 -4.463993087251485201e-04 1.887054106305298262e+01 1.898313748566192949e+00 8.690512509117322149e-02 2.146446704864501953e+00
8.200000000000000000e+01 -3.737148005750995199e-04 1.845111944321397601e+01 1.932674933191794509e+00 8.573929323493151289e-02 2.171468257904052734e+00
8.300000000000000000e+01 -3.629368428245833005e-04 1.829461769004978322e+01 1.935396926214255853e+00 8.512066773573660761e-02 2.514431953430175781e+00
8.400000000000000000e+01 -3.375645666143912526e-04 1.811837536828700834e+01 1.928513026924469909e+00 8.408521111610987864e-02 2.305241823196411133e+00
8.500000000000000000e+01 -3.330564576380602368e-04 1.796849506949795128e+01 1.917156013572945739e+00 8.508394621403519986e-02 2.273137092590332031e+00
8.600000000000000000e+01 -4.982747768969319254e-04 1.802484354900321151e+01 1.863378867339792855e+00 9.167334118632416984e-02 2.529757261276245117e+00
8.700000000000000000e+01 -3.347017423177964983e-04 1.776294080637025630e+01 1.908869453514540737e+00 8.497948748228768834e-02 2.404304027557373047e+00
8.800000000000000000e+01 -3.353811333916966071e-04 1.764718375661360383e+01 1.896066225016680651e+00 8.599405664462099474e-02 2.504594564437866211e+00
8.900000000000000000e+01 -3.495843565891046043e-04 1.755851800352692038e+01 1.879002397486203568e+00 8.700170557613010058e-02 2.537188768386840820e+00
9.000000000000000000e+01 -3.580650361167886180e-04 1.742792279998995753e+01 1.874316478520366536e+00 8.783780504779764575e-02 2.459149837493896484e+00
9.100000000000000000e+01 -3.603787094254089457e-04 1.731912944074304050e+01 1.864273084850101014e+00 8.810337897799569440e-02 2.368409395217895508e+00
9.200000000000000000e+01 -3.866233040771365728e-04 1.726430201134398601e+01 1.860077262935939224e+00 8.792809420612295035e-02 2.573204517364501953e+00
9.300000000000000000e+01 -3.991283617136939950e-04 1.719144612437048991e+01 1.847290864347800099e+00 8.881605992876150102e-02 2.525261163711547852e+00
9.400000000000000000e+01 -4.104738961168274557e-04 1.704775591806526336e+01 1.830900400855055565e+00 8.866901589962186692e-02 2.357961654663085938e+00
9.500000000000000000e+01 -4.156689035385565875e-04 1.692472265306214041e+01 1.825666177130375711e+00 8.927425745640558963e-02 2.677082061767578125e+00
9.600000000000000000e+01 -4.016512195231828285e-04 1.678381512308315848e+01 1.821653964001304082e+00 8.927173620638390039e-02 3.020347595214843750e+00
9.700000000000000000e+01 -4.176000985049790350e-04 1.672184009418731421e+01 1.805335690831848527e+00 9.050792867497518823e-02 2.405246019363403320e+00
9.800000000000000000e+01 -4.084949019457296063e-04 1.669724924926702769e+01 1.796784366671222211e+00 9.142384809450444794e-02 2.693732738494873047e+00
9.900000000000000000e+01 -4.203468111890091836e-04 1.656381655888312210e+01 1.782449108355499412e+00 9.126806757544392301e-02 2.659482717514038086e+00
