2.000000000000000000e+00 1.603661190986784002e-02 1.464360163301296041e+02 7.843111077195071834e-01 8.483724524950601031e-01 3.636140823364257812e-01
3.000000000000000000e+00 1.656841963180155294e-02 1.461226024943267987e+02 1.063672566893591798e+00 3.540317724686372625e-01 5.491425991058349609e-01
4.000000000000000000e+00 1.411100326930768770e-02 1.856448854604630299e+02 7.484146435131611153e-01 5.397407661571982374e-01 4.616682529449462891e-01
5.000000000000000000e+00 -3.663130113400561629e-03 2.535951444047753967e+02 5.598205406940029993e-01 5.427501326790690195e-01 4.857654571533203125e-01
6.000000000000000000e+00 -5.588247307084622450e-04 3.243365215132399157e+02 5.294030138497415328e-01 5.437523712574584556e-01 4.421370029449462891e-01
7.000000000000000000e+00 -4.094290762801450038e-03 3.320985457135051888e+02 4.528712363418189724e-01 5.425751559321119188e-01 4.086182117462158203e-01
8.000000000000000000e+00 -2.071138019598493113e-03 3.115099875756712891e+02 7.665229589008550892e-01 4.696227674045649336e-01 5.732758045196533203e-01
9.000000000000000000e+00 -3.125891433018395771e-04 3.863643820274538143e+02 7.542076617491232371e-01 4.946709858682585281e-01 5.884711742401123047e-01
1.000000000000000000e+01 -1.504053680253600181e-03 3.641655976672172983e+02 6.782620992192389675e-01 4.914873345067700128e-01 6.716048717498779297e-01
1.100000000000000000e+01 -4.016825313239824721e-04 3.796674874790120953e+02 6.720500844954012676e-01 4.811610947486478218e-01 7.448756694793701172e-01
1.200000000000000000e+01 -1.814568534980545180e-04 3.949238928126197834e+02 5.703120950904266850e-01 4.732283976387949842e-01 7.817423343658447266e-01
1.300000000000000000e+01 3.528906510769141340e-04 3.912524678159397808e+02 7.656918851019711703e-01 3.838167294134247065e-01 8.447794914245605469e-01
1.400000000000000000e+01 1.022437893028149865e-03 4.005668140529723473e+02 7.269344673253972378e-01 2.747573699572550265e-01 7.252554893493652344e-01
1.500000000000000000e+01 1.059874568518911347e-03 4.469592506520757524e+02 7.232331037057302403e-01 2.940059372472226817e-01 7.657847404479980469e-01
1.600000000000000000e+01 1.586460848955116966e-03 4.471848890044385598e+02 7.776259857149013799e-01 2.816717012763056971e-01 8.595232963562011719e-01
1.700000000000000000e+01 1.368231278075117321e-03 4.512639235025512789e+02 7.848432165186518539e-01 2.702668942520449202e-01 8.315560817718505859e-01
1.800000000000000000e+01 1.530810907939995826e-03 4.381372181690350658e+02 7.935634334162596781e-01 2.726318626079329288e-01 8.728795051574707031e-01
1.900000000000000000e+01 1.732084484087212644e-03 4.661546584607156092e+02 7.461488161159111066e-01 2.878128707068454140e-01 9.404039382934570312e-01
2.000000000000000000e+01 1.663080216604544137e-03 4.175093446941797879e+02 7.918674190566084015e-01 2.697318431403769035e-01 9.246180057525634766e-01
2.100000000000000000e+01 2.250935795604617259e-03 4.289540945327173631e+02 7.987978442369917387e-01 2.678567022740384607e-01 9.260294437408447266e-01
2.200000000000000000e+01 1.984915847216437053e-03 4.172304633746603599e+02 9.275012483100155691e-01 2.243165064091676986e-01 9.232542514801025391e-01
2.300000000000000000e+01 2.247450924907874042e-03 4.298591770646070813e+02 8.643960002683677146e-01 2.518340487027256325e-01 8.654673099517822266e-01
2.400000000000000000e+01 2.327868844720500877e-03 4.418290136501644270e+02 8.410620225655117688e-01 2.680749922855854561e-01 1.022468328475952148e+00
2.500000000000000000e+01 2.230579034866663271e-03 4.286758133936487525e+02 8.600041300145457868e-01 2.544925066581878448e-01 1.062537193298339844e+00
2.600000000000000000e+01 2.171157717569894077e-03 4.284751025505276516e+02 8.931297792214146769e-01 2.352793343293562434e-01 1.008773326873779297e+00
2.700000000000000000e+01 2.250878959286325282e-03 4.191132061025141979e+02 9.272752576195595342e-01 2.352882563047490883e-01 9.440128803253173828e-01
2.800000000000000000e+01 2.142252864132050943e-03 4.082262131998381847e+02 9.134949283589587354e-01 2.499148897309747264e-01 1.002439498901367188e+00
2.900000000000000000e+01 2.239214690955473614e-03 4.087341256216999454e+02 9.137160577111597126e-01 2.295292637910407718e-01 9.522771835327148438e-01
3.000000000000000000e+01 2.221180593230276650e-03 3.946037660500312541e+02 1.085954787351435025e+00 2.118417163447200713e-01 9.225695133209228516e-01
3.100000000000000000e+01 2.289704108742136868e-03 4.170230715758077054e+02 9.679019291129020708e-01 2.360551400521120613e-01 1.127253293991088867e+00
3.200000000000000000e+01 2.260018962154340498e-03 4.000529696033042910e+02 9.361387465596839874e-01 2.381021692811982060e-01 1.128643512725830078e+00
3.300000000000000000e+01 2.222563985757591756e-03 3.944304422406104891e+02 1.043614714181323455e+00 2.079011225437594201e-01 1.033638000488281250e+00
3.400000000000000000e+01 2.301050444318275979e-03 3.822143404666222182e+02 1.024583407476868935e+00 1.963838276733630983e-01 1.067951679229736328e+00
3.500000000000000000e+01 2.279730292701131773e-03 3.896874240052598566e+02 1.023669914760464428e+00 1.984319278239447260e-01 1.031790494918823242e+00
3.600000000000000000e+01 2.188821052786689165e-03 3.915354911937450879e+02 9.908135308686006892e-01 2.130058931073775530e-01 1.069807529449462891e+00
3.700000000000000000e+01 2.223860127436022918e-03 3.857060816551542644e+02 1.041623905420919316e+00 2.032953169150994721e-01 9.553289413452148438e-01
3.800000000000000000e+01 2.258394176862458212e-03 3.747122873744688718e+02 1.036943734366358338e+00 2.041119962647851283e-01 1.099386930465698242e+00
3.900000000000000000e+01 2.238995193025214003e-03 3.883498352108250060e+02 9.823873196771331084e-01 2.063930907460503894e-01 1.233046293258666992e+00
4.000000000000000000e+01 2.224373476334154821e-03 3.692899999170449519e+02 1.079060550444465694e+00 2.015536304927805777e-01 1.239820957183837891e+00
4.100000000000000000e+01 2.192779573860380825e-03 3.797659944238967569e+02 9.862409843690743694e-01 1.976860026026886763e-01 1.064459323883056641e+00
4.200000000000000000e+01 2.151574639925345200e-03 3.728763828680677648e+02 1.014991053262946252e+00 2.026007974956408331e-01 1.121935606002807617e+00
4.300000000000000000e+01 2.097750496909921419e-03 3.888357976275644319e+02 9.593356661464180757e-01 2.145135031129735692e-01 1.199016094207763672e+00
4.400000000000000000e+01 2.073560651411507968e-03 3.601569838577366340e+02 1.098023302364814269e+00 1.815627789063837538e-01 1.139304637908935547e+00
4.500000000000000000e+01 2.134237079644774049e-03 3.594576979675341022e+02 1.009799211203421976e+00 1.880586698188972949e-01 1.254125833511352539e+00
4.600000000000000000e+01 2.030223519193798468e-03 3.629811856609728693e+02 1.031174175583004393e+00 1.895513640136334277e-01 1.182723045349121094e+00
4.700000000000000000e+01 2.126979692372934355e-03 3.519992650981425300e+02 1.109401036207258384e+00 1.895597547381903114e-01 1.025317907333374023e+00
4.800000000000000000e+01 2.029293468878885526e-03 3.651516405647829515e+02 9.938143583382587076e-01 1.899982692713573229e-01 1.299311399459838867e+00
4.900000000000000000e+01 1.983753876075182443e-03 3.740621221274377035e+02 1.024223365363044147e+00 2.078368922290599330e-01 1.110135078430175781e+00
5.000000000000000000e+01 1.963211804488575445e-03 3.548694048897793323e+02 9.628601803336834797e-01 1.899388081439973008e-01 1.082995653152465820e+00
5.100000000000000000e+01 1.982711497343601914e-03 3.465784283696331727e+02 1.018639466708769037e+00 1.789756298426522230e-01 1.193452119827270508e+00
5.200000000000000000e+01 1.966026877876930496e-03 3.484804580101715601e+02 1.084606867539338770e+00 1.883022129413041423e-01 1.169495105743408203e+00
5.300000000000000000e+01 1.913503947577790531e-03 3.413683510515651847e+02 1.109986850901172106e+00 1.790337917777351517e-01 1.139210224151611328e+00
5.400000000000000000e+01 1.897154090352905567e-03 3.512905807997810825e+02 9.633101428503590968e-01 2.045421498429565443e-01 1.134408473968505859e+00
5.500000000000000000e+01 1.847387853328264417e-03 3.606927307723719878e+02 1.053179568424108092e+00 1.972663743743525433e-01 1.369228124618530273e+00
5.600000000000000000e+01 1.884190326296948225e-03 3.496035355066451302e+02 1.051996528763196492e+00 1.938117149551155660e-01 1.389945507049560547e+00
5.700000000000000000e+01 1.870007353947516181e-03 3.410728167645708027e+02 9.161825508169151311e-01 1.973920372685021574e-01 1.199993848800659180e+00
5.800000000000000000e+01 1.770867632281141260e-03 3.460471255062026898e+02 1.048834384712299839e+00 1.871267944063083888e-01 1.145199060440063477e+00
5.900000000000000000e+01 1.833432199003523369e-03 3.550732641617125864e+02 1.002193104070200125e+00 1.971180419924798422e-01 1.213907718658447266e+00
6.000000000000000000e+01 1.770267887516737467e-03 3.442986995581810561e+02 9.138879435110668359e-01 1.982842259933887685e-01 1.269002914428710938e+00
6.100000000000000000e+01 1.820633096526720531e-03 3.486876870366331218e+02 9.771362165716591663e-01 1.834256572440571276e-01 1.512027740478515625e+00
6.200000000000000000e+01 1.735373290729454957e-03 3.458593656523279947e+02 1.042926809503304852e+00 1.835539061158338037e-01 1.217188596725463867e+00
6.300000000000000000e+01 1.713169223495659759e-03 3.374570900930036714e+02 9.238410706246248383e-01 1.948880385578839469e-01 1.252112388610839844e+00
6.400000000000000000e+01 1.690844613292175015e-03 3.381173075208910745e+02 1.033665951763598656e+00 1.773143456953773234e-01 1.339145898818969727e+00
6.500000000000000000e+01 1.668965221449797854e-03 3.336934141664825688e+02 9.281451912056710718e-01 1.946329357067169974e-01 1.304142475128173828e+00
6.600000000000000000e+01 1.657097847283530183e-03 3.287090249831663868e+02 9.344188159624350343e-01 1.923432502411578093e-01 1.269063472747802734e+00
6.700000000000000000e+01 1.600835806259249140e-03 3.297690415705634450e+02 1.065604616477535460e+00 1.830392266852178818e-01 1.197392225265502930e+00
6.800000000000000000e+01 1.651950567407904419e-03 3.392036159854813491e+02 1.012450654261405791e+00 1.798579777575657623e-01 1.311660051345825195e+00
6.900000000000000000e+01 1.596888531076545888e-03 3.226793982716170035e+02 9.930666454298952006e-01 1.755401688897884616e-01 1.062979221343994141e+00
7.000000000000000000e+01 1.620370117480341527e-03 3.334873770214954334e+02 9.587272573328501357e-01 1.799220805841665605e-01 1.300337076187133789e+00
7.100000000000000000e+01 1.574824636450351464e-03 3.354842413916675241e+02 1.016867076540148851e+00 1.794334670898277972e-01 1.262778043746948242e+00
7.200000000000000000e+01 1.554717070264229712e-03 3.224965514158550945e+02 9.520398001298394641e-01 1.843440159820851632e-01 1.265196561813354492e+00
7.300000000000000000e+01 1.521698682090268963e-03 3.449457553176093825e+02 9.997640128552965910e-01 1.867446648513716445e-01 1.428455114364624023e+00
7.400000000000000000e+01 1.528482415812836047e-03 3.366153794713054594e+02 9.905565621388315867e-01 1.800013467702945291e-01 1.463157176971435547e+00
7.500000000000000000e+01 1.481704689635174625e-03 3.369771363273655993e+02 9.702089986015418610e-01 1.935547116121852929e-01 1.424915313720703125e+00
7.600000000000000000e+01 1.498912281953394907e-03 3.247030766298162234e+02 9.837405962676524229e-01 1.872752077137698479e-01 1.209059953689575195e+00
7.700000000000000000e+01 1.448597798502119279e-03 3.138075124626500383e+02 9.928558447931845610e-01 1.677736824724608278e-01 1.353478431701660156e+00
7.800000000000000000e+01 1.423918857260615288e-03 3.229147559265244354e+02 1.022270694624314746e+00 1.703402904415391994e-01 1.264167785644531250e+00
7.900000000000000000e+01 1.415902227119592146e-03 3.164493895027439976e+02 9.307692266648144308e-01 1.704886209949960651e-01 1.252741813659667969e+00
8.000000000000000000e+01 1.395801312113666625e-03 3.224961636852358424e+02 9.751468994276329960e-01 1.697803961687386065e-01 1.149539709091186523e+00
8.100000000000000000e+01 1.402610054522272862e-03 3.281690006209678927e+02 9.750705141169032641e-01 1.674452109317750292e-01 1.199174642562866211e+00
8.200000000000000000e+01 1.356268236463237546e-03 3.160482795495486812e+02 9.839660588973700994e-01 1.754464545898261063e-01 1.363620042800903320e+00
8.300000000000000000e+01 1.370042213436278985e-03 3.127868992643508932e+02 9.751814470001154422e-01 1.478119003025112344e-01 1.372274875640869141e+00
8.400000000000000000e+01 1.314523871603712766e-03 3.173164834791227804e+02 1.002695861351603490e+00 1.599161144243904376e-01 1.393092393875122070e+00
8.500000000000000000e+01 1.312068037821838111e-03 3.234958443597026303e+02 9.101782730354683881e-01 1.851081682338693024e-01 1.334290266036987305e+00
8.600000000000000000e+01 1.343392557930158781e-03 3.144153907928100580e+02 9.201341132364679876e-01 1.672919020971971038e-01 1.416441440582275391e+00
8.700000000000000000e+01 1.261106689089557887e-03 3.270163098556540149e+02 8.835852494899366638e-01 1.809095415110895944e-01 1.290168762207031250e+00
8.800000000000000000e+01 1.300251018902315358e-03 3.230087068829389523e+02 9.235592095813754954e-01 1.721939723169458036e-01 1.277336597442626953e+00
8.900000000000000000e+01 1.282351275030222705e-03 3.201145192961265025e+02 9.369864100775547877e-01 1.638788202063288513e-01 1.350620031356811523e+00
9.000000000000000000e+01 1.213942807739091514e-03 3.225153562820940465e+02 9.347821409917111968e-01 1.794612296354092251e-01 1.409502506256103516e+00
9.100000000000000000e+01 1.236703700605693490e-03 3.140356910265230681e+02 9.344344921622644851e-01 1.642261455218478605e-01 1.318544626235961914e+00
9.200000000000000000e+01 1.219429008348364056e-03 3.123998291174207793e+02 9.022945215793868323e-01 1.555131238178290853e-01 1.289474725723266602e+00
9.300000000000000000e+01 1.177640161717502434e-03 3.149384179007311104e+02 9.442520509178831123e-01 1.768640592735833683e-01 1.164829492568969727e+00
9.400000000000000000e+01 1.161919232353031319e-03 3.207952557826350244e+02 8.846153363432771588e-01 1.645169051200966182e-01 1.257745504379272461e+00
9.500000000000000000e+01 1.135727742537764569e-03 3.144974432190017524e+02 9.390541491549920794e-01 1.518546541494588398e-01 1.177028417587280273e+00
9.600000000000000000e+01 1.125273615971682500e-03 3.086664291623032454e+02 9.632363385851751003e-01 1.557325404558948523e-01 1.330012559890747070e+00
9.700000000000000000e+01 1.121897135022124296e-03 3.113087422991492872e+02 8.717442149017978759e-01 1.556613216799129507e-01 1.313047170639038086e+00
9.800000000000000000e+01 1.096282270483736826e-03 3.121670320486769015e+02 8.749779866637639181e-01 1.591326147918676326e-01 1.467542648315429688e+00
9.900000000000000000e+01 1.085332817196047860e-03 3.147334595336922121e+02 8.696976794853791271e-01 1.608362518201492397e-01 1.374806642532348633e+00
