2.000000000000000000e+00 4.357029892912247376e-02 6.992544027361917642e+02 7.416053650879055326e-01 5.329456571800600395e-01 5.197546482086181641e-01
3.000000000000000000e+00 3.291507712960610454e-02 5.430459207825791736e+02 1.109071037195588527e+00 4.752172793301870923e-01 1.074200391769409180e+00
4.000000000000000000e+00 3.276532114568435350e-02 4.411002638140387262e+02 1.275750704152438075e+00 4.330968915220388404e-01 1.008114099502563477e+00
5.000000000000000000e+00 2.658427133913931345e-02 3.751360964711856241e+02 1.281972922984697894e+00 2.706906641309009265e-01 9.521541595458984375e-01
6.000000000000000000e+00 2.486204340312255651e-02 3.439073936193231589e+02 1.374520304263391779e+00 2.478943198866929987e-01 1.132945060729980469e+00
7.000000000000000000e+00 2.183148968895732775e-02 2.878426342377027254e+02 1.588561812585391086e+00 2.426656955032001906e-01 1.009462118148803711e+00
8.000000000000000000e+00 2.326527481296242900e-02 2.887222900015137839e+02 1.437605238131407726e+00 2.375125506201732073e-01 1.248631715774536133e+00
9.000000000000000000e+00 2.199619418514102767e-02 2.631201550990344913e+02 1.547078397914048331e+00 2.208608701350786296e-01 9.820885658264160156e-01
1.000000000000000000e+01 1.933069229634456349e-02 2.436308344316755665e+02 1.535384136218831852e+00 2.086899317857513203e-01 1.226811170578002930e+00
1.100000000000000000e+01 2.199424461542534223e-02 2.178266740500808112e+02 1.641307951320317260e+00 2.334482900997683075e-01 1.035579204559326172e+00
1.200000000000000000e+01 1.979435930937929397e-02 2.027555963284793279e+02 1.808715945233275724e+00 2.132377942502235724e-01 1.111394643783569336e+00
1.300000000000000000e+01 1.725587000550016237e-02 1.985007196080270262e+02 1.684173262098783708e+00 1.912654581931811371e-01 1.357221126556396484e+00
1.400000000000000000e+01 1.726037098179345614e-02 1.939028161597482267e+02 1.671706742403342716e+00 1.901076521971863664e-01 1.190815210342407227e+00
1.500000000000000000e+01 1.804507580324627228e-02 1.715922796914455546e+02 1.937027872790578309e+00 1.786938728362287010e-01 1.174220085144042969e+00
1.600000000000000000e+01 1.551519397588049277e-02 1.662008293056827881e+02 1.779555604282462289e+00 1.735111894575661895e-01 1.130044221878051758e+00
1.700000000000000000e+01 1.648341112892090510e-02 1.626459019964655397e+02 1.772537931067882377e+00 1.882997425584166662e-01 1.338203191757202148e+00
1.800000000000000000e+01 1.439013792170346258e-02 1.581065947915645040e+02 1.901379053808370800e+00 1.199293765840536707e-01 1.202577829360961914e+00
1.900000000000000000e+01 1.427185166513743331e-02 1.560854372722479013e+02 1.848456715544391171e+00 1.388012349400151724e-01 1.187035083770751953e+00
2.000000000000000000e+01 1.476971161061083754e-02 1.429255236703334333e+02 1.661203425866441652e+00 1.585797614579350368e-01 1.532094955444335938e+00
2.100000000000000000e+01 1.379856051783190200e-02 1.402620479833827289e+02 1.879371161764688436e+00 1.316323081980233511e-01 1.311315298080444336e+00
2.200000000000000000e+01 1.329391975355047675e-02 1.381373916735989837e+02 1.673941145618176085e+00 1.241264854611100338e-01 1.091809272766113281e+00
2.300000000000000000e+01 1.345340702511462795e-02 1.346185832786902381e+02 1.846496419901177521e+00 1.300996386918910896e-01 1.146774768829345703e+00
2.400000000000000000e+01 1.255927240839564175e-02 1.314752943259226470e+02 1.619767048189799441e+00 1.249114945791182651e-01 1.199921369552612305e+00
2.500000000000000000e+01 1.238084084159724041e-02 1.234028395774681144e+02 1.776974164288700475e+00 1.228254166141789921e-01 1.320864439010620117e+00
2.600000000000000000e+01 1.256467218693331327e-02 1.206325114144626838e+02 1.765871812159487853e+00 1.230575705381683760e-01 1.228918552398681641e+00
2.700000000000000000e+01 1.398914742755220757e-02 1.158017130079046240e+02 1.834807640308555143e+00 1.420261464964473475e-01 1.245276212692260742e+00
2.800000000000000000e+01 1.351640865661422365e-02 1.117864535540259538e+02 1.814761112619698080e+00 1.461807439934874886e-01 1.174633979797363281e+00
2.900000000000000000e+01 1.252587791704921905e-02 1.140268493582489953e+02 1.720400137511337801e+00 1.189252312581759730e-01 1.260886430740356445e+00
3.000000000000000000e+01 1.192171157297836417e-02 1.105434286808660005e+02 1.756814550186185375e+00 1.183330681894242675e-01 1.299169063568115234e+00
3.100000000000000000e+01 1.212217964375419954e-02 1.079473179333542561e+02 1.722744526906804019e+00 1.164208130838179645e-01 1.147399187088012695e+00
3.200000000000000000e+01 1.097415171205544729e-02 1.052282752056748620e+02 1.844141397941337468e+00 8.729308058381808622e-02 1.361333608627319336e+00
3.300000000000000000e+01 1.149008902784249761e-02 1.016792869191980060e+02 1.725586920550534753e+00 1.155267445931303788e-01 1.500654220581054688e+00
3.400000000000000000e+01 1.066578770240637908e-02 1.004535166600959002e+02 1.888376974658882101e+00 9.991830293368329785e-02 1.439470767974853516e+00
3.500000000000000000e+01 1.143541621957570517e-02 1.021120891710806404e+02 1.739540354946222722e+00 1.121237080533582092e-01 1.349585294723510742e+00
3.600000000000000000e+01 9.896350755062496840e-03 1.007778847284843806e+02 1.660389271884295193e+00 9.393029801390587186e-02 1.024181365966796875e+00
3.700000000000000000e+01 1.110009410330859564e-02 9.997267817320391714e+01 1.642886505235322536e+00 1.225725914225270080e-01 1.131472826004028320e+00
3.800000000000000000e+01 9.819425227253028576e-03 9.702121049710278555e+01 1.630908016049292808e+00 9.156597296025745236e-02 1.387561559677124023e+00
3.900000000000000000e+01 9.685666638080321980e-03 9.550298460146167656e+01 1.713745096209577934e+00 9.536404435100863386e-02 1.476796865463256836e+00
4.000000000000000000e+01 9.839641993059968991e-03 9.386855882436172749e+01 1.602522135071712484e+00 9.537128845297856983e-02 1.428024291992187500e+00
4.100000000000000000e+01 9.745273521619289905e-03 8.936652333183653241e+01 1.719840492910836183e+00 9.968952307449956141e-02 1.309351921081542969e+00
4.200000000000000000e+01 9.403215440374784739e-03 8.932516895092828690e+01 1.620917598276176763e+00 8.699867152529013048e-02 1.372470378875732422e+00
4.300000000000000000e+01 1.060067492221542472e-02 8.674990135848433681e+01 1.714214610767255786e+00 1.017991863211299419e-01 1.103848934173583984e+00
4.400000000000000000e+01 9.390182291268797665e-03 8.780980206641442010e+01 1.693809581047583501e+00 8.450281941976515998e-02 1.259267330169677734e+00
4.500000000000000000e+01 9.821740681782068980e-03 8.650185255917746474e+01 1.600602932654260346e+00 9.438493781172092867e-02 1.381414890289306641e+00
4.600000000000000000e+01 8.577590541105779495e-03 8.282179310265247807e+01 1.622158758441689441e+00 9.341369099337039350e-02 1.351574420928955078e+00
4.700000000000000000e+01 9.449459092789788336e-03 8.412108741203743989e+01 1.618862834661205063e+00 9.995910644877888107e-02 1.257897853851318359e+00
4.800000000000000000e+01 8.427398692047142689e-03 7.815443556722280505e+01 1.679366444681462456e+00 6.862486356494201800e-02 1.351116180419921875e+00
4.900000000000000000e+01 9.841172373603370924e-03 7.735572128348043464e+01 1.707315720975688400e+00 8.908985217641626764e-02 1.305713891983032227e+00
5.000000000000000000e+01 8.779829909318111539e-03 8.234698923798349313e+01 1.603219561594051434e+00 8.678926911820142309e-02 1.497427940368652344e+00
5.100000000000000000e+01 9.173620252134676370e-03 8.340856560742447812e+01 1.533011494211374393e+00 9.624324414175731979e-02 1.312640666961669922e+00
5.200000000000000000e+01 8.374455991280078254e-03 8.081226469179750893e+01 1.592202245539199090e+00 8.229055081382478931e-02 1.480757236480712891e+00
5.300000000000000000e+01 9.037740232690235839e-03 7.927136437166753069e+01 1.509975922808298732e+00 8.774373424619766326e-02 1.497543096542358398e+00
5.400000000000000000e+01 8.476247223352764357e-03 7.508011433598683482e+01 1.589993326272630902e+00 6.965185671850751548e-02 1.538382768630981445e+00
5.500000000000000000e+01 8.364941095671016985e-03 7.503530563616106974e+01 1.532858687504676132e+00 5.449282306258818737e-02 1.295665025711059570e+00
5.600000000000000000e+01 8.489928245806679583e-03 7.462178861557417520e+01 1.445778772522146038e+00 8.532418818260888160e-02 1.324029922485351562e+00
5.700000000000000000e+01 8.116894062860063874e-03 7.468609205852295929e+01 1.450306985874572741e+00 9.361739202400946869e-02 1.329112768173217773e+00
5.800000000000000000e+01 8.780970545553911863e-03 7.489473430929993469e+01 1.490442098160979834e+00 8.423248519152168323e-02 1.229981660842895508e+00
5.900000000000000000e+01 7.734997000569266389e-03 7.490092853186961008e+01 1.497072960693534682e+00 7.236773629458310986e-02 1.299921751022338867e+00
6.000000000000000000e+01 9.215833942190981148e-03 7.258293399973435100e+01 1.485258466761867346e+00 9.738358887303778799e-02 1.428989648818969727e+00
6.100000000000000000e+01 7.642026644598602474e-03 7.170641035986365353e+01 1.572703095602104861e+00 5.680000103789376031e-02 1.366892337799072266e+00
6.200000000000000000e+01 8.469096733651274023e-03 6.959287922090055645e+01 1.488083941127157139e+00 8.091126223285016739e-02 1.431925773620605469e+00
6.300000000000000000e+01 7.692693552842111079e-03 7.148366683565670598e+01 1.542818790898692338e+00 5.916832977745288547e-02 1.384836673736572266e+00
6.400000000000000000e+01 7.350628099726331036e-03 7.173599073717041108e+01 1.605702991995265005e+00 5.959179702204577683e-02 1.352783441543579102e+00
6.500000000000000000e+01 8.179519347669736429e-03 6.651240409035365531e+01 1.580239094251948861e+00 6.541662832754295553e-02 1.336091279983520508e+00
6.600000000000000000e+01 7.015118781585052629e-03 6.870415507640321096e+01 1.431751907673880053e+00 6.265711489811545687e-02 1.175107479095458984e+00
6.700000000000000000e+01 7.340817382549185387e-03 6.751681751765788420e+01 1.453112681652055427e+00 6.164535928145120636e-02 1.531586170196533203e+00
6.800000000000000000e+01 6.785991842958040941e-03 6.535985201903248765e+01 1.397343056875931966e+00 5.421469325408630885e-02 1.341529607772827148e+00
6.900000000000000000e+01 7.241518622783064442e-03 6.761082451867248722e+01 1.396879851873829903e+00 7.406041490679193817e-02 1.510750293731689453e+00
7.000000000000000000e+01 6.950238385733486027e-03 6.659130347019781482e+01 1.464505068198300508e+00 6.814566231267653318e-02 1.416614294052124023e+00
7.100000000000000000e+01 7.467153694841342261e-03 6.610288563510930260e+01 1.400677363065288228e+00 7.898765156914468177e-02 1.329041719436645508e+00
7.200000000000000000e+01 7.144827511412340723e-03 6.367387256340024493e+01 1.471192988608382990e+00 5.067926391957041504e-02 1.573468446731567383e+00
7.300000000000000000e+01 7.136749492303456205e-03 6.360087306692838638e+01 1.352019656845776963e+00 6.199346038661694008e-02 1.463459253311157227e+00
7.400000000000000000e+01 6.589035607079003418e-03 6.344951571706982918e+01 1.483924998008267826e+00 5.573302492350969833e-02 1.503336668014526367e+00
7.500000000000000000e+01 7.491631223489286437e-03 6.468031287891085412e+01 1.382852631305904412e+00 9.033466904210257775e-02 1.617819309234619141e+00
7.600000000000000000e+01 7.449276477433632027e-03 6.141486060453782159e+01 1.408597954816400266e+00 6.550269066723239664e-02 1.543469667434692383e+00
7.700000000000000000e+01 7.134843447850705393e-03 6.101697398922178905e+01 1.497437030457217766e+00 4.614269517526753406e-02 1.497064113616943359e+00
7.800000000000000000e+01 7.053389947272627712e-03 6.107326609801847184e+01 1.362244786212723824e+00 6.733041899807022668e-02 1.947439432144165039e+00
7.900000000000000000e+01 7.097483551753690396e-03 5.839380393109136946e+01 1.419263475707757571e+00 3.727587717446937537e-02 1.562390089035034180e+00
8.000000000000000000e+01 6.251526717318504379e-03 5.967005376441893105e+01 1.343584084865100392e+00 4.501280094689547040e-02 1.261668682098388672e+00
8.100000000000000000e+01 6.693769565990922120e-03 6.214393625784379793e+01 1.445562475996380769e+00 5.169392874231380081e-02 1.733964443206787109e+00
8.200000000000000000e+01 7.111581251269909025e-03 6.042488394470871782e+01 1.294098992366367717e+00 8.339579187145278183e-02 1.497505426406860352e+00
8.300000000000000000e+01 6.688926150377957902e-03 6.131177771362134621e+01 1.397483218191912346e+00 4.151722780208782354e-02 1.647285699844360352e+00
8.400000000000000000e+01 6.772367208984571459e-03 5.959887088279702994e+01 1.344366416878957082e+00 5.260644607598706501e-02 1.538013458251953125e+00
8.500000000000000000e+01 6.421876402567882648e-03 6.006036012875078001e+01 1.385135064011996153e+00 6.302956603818633818e-02 1.565836906433105469e+00
8.600000000000000000e+01 7.028336792513412146e-03 5.832107718482755132e+01 1.262355911427865296e+00 5.723274991927719546e-02 1.530018091201782227e+00
8.700000000000000000e+01 6.103203026059201425e-03 5.771822683950949084e+01 1.388906142336226557e+00 3.561598490648753418e-02 1.432214260101318359e+00
8.800000000000000000e+01 6.150046848385314416e-03 5.670567193623151070e+01 1.315472522435586322e+00 4.381776716302655805e-02 1.309383392333984375e+00
8.900000000000000000e+01 6.053631403120799184e-03 5.722674451020029807e+01 1.409880268695356653e+00 4.196013722616139668e-02 1.409813404083251953e+00
9.000000000000000000e+01 6.420496924126614137e-03 5.609901919820531901e+01 1.323673134237870030e+00 4.497258597153630522e-02 1.440804243087768555e+00
9.100000000000000000e+01 5.979153522398094472e-03 5.570723355840788571e+01 1.390894621511435725e+00 4.271265707893117519e-02 1.556587696075439453e+00
9.200000000000000000e+01 6.065964024894622900e-03 5.554509674144588871e+01 1.301994147195575158e+00 4.135475363275666061e-02 1.670265674591064453e+00
9.300000000000000000e+01 6.370891918604365371e-03 5.614752293342107947e+01 1.283059949817626721e+00 4.885963543517923835e-02 1.690304517745971680e+00
9.400000000000000000e+01 6.117612870435456054e-03 5.745251556263409753e+01 1.279524131063271453e+00 4.928968634530180720e-02 1.911945104598999023e+00
9.500000000000000000e+01 6.220406744775824719e-03 5.580466618310903471e+01 1.254967188369951803e+00 4.982566187801168445e-02 1.664812326431274414e+00
9.600000000000000000e+01 6.368510401382938141e-03 5.544326060562963221e+01 1.248868509993087406e+00 5.430073120855553881e-02 1.866667270660400391e+00
9.700000000000000000e+01 5.511984276554082740e-03 5.620026680538688169e+01 1.258145763799373595e+00 4.918884097068182415e-02 1.578350305557250977e+00
9.800000000000000000e+01 5.811590864720265169e-03 5.567275923033491836e+01 1.323686013667034533e+00 4.270645588025897416e-02 1.568108320236206055e+00
9.900000000000000000e+01 6.395542662058808538e-03 5.337756795127270948e+01 1.297139472656092529e+00 4.696909668225710682e-02 1.689054012298583984e+00
