2.000000000000000000e+00 3.929531073152316839e-02 5.832279083113734259e+02 1.009168951624982880e+00 4.124303952229150250e-01 9.954724311828613281e-01
3.000000000000000000e+00 3.329540743359566540e-02 4.345256458879630372e+02 1.200182374546032937e+00 4.007542226978618727e-01 1.637421846389770508e+00
4.000000000000000000e+00 3.588344227814239951e-02 3.638562212441603947e+02 1.211547871549031985e+00 4.016669333843156942e-01 2.118633031845092773e+00
5.000000000000000000e+00 1.823363922222124081e-02 3.223768182879408641e+02 1.350092696034473683e+00 3.472844216332771627e-01 1.752950429916381836e+00
6.000000000000000000e+00 1.777391547596110163e-02 2.902932548522340426e+02 1.333270237339384545e+00 3.095681682295113868e-01 1.680479764938354492e+00
7.000000000000000000e+00 1.929400714839474978e-02 2.672430343346690620e+02 1.318187872102551506e+00 3.015153368054069860e-01 1.537322998046875000e+00
8.000000000000000000e+00 1.613824946050249759e-02 2.675811133535693784e+02 1.286124476621440582e+00 2.676532781338104017e-01 1.891815900802612305e+00
9.000000000000000000e+00 7.636435084233387204e-03 2.601581153742425840e+02 1.205648101373010483e+00 2.718571555002879392e-01 1.789286613464355469e+00
1.000000000000000000e+01 7.235893788117047504e-03 2.345158332616434507e+02 1.188326272427222774e+00 2.733152089446831967e-01 2.529417753219604492e+00
1.100000000000000000e+01 6.763095684560800624e-03 2.318608618342013870e+02 1.210572643952370520e+00 2.602452304190097099e-01 2.246481180191040039e+00
1.200000000000000000e+01 6.215897067222401866e-03 2.236120954233113878e+02 1.254058940055336357e+00 1.796090536170348306e-01 2.206552028656005859e+00
1.300000000000000000e+01 7.038471452502010825e-03 2.156448480536006116e+02 1.312947246140470758e+00 1.717449819443835068e-01 2.204803705215454102e+00
1.400000000000000000e+01 7.812500354376406692e-03 2.030524458446590472e+02 1.411070517446961992e+00 1.632429667374014071e-01 2.033924579620361328e+00
1.500000000000000000e+01 7.012876912842052300e-03 1.960440797711871710e+02 1.384862352735573010e+00 1.856796570621254694e-01 1.927979230880737305e+00
1.600000000000000000e+01 7.136477324055599640e-03 1.840537394897868353e+02 1.471729520017486248e+00 1.813978667120535460e-01 1.766338348388671875e+00
1.700000000000000000e+01 7.350025761980538176e-03 1.746802014960883298e+02 1.484273436561031279e+00 1.731234079478494448e-01 1.986639976501464844e+00
1.800000000000000000e+01 7.394942713559612274e-03 1.660905614843714204e+02 1.603653133289657973e+00 1.719449554926539558e-01 2.188376426696777344e+00
1.900000000000000000e+01 7.659050590120861611e-03 1.590123801837131623e+02 1.618744005523838236e+00 1.671431633653639726e-01 2.198056936264038086e+00
2.000000000000000000e+01 8.262146499314275416e-03 1.551835951165937217e+02 1.753618624596919862e+00 1.565116393819978580e-01 2.017436265945434570e+00
2.100000000000000000e+01 7.514668051795941189e-03 1.536773717198229861e+02 1.660461273550466688e+00 1.601650987762482103e-01 1.963333606719970703e+00
2.200000000000000000e+01 6.477879925592929314e-03 1.496828986988113854e+02 1.556610300547482728e+00 1.481253137534740416e-01 2.112670660018920898e+00
2.300000000000000000e+01 8.314960104883598047e-03 1.430068619133171239e+02 1.551443447276065868e+00 1.406326693054325561e-01 2.050773859024047852e+00
2.400000000000000000e+01 8.485532981035269137e-03 1.383082463703548228e+02 1.594384357095862681e+00 1.379114888667168914e-01 1.978075027465820312e+00
2.500000000000000000e+01 8.005088847115090361e-03 1.338896830267972291e+02 1.645522939857659406e+00 1.386395729253118159e-01 2.263845443725585938e+00
2.600000000000000000e+01 8.017378167123750954e-03 1.303085282627515085e+02 1.648966885081237566e+00 1.336735898862876359e-01 1.982003688812255859e+00
2.700000000000000000e+01 8.191023972334145892e-03 1.268897342566854718e+02 1.686844802048569125e+00 1.326609521163106542e-01 2.346302509307861328e+00
2.800000000000000000e+01 8.210704355041785127e-03 1.237259746222082697e+02 1.772017920179295603e+00 1.289773136732944026e-01 1.952341079711914062e+00
2.900000000000000000e+01 6.742784798163782393e-03 1.231667575836070370e+02 1.765016925279050408e+00 1.151260835383005471e-01 1.957896947860717773e+00
3.000000000000000000e+01 6.678059179546342282e-03 1.178786747617709949e+02 1.649452047503823682e+00 1.164708051477878620e-01 2.106207370758056641e+00
3.100000000000000000e+01 6.542390934580880925e-03 1.215529164829785884e+02 1.682279666551183439e+00 1.286596527713977367e-01 2.191865682601928711e+00
3.200000000000000000e+01 6.129999173402145632e-03 1.152533754762994676e+02 1.441419961209371436e+00 1.469660141345041915e-01 2.212034702301025391e+00
3.300000000000000000e+01 5.102135566029082810e-03 1.119732503766868348e+02 1.649707868196982785e+00 1.256040871992705199e-01 2.303286552429199219e+00
3.400000000000000000e+01 6.287535450528515882e-03 1.097086180675696170e+02 1.650384799497846888e+00 1.213057021502006727e-01 2.165592432022094727e+00
3.500000000000000000e+01 6.500134546800334472e-03 1.046238752339811811e+02 1.643840073688263681e+00 9.734640938841637725e-02 2.262812376022338867e+00
3.600000000000000000e+01 6.465102860261888115e-03 1.063738449066492819e+02 1.689457307943057707e+00 1.246690000271750559e-01 2.315220355987548828e+00
3.700000000000000000e+01 5.382802777703655714e-03 1.075800892981364001e+02 1.555615990890673928e+00 1.222521245241668386e-01 2.764995336532592773e+00
3.800000000000000000e+01 5.262662089752853135e-03 1.063890461768914122e+02 1.607878251518701784e+00 1.077693188876309993e-01 2.420465230941772461e+00
3.900000000000000000e+01 5.747208069107991209e-03 1.041769839651323224e+02 1.697045208330774102e+00 1.177108748798825905e-01 2.419754505157470703e+00
4.000000000000000000e+01 5.185609397690870565e-03 1.011770802064460497e+02 1.631843869936719926e+00 1.091310624974380084e-01 2.229526042938232422e+00
4.100000000000000000e+01 4.314960321607175416e-03 9.766762301447424477e+01 1.769725108984168349e+00 7.684935709738585641e-02 2.802843809127807617e+00
4.200000000000000000e+01 6.286772973099988976e-03 9.556775771156547705e+01 1.690494209346700805e+00 1.201850718272182844e-01 2.165035724639892578e+00
4.300000000000000000e+01 4.935152868085517473e-03 9.568462860999228781e+01 1.542464374730428744e+00 1.137275921291718145e-01 2.044523477554321289e+00
4.400000000000000000e+01 5.946463675245789761e-03 9.206131669256667749e+01 1.766381372562672247e+00 1.087166885215496842e-01 2.586001873016357422e+00
4.500000000000000000e+01 4.652453220705368014e-03 9.510338789598328901e+01 1.555491367381093504e+00 1.060429326636356806e-01 2.487857103347778320e+00
4.600000000000000000e+01 5.291529952384139979e-03 9.195271426715977725e+01 1.596494200796998442e+00 9.462801755258863634e-02 2.282306909561157227e+00
4.700000000000000000e+01 4.872016417210965275e-03 9.221799438569779284e+01 1.589953941073023236e+00 1.129420288433528041e-01 2.367932081222534180e+00
4.800000000000000000e+01 4.841551088725119627e-03 9.097890351333049352e+01 1.559270226256972203e+00 8.943856980853072403e-02 2.075151205062866211e+00
4.900000000000000000e+01 5.075866267230383713e-03 8.731156026128577707e+01 1.672637794566503633e+00 1.069874283650800728e-01 2.231257677078247070e+00
5.000000000000000000e+01 5.974472373618302731e-03 8.774620863765515821e+01 1.599817917376233467e+00 1.192925047381121623e-01 2.358480691909790039e+00
5.100000000000000000e+01 5.232574555310768975e-03 8.644243681017101721e+01 1.605918523269983300e+00 1.123741914138050579e-01 2.235958576202392578e+00
5.200000000000000000e+01 5.024850491028554599e-03 8.609315827260867593e+01 1.582853062262454591e+00 9.133331325604823747e-02 2.562601089477539062e+00
5.300000000000000000e+01 4.779132688943134484e-03 8.489896204803353896e+01 1.617675968041199397e+00 8.794633024099723917e-02 2.427976608276367188e+00
5.400000000000000000e+01 4.779608968970922023e-03 8.277907903509982646e+01 1.587979165970113238e+00 8.183664093333506417e-02 2.497514486312866211e+00
5.500000000000000000e+01 5.419754078201830146e-03 8.600886916601109533e+01 1.561558397724892799e+00 9.748208130347550682e-02 2.349027156829833984e+00
5.600000000000000000e+01 4.830258571451251370e-03 8.336381412523567747e+01 1.544762090772315188e+00 1.039459000554904811e-01 2.707521677017211914e+00
5.700000000000000000e+01 4.989801960784125308e-03 8.187357714029312206e+01 1.477176479925423225e+00 8.943437985281141311e-02 1.827303886413574219e+00
5.800000000000000000e+01 5.001169198644833842e-03 8.125720774067744401e+01 1.571596390649544484e+00 8.593264182641945081e-02 2.304258108139038086e+00
5.900000000000000000e+01 5.131647153034902924e-03 8.047231727133065249e+01 1.624205546476921391e+00 9.277307883213577189e-02 2.041238546371459961e+00
6.000000000000000000e+01 4.749528770803335478e-03 8.020186404770723243e+01 1.467298743747833978e+00 8.569974270266875194e-02 2.247739791870117188e+00
6.100000000000000000e+01 4.966670047302883251e-03 7.801539632001288282e+01 1.602329152503535248e+00 9.397832433281171072e-02 2.283399343490600586e+00
6.200000000000000000e+01 4.829951461758866249e-03 7.823151520112412527e+01 1.471972123823525491e+00 1.148280037181562130e-01 2.014121770858764648e+00
6.300000000000000000e+01 5.012920811229920615e-03 7.750027029933673361e+01 1.532615334943766117e+00 9.758404593409183980e-02 2.259907007217407227e+00
6.400000000000000000e+01 4.911448735193558492e-03 7.586639429259076906e+01 1.513659552820192378e+00 8.465606644663384306e-02 1.986335515975952148e+00
6.500000000000000000e+01 4.823672039969865294e-03 7.713819347905607060e+01 1.517185222717134963e+00 1.005572829828350612e-01 2.147178649902343750e+00
6.600000000000000000e+01 4.719250980794840664e-03 7.436235450805676805e+01 1.582197557333116400e+00 8.896542053709682873e-02 2.366477489471435547e+00
6.700000000000000000e+01 5.378136935243671944e-03 7.241137423223645442e+01 1.679394006561274910e+00 8.850840977082248540e-02 2.540425300598144531e+00
6.800000000000000000e+01 4.352202931305213830e-03 7.254047727737528817e+01 1.649641399638954953e+00 6.455530784781869647e-02 2.234744787216186523e+00
6.900000000000000000e+01 4.501300858454120035e-03 7.376618312888760443e+01 1.492480315101940125e+00 7.581962303684895710e-02 2.244695663452148438e+00
7.000000000000000000e+01 4.843051159445352881e-03 7.181794394112159807e+01 1.418137683889566514e+00 8.457627327510437720e-02 2.129674196243286133e+00
7.100000000000000000e+01 5.146724789293598452e-03 7.269215345517153537e+01 1.524408364887790635e+00 8.439716857579346310e-02 2.204581975936889648e+00
7.200000000000000000e+01 4.514687580905805096e-03 7.049938227592703299e+01 1.573446044937532928e+00 7.062149616899407456e-02 2.063677310943603516e+00
7.300000000000000000e+01 4.532739726393070732e-03 7.299982968995695387e+01 1.472557049701573861e+00 9.026475187735705230e-02 2.370675563812255859e+00
7.400000000000000000e+01 4.906391041313806940e-03 7.239821055817661488e+01 1.473184486711317298e+00 8.335809038995535547e-02 2.393065214157104492e+00
7.500000000000000000e+01 5.048650386405226405e-03 6.937976051635365593e+01 1.598516319463660906e+00 7.898055595282856001e-02 2.799450397491455078e+00
7.600000000000000000e+01 4.106497714511973644e-03 6.899068386459593683e+01 1.519381596282355362e+00 8.642841506824062991e-02 2.425681114196777344e+00
7.700000000000000000e+01 4.392448826005228811e-03 6.911376923679598860e+01 1.588813500499200337e+00 7.880043712666209843e-02 2.431189775466918945e+00
7.800000000000000000e+01 4.369317962917445598e-03 6.935188709176873090e+01 1.418246567104886280e+00 7.256815106060940379e-02 2.623602390289306641e+00
7.900000000000000000e+01 4.573121203406289512e-03 6.760042129145445244e+01 1.406631441953100525e+00 8.071138865027244202e-02 2.810431480407714844e+00
8.000000000000000000e+01 5.021020698963715202e-03 6.634474893079111268e+01 1.520191275547443155e+00 7.623070597277802063e-02 2.270163536071777344e+00
8.100000000000000000e+01 4.334973762477698812e-03 6.694225915853458275e+01 1.488562043226823839e+00 6.835645873049780996e-02 2.394995689392089844e+00
8.200000000000000000e+01 4.821999934341052001e-03 6.924262977389115292e+01 1.403101138171281237e+00 8.919342750575724732e-02 2.377097845077514648e+00
8.300000000000000000e+01 4.820476491951673596e-03 6.605637088049056160e+01 1.509577225124715261e+00 7.768445955291156113e-02 2.334659576416015625e+00
8.400000000000000000e+01 4.516852767923295285e-03 6.557399951255369785e+01 1.413075186805287320e+00 8.318620784035994642e-02 2.412123441696166992e+00
8.500000000000000000e+01 4.619120880329620829e-03 6.469035507409782326e+01 1.500054172441138922e+00 7.765643924389159514e-02 2.593608617782592773e+00
8.600000000000000000e+01 4.287157291040072024e-03 6.259774001671797095e+01 1.548669297881079210e+00 6.865942594102612817e-02 2.606638669967651367e+00
8.700000000000000000e+01 4.435867601545885608e-03 6.502193779173990151e+01 1.415677989936230396e+00 7.448962492803436197e-02 2.394354104995727539e+00
8.800000000000000000e+01 4.553540381026749233e-03 6.288529378167625339e+01 1.523005095180648416e+00 5.665685304226604491e-02 2.686704874038696289e+00
8.900000000000000000e+01 4.908256293371202061e-03 6.523344101286440377e+01 1.368704872519714844e+00 8.656519097976957122e-02 2.562904357910156250e+00
9.000000000000000000e+01 4.385376190595104660e-03 6.285882563022919811e+01 1.420295989111305612e+00 6.757025620477290218e-02 2.552406787872314453e+00
9.100000000000000000e+01 4.235398163632444861e-03 6.309275049245140110e+01 1.506317679400094756e+00 5.901421520273856386e-02 2.492003202438354492e+00
9.200000000000000000e+01 4.519413010753057201e-03 6.329476382062064488e+01 1.445305375996919661e+00 6.293989464918288423e-02 3.120983600616455078e+00
9.300000000000000000e+01 4.432566921466435036e-03 6.277385225597534912e+01 1.424106967853508321e+00 7.592392162798923538e-02 2.662047386169433594e+00
9.400000000000000000e+01 4.163370343738691595e-03 6.169558344275223050e+01 1.374853330637701987e+00 7.566645794011368775e-02 2.385859966278076172e+00
9.500000000000000000e+01 3.875050750508066393e-03 6.082821212464258309e+01 1.518695603005697725e+00 5.449982039268334161e-02 2.446107625961303711e+00
9.600000000000000000e+01 4.057463571834074752e-03 6.277502544045355393e+01 1.433044164670730147e+00 5.870477905575757771e-02 2.460202217102050781e+00
9.700000000000000000e+01 4.427048437343996355e-03 6.170133483283220244e+01 1.350812360566473469e+00 8.347817482486402652e-02 2.506533861160278320e+00
9.800000000000000000e+01 4.041092274669827282e-03 6.065429996968342863e+01 1.382461106423877872e+00 6.496177637037513219e-02 2.889343023300170898e+00
9.900000000000000000e+01 3.970608682643936641e-03 5.895922681052984160e+01 1.478123864709533386e+00 6.648628560857430814e-02 2.330882549285888672e+00
