2.000000000000000000e+00 4.357029892912252234e-02 6.992544027361916505e+02 7.416053650879080861e-01 5.329456571800600395e-01 5.904567241668701172e-01
3.000000000000000000e+00 3.290126029287415016e-02 5.441153990811337735e+02 1.107843459352603643e+00 4.750458706585170554e-01 1.080227613449096680e+00
4.000000000000000000e+00 3.249346966832382388e-02 4.409050166420778964e+02 1.280991280143841449e+00 4.297102704358743974e-01 8.348953723907470703e-01
5.000000000000000000e+00 2.616752745385423490e-02 3.858627293317993008e+02 1.279070153393351728e+00 2.700027662970293507e-01 1.105860948562622070e+00
6.000000000000000000e+00 3.014747890411382039e-02 3.193758202472654375e+02 1.349119367511375067e+00 3.782911946334839293e-01 1.200068235397338867e+00
7.000000000000000000e+00 2.363554993375318464e-02 3.154411474531976296e+02 1.358758968660638056e+00 2.437327795206159775e-01 1.274571418762207031e+00
8.000000000000000000e+00 2.226772485515238209e-02 2.736787254370560731e+02 1.616938612993795710e+00 2.261883248293003468e-01 1.293855428695678711e+00
9.000000000000000000e+00 2.017809277098385479e-02 2.742012636518095405e+02 1.458331477274720234e+00 2.124342192816528752e-01 1.082247734069824219e+00
1.000000000000000000e+01 2.140340589921101849e-02 2.435626087738329204e+02 1.699451452526852036e+00 2.263197559165161521e-01 1.028248071670532227e+00
1.100000000000000000e+01 2.200871474519138643e-02 2.194255430245491425e+02 1.627779924036813375e+00 2.221696048287870595e-01 1.198220968246459961e+00
1.200000000000000000e+01 1.802772156715263391e-02 2.124206019823548388e+02 1.757113524056306941e+00 1.960348689186816318e-01 1.109758615493774414e+00
1.300000000000000000e+01 2.147391590167144204e-02 1.954424803525695893e+02 1.668790497524416105e+00 2.167095999243722204e-01 9.418196678161621094e-01
1.400000000000000000e+01 1.690587502034923348e-02 1.867585802284739032e+02 1.691035022604030269e+00 1.877605755046228841e-01 1.178307294845581055e+00
1.500000000000000000e+01 1.666213614566044304e-02 1.844432906232021878e+02 1.680576758339591192e+00 1.938298587059748279e-01 1.278783559799194336e+00
1.600000000000000000e+01 1.518790619205801808e-02 1.745249605537402431e+02 1.725815648748458386e+00 1.481230045584760180e-01 1.214859724044799805e+00
1.700000000000000000e+01 1.523085410627946813e-02 1.569215371280781426e+02 1.890998737148438691e+00 1.717761340598094877e-01 1.287640571594238281e+00
1.800000000000000000e+01 1.648239621856193923e-02 1.576306966235682125e+02 1.867694688771961875e+00 1.797480914140754393e-01 1.470735549926757812e+00
1.900000000000000000e+01 1.453491239019960059e-02 1.449748609907605328e+02 1.913154291408124319e+00 1.187170176367697838e-01 1.237206220626831055e+00
2.000000000000000000e+01 1.433271529054003061e-02 1.500127096449707835e+02 1.752446447489652170e+00 1.400752437417843166e-01 1.421637535095214844e+00
2.100000000000000000e+01 1.510002789789204568e-02 1.435565542419878682e+02 1.805087019429682416e+00 1.690353805955256694e-01 1.239684343338012695e+00
2.200000000000000000e+01 1.306719006971477672e-02 1.353123645058027193e+02 1.766444468390078182e+00 1.046827597479573352e-01 1.210126161575317383e+00
2.300000000000000000e+01 1.308429976564362204e-02 1.272341490531394328e+02 1.885887822549308535e+00 1.178558159374752529e-01 1.357984304428100586e+00
2.400000000000000000e+01 1.220551094137086595e-02 1.228589453454312661e+02 1.902054163251851726e+00 1.112688909975301788e-01 1.237635135650634766e+00
2.500000000000000000e+01 1.372816303800868630e-02 1.223688820114414568e+02 1.659198900816734268e+00 1.710001456594462954e-01 1.261016607284545898e+00
2.600000000000000000e+01 1.211004842776740482e-02 1.270587748116309399e+02 1.644810230185921540e+00 1.234551732353172115e-01 1.491571426391601562e+00
2.700000000000000000e+01 1.288362181662911637e-02 1.196895028931999576e+02 1.863751313291799994e+00 1.207439008098909472e-01 1.193140506744384766e+00
2.800000000000000000e+01 1.366493778963570778e-02 1.136758525835694797e+02 1.711323055550897809e+00 1.519626341053106622e-01 1.369261026382446289e+00
2.900000000000000000e+01 1.214791085740874084e-02 1.113085280178474079e+02 1.893860111086312470e+00 1.226077469743499931e-01 1.129816293716430664e+00
3.000000000000000000e+01 1.162209328736206818e-02 1.113420674490838564e+02 1.678726396572238766e+00 1.113411018413083542e-01 1.269595623016357422e+00
3.100000000000000000e+01 1.065326963638660654e-02 1.100969999449643524e+02 1.586426773700538861e+00 1.235931845120178396e-01 1.355842590332031250e+00
3.200000000000000000e+01 1.100986662419503777e-02 1.096867656794819794e+02 1.615272645915659888e+00 9.841711080668906486e-02 1.412207126617431641e+00
3.300000000000000000e+01 1.138074621016375854e-02 1.058314952567341578e+02 1.699659848522656169e+00 1.163317472665968827e-01 1.455195188522338867e+00
3.400000000000000000e+01 1.005755671831703828e-02 1.014692969589202391e+02 1.688094118905291374e+00 9.918482028240213633e-02 1.338152170181274414e+00
3.500000000000000000e+01 1.300067166648785112e-02 9.560214402132623945e+01 1.687071430319386334e+00 1.368782851748114315e-01 1.634695291519165039e+00
3.600000000000000000e+01 1.090016051275655325e-02 9.660478540841597805e+01 1.635449245040678568e+00 1.161356592262594994e-01 1.555921316146850586e+00
3.700000000000000000e+01 1.138199534345734829e-02 9.885430764747779619e+01 1.617588331718372130e+00 1.147119168600987532e-01 1.538961887359619141e+00
3.800000000000000000e+01 1.010390377045869079e-02 9.781651273858797424e+01 1.704335383964830752e+00 1.128719231808344575e-01 1.356725454330444336e+00
3.900000000000000000e+01 1.085959955304919775e-02 9.458859070970190430e+01 1.525499629709920146e+00 1.112034253754118768e-01 1.234858274459838867e+00
4.000000000000000000e+01 1.047511867338762892e-02 9.101791995714957295e+01 1.712468896982963118e+00 1.049101178093541364e-01 1.392118453979492188e+00
4.100000000000000000e+01 1.041857684177225143e-02 8.951703902151122350e+01 1.606334322462426245e+00 1.121232334195010200e-01 1.378328084945678711e+00
4.200000000000000000e+01 9.662955609016777095e-03 8.708025437238840993e+01 1.703173137382216096e+00 9.018314344188088638e-02 1.398807287216186523e+00
4.300000000000000000e+01 9.151347741607277972e-03 8.630669505502309846e+01 1.656398950434200712e+00 8.754044508979758055e-02 1.172990560531616211e+00
4.400000000000000000e+01 9.664886288558180091e-03 8.447619430165164545e+01 1.688523668455023774e+00 8.066901615736124520e-02 1.318637132644653320e+00
4.500000000000000000e+01 9.456549331986519730e-03 8.372051897078058857e+01 1.661801556606474772e+00 8.728165804501579472e-02 1.470546483993530273e+00
4.600000000000000000e+01 9.560858649822819022e-03 8.589309057936756631e+01 1.606086941388092049e+00 9.803332058865743548e-02 1.409566879272460938e+00
4.700000000000000000e+01 9.335399702664405261e-03 8.184778553014037072e+01 1.627773570674878822e+00 9.329355057865559853e-02 1.381004571914672852e+00
4.800000000000000000e+01 8.714398193359649408e-03 8.239097737493935369e+01 1.614193708075350786e+00 8.712788382754037275e-02 1.504948139190673828e+00
4.900000000000000000e+01 9.452571033423446192e-03 8.161632588208456696e+01 1.575161378835005621e+00 1.098710065548987314e-01 1.708032131195068359e+00
5.000000000000000000e+01 9.357644481080182666e-03 7.967594499283630682e+01 1.542774199112482147e+00 9.435460597236858260e-02 1.559374809265136719e+00
5.100000000000000000e+01 8.935243393067742249e-03 7.918185004998100851e+01 1.602719029489469538e+00 8.583257338109087642e-02 1.457082033157348633e+00
5.200000000000000000e+01 8.393915207282649435e-03 8.009721355505138263e+01 1.620306212253651124e+00 8.588087141545204528e-02 1.415032863616943359e+00
5.300000000000000000e+01 8.935833087582721254e-03 7.869976707258399529e+01 1.523670107627195236e+00 7.512476765663184120e-02 1.612107276916503906e+00
5.400000000000000000e+01 8.993398942118237260e-03 7.563426612405292815e+01 1.567044911741922508e+00 8.539386587916752980e-02 1.391208410263061523e+00
5.500000000000000000e+01 8.553872037933191869e-03 7.621589659531025518e+01 1.486684091331026858e+00 7.601356175929036008e-02 1.540647268295288086e+00
5.600000000000000000e+01 8.355683273751905726e-03 7.289784305688434074e+01 1.558080302380038251e+00 6.789705725919999157e-02 1.560460805892944336e+00
5.700000000000000000e+01 8.543304779882757161e-03 7.307338187712547040e+01 1.540673732954001007e+00 7.060442209875188169e-02 1.359851598739624023e+00
5.800000000000000000e+01 8.717290719557853340e-03 7.233768656588249257e+01 1.521885253188805631e+00 8.386058089741599275e-02 1.497246742248535156e+00
5.900000000000000000e+01 8.194249270093007659e-03 7.307556271858453556e+01 1.502176742056357872e+00 8.141918772874986998e-02 1.412703514099121094e+00
6.000000000000000000e+01 7.530091572188753885e-03 7.228205608218027578e+01 1.519650517788799782e+00 7.282055413808541378e-02 1.477530717849731445e+00
6.100000000000000000e+01 7.779431413802055835e-03 6.944085599414317755e+01 1.516401521023307275e+00 6.593995532898717926e-02 1.334602594375610352e+00
6.200000000000000000e+01 7.679704469649725231e-03 6.966611562287683057e+01 1.569903378962914875e+00 5.610161507306257039e-02 1.432265758514404297e+00
6.300000000000000000e+01 8.074753034726808720e-03 7.106040908694565417e+01 1.479226805685032176e+00 8.537016259426781495e-02 1.447535276412963867e+00
6.400000000000000000e+01 8.177887483532124066e-03 6.951938616992627828e+01 1.389961881378478648e+00 6.830998843400301612e-02 1.418820858001708984e+00
6.500000000000000000e+01 7.781046975355709189e-03 6.628023882329691219e+01 1.502509566360851201e+00 7.027959025229951751e-02 1.400313377380371094e+00
6.600000000000000000e+01 7.791566222963924870e-03 6.596657085030719259e+01 1.640370052024526348e+00 3.909159258604874565e-02 1.450754404067993164e+00
6.700000000000000000e+01 7.502680222047740724e-03 6.694357725050912222e+01 1.445972161280173474e+00 7.651600199606947705e-02 1.354305505752563477e+00
6.800000000000000000e+01 7.534434824283472651e-03 6.776713163367071502e+01 1.496238658370810937e+00 6.592779280914887186e-02 1.594414949417114258e+00
6.900000000000000000e+01 7.146341366057623948e-03 6.689751276212480491e+01 1.531899771014235467e+00 6.206552886597285074e-02 1.895244836807250977e+00
7.000000000000000000e+01 7.473887307346519134e-03 6.562258183657046118e+01 1.494753892311164956e+00 5.521986990184253596e-02 1.495257377624511719e+00
7.100000000000000000e+01 6.955033521033153476e-03 6.387493462430774827e+01 1.496911323516059600e+00 5.098540953848507834e-02 1.598569631576538086e+00
7.200000000000000000e+01 7.273238906873391932e-03 6.514269298977792744e+01 1.426858885255565923e+00 6.260919670256245850e-02 1.460936069488525391e+00
7.300000000000000000e+01 7.685259543509865426e-03 6.096705350354141473e+01 1.388199763006856990e+00 6.745976944091715277e-02 1.814529657363891602e+00
7.400000000000000000e+01 7.174603010472268769e-03 6.391691616959359123e+01 1.520235734286934148e+00 4.188176835171044526e-02 1.422025203704833984e+00
7.500000000000000000e+01 7.100468306117320265e-03 6.377915840335399622e+01 1.353546525127480304e+00 7.888681163715108302e-02 1.672756910324096680e+00
7.600000000000000000e+01 6.985864936451478477e-03 6.415740172314852430e+01 1.444527366664181578e+00 6.016791788306835587e-02 1.655275106430053711e+00
7.700000000000000000e+01 7.198197664782805989e-03 6.292534167866600825e+01 1.350413167245421597e+00 6.441827985312542637e-02 1.584079504013061523e+00
7.800000000000000000e+01 6.696002367462016922e-03 6.100542200242024649e+01 1.358002541945718233e+00 6.774319110594580196e-02 1.392938852310180664e+00
7.900000000000000000e+01 6.506572041475254184e-03 6.065518238388455075e+01 1.425944562177683395e+00 6.093906205213607541e-02 1.524630308151245117e+00
8.000000000000000000e+01 6.540955133763119711e-03 6.116411069123979871e+01 1.476640741010219582e+00 4.816705519377084688e-02 1.877236604690551758e+00
8.100000000000000000e+01 6.886213564047714321e-03 6.138933244526299404e+01 1.329785080035377209e+00 5.429405162869611196e-02 1.466631889343261719e+00
8.200000000000000000e+01 6.373787123118395369e-03 5.957731622314318543e+01 1.372188701289574597e+00 4.334286943932139091e-02 1.256302833557128906e+00
8.300000000000000000e+01 6.276874160048281914e-03 6.016929409851544364e+01 1.414911423306581595e+00 5.025387784500844751e-02 1.382720708847045898e+00
8.400000000000000000e+01 6.618015206322798785e-03 6.032190691251557979e+01 1.312941827684862783e+00 4.601132630010157376e-02 1.591369152069091797e+00
8.500000000000000000e+01 6.553977019861486480e-03 6.054974939022164904e+01 1.310420897879346791e+00 6.684731988335761155e-02 1.566272258758544922e+00
8.600000000000000000e+01 6.575950097480473891e-03 5.916829024891564615e+01 1.294786939991386721e+00 6.036447564503964053e-02 1.563117027282714844e+00
8.700000000000000000e+01 6.951941696360298094e-03 5.806060349545335697e+01 1.362204623163436379e+00 5.917813471296380634e-02 1.683437824249267578e+00
8.800000000000000000e+01 6.162290362495552627e-03 5.880502595480410832e+01 1.369278994456933241e+00 5.989417757081501315e-02 1.475726604461669922e+00
8.900000000000000000e+01 6.516975588655394766e-03 5.620270889061637121e+01 1.419217935544893505e+00 4.583761143828874590e-02 1.366488695144653320e+00
9.000000000000000000e+01 6.093180025428629812e-03 5.585537000543782682e+01 1.335946015225646599e+00 3.679107877349114403e-02 1.596019029617309570e+00
9.100000000000000000e+01 7.114560007196930359e-03 5.738344759241800119e+01 1.234902427913415757e+00 7.550551692161489026e-02 1.664993524551391602e+00
9.200000000000000000e+01 6.029555439638150348e-03 5.725396082700688538e+01 1.291867103804986261e+00 4.117987714250008480e-02 1.705835342407226562e+00
9.300000000000000000e+01 5.917820232428166842e-03 5.495557036208631985e+01 1.353675632449342858e+00 3.529673351136599496e-02 1.645714521408081055e+00
9.400000000000000000e+01 5.609212968123539374e-03 5.795349648874530857e+01 1.269995679962518276e+00 5.223902808339851711e-02 1.824834823608398438e+00
9.500000000000000000e+01 6.176310976723527538e-03 5.427679523558883545e+01 1.282673843022375415e+00 4.520601831122515041e-02 1.603703498840332031e+00
9.600000000000000000e+01 5.972372998741926065e-03 5.494336715919845915e+01 1.364232014454629605e+00 3.901980328895532368e-02 1.645946264266967773e+00
9.700000000000000000e+01 6.356363675389478142e-03 5.593886291798132504e+01 1.283723999974035967e+00 5.949323044957920831e-02 1.795359373092651367e+00
9.800000000000000000e+01 6.637910948901942602e-03 5.520896234216237985e+01 1.171689433030388861e+00 6.784206255838774735e-02 1.840142488479614258e+00
9.900000000000000000e+01 6.460613671650483961e-03 5.609662228120959782e+01 1.196883410569628658e+00 6.961039012208224130e-02 1.865404605865478516e+00
