2.000000000000000000e+00 -1.341418158267683935e-04 2.406552264986072664e+00 1.380726463655700265e+01 3.050802791889930393e-03 1.152790307998657227e+00
3.000000000000000000e+00 -6.045294010276286515e-05 2.136205488812132014e+00 1.215982151415602708e+01 2.330274950562833975e-03 8.881740570068359375e-01
4.000000000000000000e+00 -3.800739310140285984e-05 1.907458685322065195e+00 1.130199839258009220e+01 1.725522989012359155e-03 9.247262477874755859e-01
5.000000000000000000e+00 -2.530155414148132532e-05 1.809435790772190078e+00 1.030091959045113725e+01 1.538265718538667616e-03 8.409013748168945312e-01
6.000000000000000000e+00 -2.474027287684611940e-05 1.687159808770720248e+00 9.720224979456377312e+00 1.026266214379104383e-03 8.589780330657958984e-01
7.000000000000000000e+00 5.414636048089564193e-05 1.695754054873281236e+00 9.249165552526989131e+00 7.163370347618383148e-04 7.758998870849609375e-01
8.000000000000000000e+00 3.542491568762189678e-05 1.533729039509025505e+00 8.948629677125811810e+00 -6.270474253855390649e-05 6.936202049255371094e-01
9.000000000000000000e+00 3.024974527067964943e-06 1.535899775144982993e+00 8.446069307550526872e+00 -1.158294464625994938e-04 7.169940471649169922e-01
1.000000000000000000e+01 7.550626655538054801e-06 1.531742138769751849e+00 8.019424587405605820e+00 -1.825313553404487069e-04 7.163484096527099609e-01
1.100000000000000000e+01 2.292743834811579009e-05 1.503540206042999872e+00 7.765344546398392112e+00 -5.096156348680304805e-04 7.142171859741210938e-01
1.200000000000000000e+01 3.414358559367947212e-05 1.499441521826206269e+00 7.469437713954508062e+00 -5.181401425575669299e-04 7.270166873931884766e-01
1.300000000000000000e+01 5.131122511830683934e-05 1.473087469085834211e+00 7.197706003788550078e+00 -7.383982224513252913e-04 6.678547859191894531e-01
1.400000000000000000e+01 5.892852665245260752e-05 1.465236494087325037e+00 6.965080363857153678e+00 -9.002062185038772844e-04 6.923720836639404297e-01
1.500000000000000000e+01 6.642904721931920426e-05 1.466093597813351357e+00 6.781081850947000333e+00 -7.980498995768616800e-04 7.022061347961425781e-01
1.600000000000000000e+01 5.581826002219280984e-05 1.456240801430888077e+00 6.606203110175499660e+00 -8.952494444623869049e-04 6.984105110168457031e-01
1.700000000000000000e+01 4.704768617378304120e-05 1.431736216446862775e+00 6.471482715965450438e+00 -1.109295500194666228e-03 6.910853385925292969e-01
1.800000000000000000e+01 5.352526008874192534e-05 1.429472530659865015e+00 6.258385233797955749e+00 -1.214946257709425149e-03 7.540967464447021484e-01
1.900000000000000000e+01 7.132889954142095741e-05 1.428821084434473754e+00 6.100165351476957376e+00 -1.051052445821137405e-03 6.944863796234130859e-01
2.000000000000000000e+01 8.690014464956535433e-05 1.431253072103530366e+00 5.925748128417795080e+00 -9.264848577411784192e-04 8.047988414764404297e-01
2.100000000000000000e+01 2.011871796497723499e-04 1.393176425221087200e+00 5.899591613973269588e+00 -1.560145156991820129e-03 8.035047054290771484e-01
2.200000000000000000e+01 1.772624461393473871e-04 1.408890508583122925e+00 5.790394820042320312e+00 -1.064018428777540074e-03 9.033796787261962891e-01
2.300000000000000000e+01 1.875202488301711966e-04 1.394475729147104381e+00 5.694426708279905824e+00 -1.955308990931430447e-03 7.699499130249023438e-01
2.400000000000000000e+01 1.157681986459601210e-04 1.390318170585573831e+00 5.630671939749575472e+00 -1.353934448111508400e-03 7.145838737487792969e-01
2.500000000000000000e+01 1.452190237889920232e-04 1.393661438668218011e+00 5.527968475537940130e+00 -1.520253161926550132e-03 8.714578151702880859e-01
2.600000000000000000e+01 2.095974331486100302e-04 1.387173087943047278e+00 5.339482700725213249e+00 -1.645025446297992749e-03 7.635114192962646484e-01
2.700000000000000000e+01 2.053231479186130263e-04 1.376059517445778146e+00 5.284593158047137251e+00 -1.922551901743961827e-03 8.825604915618896484e-01
2.800000000000000000e+01 1.859902170898304597e-04 1.376927311149470423e+00 5.177995377896988494e+00 -1.957144814619017278e-03 8.085055351257324219e-01
2.900000000000000000e+01 2.179842377767661910e-04 1.387475875859762287e+00 5.109164436666333131e+00 -1.888463180241197782e-03 8.826799392700195312e-01
3.000000000000000000e+01 1.406397135391599881e-04 1.401457697440395167e+00 4.965607850064712281e+00 -1.167454757803350080e-03 8.962204456329345703e-01
3.100000000000000000e+01 1.652073743710650786e-04 1.378824014606740977e+00 4.893846533787452380e+00 -1.875678924219465480e-03 8.377027511596679688e-01
3.200000000000000000e+01 1.579418203584971548e-04 1.367675148092410975e+00 4.806181564035810538e+00 -1.670775289775219222e-03 9.175121784210205078e-01
3.300000000000000000e+01 1.769391418569234598e-04 1.358128096093827120e+00 4.794341679059141548e+00 -2.028962448192017827e-03 8.838286399841308594e-01
3.400000000000000000e+01 1.827522666512572012e-04 1.375516363929646602e+00 4.652469699111529522e+00 -1.456403323335137522e-03 8.881599903106689453e-01
3.500000000000000000e+01 1.574297057876271810e-04 1.385981116678846048e+00 4.644466569585729232e+00 -7.793004152100439959e-04 9.243247509002685547e-01
3.600000000000000000e+01 1.667128099071181089e-04 1.365970651571118744e+00 4.548178268879201624e+00 -1.814367086724272618e-03 1.021094799041748047e+00
3.700000000000000000e+01 1.752907253015008088e-04 1.368338468407760189e+00 4.461128636313471674e+00 -1.488254888600064893e-03 1.034664869308471680e+00
3.800000000000000000e+01 1.773954706118342024e-04 1.351949421167872201e+00 4.542535969716381850e+00 -2.150855209668723917e-03 9.334814548492431641e-01
3.900000000000000000e+01 1.585304922671658748e-04 1.362746407503673041e+00 4.337970468024165527e+00 -1.997474004201189694e-03 8.849422931671142578e-01
4.000000000000000000e+01 1.807269900041746718e-04 1.355152492859893920e+00 4.360213007342892411e+00 -2.005870636411623362e-03 8.791036605834960938e-01
4.100000000000000000e+01 1.935891032429098600e-04 1.359001044850186357e+00 4.368845934675052334e+00 -1.934511778466935748e-03 8.587501049041748047e-01
4.200000000000000000e+01 1.982840710286363291e-04 1.355535580424540143e+00 4.200846690668048389e+00 -1.491659251728113178e-03 8.812582492828369141e-01
4.300000000000000000e+01 1.442851307617859394e-04 1.360995026479746128e+00 4.232862482362967249e+00 -1.660695563776989729e-03 9.458088874816894531e-01
4.400000000000000000e+01 1.739676291503541253e-04 1.358095694968783906e+00 4.199690503943048547e+00 -2.044722318062513946e-03 9.333362579345703125e-01
4.500000000000000000e+01 1.613327181741582787e-04 1.346042043484480200e+00 4.169615184766033877e+00 -1.850961036860185186e-03 9.480516910552978516e-01
4.600000000000000000e+01 1.750452576264032855e-04 1.352973700891028086e+00 4.103044688457757161e+00 -1.446542827778715028e-03 1.138804912567138672e+00
4.700000000000000000e+01 1.821942005215318309e-04 1.344891181998381313e+00 4.080508636022765145e+00 -2.236030509480085686e-03 1.178887367248535156e+00
4.800000000000000000e+01 1.734599501662716385e-04 1.341027709336140905e+00 4.032629741594436545e+00 -3.027478244589168477e-03 1.053836584091186523e+00
4.900000000000000000e+01 1.589545228917060859e-04 1.343432115178725628e+00 3.988740761312667971e+00 -2.251702494265451875e-03 1.155588150024414062e+00
5.000000000000000000e+01 1.510891952668538775e-04 1.346985856735730014e+00 3.920135105666565867e+00 -2.462412149513098277e-03 1.152245521545410156e+00
5.100000000000000000e+01 1.428310645839443412e-04 1.348956167254948380e+00 3.896250906758740751e+00 -2.234477161324980622e-03 1.003593444824218750e+00
5.200000000000000000e+01 1.449002931146873869e-04 1.344176680201224938e+00 3.872295296776194107e+00 -1.152593775020900038e-03 1.124234437942504883e+00
5.300000000000000000e+01 1.331339546707206375e-04 1.347496082516190352e+00 3.775856727948232905e+00 -1.557683695282823313e-03 1.096271514892578125e+00
5.400000000000000000e+01 1.803747170001051940e-04 1.339564904513794508e+00 3.758402262842249986e+00 -1.997440721461679527e-03 1.025627374649047852e+00
5.500000000000000000e+01 1.496577611185501914e-04 1.343714019696133244e+00 3.795161744991608188e+00 -1.502800468651932899e-03 1.100273847579956055e+00
5.600000000000000000e+01 1.667564979421045962e-04 1.332147606186814270e+00 3.754374607057328728e+00 -1.695746308875522310e-03 1.065352439880371094e+00
5.700000000000000000e+01 1.258308273621157282e-04 1.336103508091838199e+00 3.649190873691889436e+00 -1.394671954249447144e-03 1.125274181365966797e+00
5.800000000000000000e+01 1.689310970523124071e-04 1.340366269448560077e+00 3.619010013104230872e+00 -1.784571871012086445e-03 1.255292654037475586e+00
5.900000000000000000e+01 1.369196547962930010e-04 1.334347413041769626e+00 3.636419552890106655e+00 -1.667100864278755036e-03 1.142432928085327148e+00
6.000000000000000000e+01 1.390539374582650803e-04 1.343719247506514058e+00 3.537935247383648285e+00 -1.255482345043845314e-03 1.080458641052246094e+00
6.100000000000000000e+01 1.363392705735887319e-04 1.331990243705033272e+00 3.555911796496229460e+00 -2.133624524504967000e-03 1.121231794357299805e+00
6.200000000000000000e+01 1.454116622031608982e-04 1.338912647628627273e+00 3.468410807699889187e+00 -8.335387801757116735e-04 1.237123727798461914e+00
6.300000000000000000e+01 1.690074427688481866e-04 1.337853201731242780e+00 3.489597404319610074e+00 -1.958232002878201004e-03 1.205187320709228516e+00
6.400000000000000000e+01 1.118446457383199069e-04 1.330393391194341524e+00 3.451157839362791968e+00 -1.291147140422069456e-03 1.107216358184814453e+00
6.500000000000000000e+01 1.372585402349857809e-04 1.341193380568109106e+00 3.453420224076311218e+00 -5.796322653799271902e-04 1.145848751068115234e+00
6.600000000000000000e+01 1.825765197684354536e-04 1.324948949176138813e+00 3.478692820744435643e+00 -2.841389489293420605e-03 1.275413274765014648e+00
6.700000000000000000e+01 1.235811038348513292e-04 1.331041640143360016e+00 3.359690847508958633e+00 -1.034129452517152823e-03 1.203909397125244141e+00
6.800000000000000000e+01 1.025858980173025362e-04 1.335480799343003566e+00 3.304346663985604504e+00 -8.977407015508966472e-04 1.157054424285888672e+00
6.900000000000000000e+01 1.398816144574199880e-04 1.332630296715636042e+00 3.349155967920833366e+00 -8.460267398814210436e-04 1.205340147018432617e+00
7.000000000000000000e+01 1.521431748586909050e-04 1.333635140715876632e+00 3.286707875898664533e+00 -1.386423419462607352e-03 1.398494958877563477e+00
7.100000000000000000e+01 1.285895194976430353e-04 1.327364823058793997e+00 3.328557396221063058e+00 -7.826649056693046067e-04 1.095431566238403320e+00
7.200000000000000000e+01 1.414646243574757675e-04 1.333329134125341486e+00 3.255367983611289873e+00 -5.005293782951885685e-04 1.248733520507812500e+00
7.300000000000000000e+01 1.592918590241236608e-04 1.329819201906769610e+00 3.219133821487900171e+00 -1.620289998719171617e-03 1.205955743789672852e+00
7.400000000000000000e+01 1.010337862244662348e-04 1.334782507118549510e+00 3.141390090351606990e+00 -9.563472550372033212e-05 1.330170154571533203e+00
7.500000000000000000e+01 1.201251735681136231e-04 1.324539749606251871e+00 3.226550077451631360e+00 -7.818717050485396881e-04 1.252304553985595703e+00
7.600000000000000000e+01 1.201103349340920581e-04 1.328345589379245073e+00 3.193415004635765442e+00 -2.689101244531194395e-04 1.311624765396118164e+00
7.700000000000000000e+01 1.056862985056509742e-04 1.326476503046553290e+00 3.124008995860600102e+00 -3.379379908219884752e-05 1.271363019943237305e+00
7.800000000000000000e+01 1.226090530798116824e-04 1.326005617056319030e+00 3.175036085219084203e+00 -1.526159175545462737e-03 1.370888233184814453e+00
7.900000000000000000e+01 1.408457965658599148e-04 1.321614205320770230e+00 3.078147229722909994e+00 -7.309617640265960283e-04 1.332973241806030273e+00
8.000000000000000000e+01 1.309533370285839737e-04 1.321386533356039950e+00 3.120013157632922862e+00 -2.856693187054552396e-03 1.415224790573120117e+00
8.100000000000000000e+01 1.314466655280843450e-04 1.325775933877026747e+00 3.033348254035645120e+00 -1.217197146953197164e-03 1.428997993469238281e+00
8.200000000000000000e+01 1.354307927593221053e-04 1.324377455741734710e+00 3.039330192044977341e+00 -1.438380523039650878e-04 1.272803068161010742e+00
8.300000000000000000e+01 1.096980128262786057e-04 1.318645485666246175e+00 3.017132837711111293e+00 -1.452856436643738727e-03 1.306479454040527344e+00
8.400000000000000000e+01 1.228024253779155166e-04 1.325019783655758010e+00 2.986137439864298138e+00 -6.670972107746179873e-04 1.364144086837768555e+00
8.500000000000000000e+01 1.178579064725124423e-04 1.320996695180900238e+00 2.996636061158262088e+00 2.137834448530625587e-04 1.287085056304931641e+00
8.600000000000000000e+01 1.029776313034896955e-04 1.320356496969862681e+00 2.961146467030990603e+00 -2.637412354088072017e-04 1.384037017822265625e+00
8.700000000000000000e+01 1.266484547396135431e-04 1.324401730995029558e+00 2.943320617898437686e+00 -3.716770841412272422e-04 1.267910718917846680e+00
8.800000000000000000e+01 9.316502819030284129e-05 1.317891064223520203e+00 2.908583177092988858e+00 -1.390835601577330744e-04 1.298159122467041016e+00
8.900000000000000000e+01 1.100224612694549218e-04 1.315448917591341083e+00 2.896253075889214212e+00 -2.958621351850484658e-04 1.352898359298706055e+00
9.000000000000000000e+01 1.095652676580944175e-04 1.320472039170749401e+00 2.891953900606131445e+00 3.561975768841332281e-04 1.461953401565551758e+00
9.100000000000000000e+01 8.738070594983903905e-05 1.319551164933958631e+00 2.806138821339470457e+00 1.174356315482413728e-03 1.448723316192626953e+00
9.200000000000000000e+01 9.855276418154139786e-05 1.317616584067007768e+00 2.825627151881046295e+00 -1.551907799316875486e-04 1.510686397552490234e+00
9.300000000000000000e+01 1.274738424955892068e-04 1.316426382402503314e+00 2.851712250132389048e+00 -8.164206824005505563e-04 1.337397813796997070e+00
9.400000000000000000e+01 9.231187061148937224e-05 1.323729678254147224e+00 2.754065356457688463e+00 6.896152895498466407e-04 1.402551889419555664e+00
9.500000000000000000e+01 9.075778955054885440e-05 1.319270370070988019e+00 2.824079203702607010e+00 6.712434324446068948e-04 1.278627157211303711e+00
9.600000000000000000e+01 1.012940532437581263e-04 1.317040847043934759e+00 2.756071881518956435e+00 -1.238277930241531025e-03 1.313002824783325195e+00
9.700000000000000000e+01 1.028775894888276629e-04 1.314271388873023083e+00 2.809519166080431951e+00 -2.440788946939997440e-04 1.329823017120361328e+00
9.800000000000000000e+01 8.300772145198991871e-05 1.317956421585607218e+00 2.719621254985029601e+00 1.360063068407133804e-03 1.487749576568603516e+00
9.900000000000000000e+01 8.443369728051386912e-05 1.309846811000386912e+00 2.727167118223517317e+00 -1.134867446888528043e-03 1.469836473464965820e+00
