2.000000000000000000e+00 -9.348707547545226371e-02 1.108447094510909636e+02 1.101686322192414691e+00 3.825125846893460690e-01 2.234785556793212891e-01
3.000000000000000000e+00 -1.004777914499284802e-01 9.696391423120174125e+01 1.312882879459079222e+00 3.629036919234575054e-01 2.736902236938476562e-01
4.000000000000000000e+00 -9.947229331331192137e-02 7.283060836893221790e+01 1.276377927049004324e+00 3.563149736412540292e-01 3.832225799560546875e-01
5.000000000000000000e+00 -7.885235410897215025e-02 6.553263535129322293e+01 1.328103569063943779e+00 2.477256095481362164e-01 3.439576625823974609e-01
6.000000000000000000e+00 -7.087442782103056671e-02 5.913127077671174447e+01 1.436686101881841315e+00 2.823609393134788315e-01 3.583695888519287109e-01
7.000000000000000000e+00 -6.655466946916138715e-02 5.293444623248352343e+01 1.709038578408579090e+00 1.641051915672170070e-01 4.320006370544433594e-01
8.000000000000000000e+00 -6.104638522101333425e-02 5.071831627756306204e+01 1.542134870212547693e+00 1.692838874512504754e-01 2.955980300903320312e-01
9.000000000000000000e+00 -4.635707074777422471e-02 4.706357446962303470e+01 1.451720127222920542e+00 1.730249627371167886e-01 4.512600898742675781e-01
1.000000000000000000e+01 -4.283072266464350852e-02 4.627333745661272957e+01 1.558428650295573981e+00 1.651889992987547462e-01 3.981821537017822266e-01
1.100000000000000000e+01 -4.104072869369731341e-02 4.318526411918570318e+01 1.579911631320512377e+00 1.657024321268424083e-01 4.176599979400634766e-01
1.200000000000000000e+01 -4.203962992676937849e-02 4.416260371413405039e+01 1.481930573978080368e+00 1.702424374593969891e-01 4.007246494293212891e-01
1.300000000000000000e+01 -3.423894999097407826e-02 4.166599776681015044e+01 1.494199888224344352e+00 1.573131611837587374e-01 4.992032051086425781e-01
1.400000000000000000e+01 -3.320537540752196981e-02 4.034712084463961901e+01 1.512876578449882325e+00 1.600719461132070753e-01 5.522465705871582031e-01
1.500000000000000000e+01 -2.483219692106667167e-02 3.652257408911847847e+01 1.565805422751999743e+00 1.391677538456333463e-01 4.090385437011718750e-01
1.600000000000000000e+01 -3.193208060495439371e-02 3.710048606412682659e+01 1.560626970389507040e+00 1.496618268570172328e-01 4.988496303558349609e-01
1.700000000000000000e+01 -3.150057468500134378e-02 3.548980357632481031e+01 1.514312581418438608e+00 1.530976434829572630e-01 4.360837936401367188e-01
1.800000000000000000e+01 -2.299695974349571029e-02 3.624235417767795298e+01 1.445072682513825590e+00 1.467466677445871670e-01 5.186114311218261719e-01
1.900000000000000000e+01 -2.241948066676083609e-02 3.356482618524591999e+01 1.639625015138168829e+00 1.397222683948019517e-01 4.438657760620117188e-01
2.000000000000000000e+01 -2.543302811035104416e-02 3.288189151769320517e+01 1.474996303540427212e+00 1.453010977822173089e-01 4.498500823974609375e-01
2.100000000000000000e+01 -1.913692393127021732e-02 3.255720998073898187e+01 1.578218417142129404e+00 1.279016924509004394e-01 5.333278179168701172e-01
2.200000000000000000e+01 -1.809808221341029089e-02 3.177432529552879004e+01 1.507078060239164907e+00 1.272315731985283471e-01 4.093234539031982422e-01
2.300000000000000000e+01 -1.650957259955266807e-02 3.145700604029455150e+01 1.495523784301717063e+00 1.291319907645551435e-01 4.839358329772949219e-01
2.400000000000000000e+01 -1.510223933522238972e-02 3.176858148582010344e+01 1.365877308398963708e+00 1.424414483020413624e-01 4.086620807647705078e-01
2.500000000000000000e+01 -1.352320803877564773e-02 2.976298468941202202e+01 1.504457311290120947e+00 1.279040027787853584e-01 4.414963722229003906e-01
2.600000000000000000e+01 -1.467919661689225976e-02 3.027046500848193133e+01 1.325607155558240047e+00 1.412334313426465426e-01 5.022666454315185547e-01
2.700000000000000000e+01 -1.434558780143175422e-02 2.930675308117439215e+01 1.368213321556124962e+00 1.295594988302096184e-01 4.331541061401367188e-01
2.800000000000000000e+01 -1.430701003559409212e-02 2.879142443938897600e+01 1.363959613581169350e+00 1.276552344593066268e-01 4.869017601013183594e-01
2.900000000000000000e+01 -1.288866555244498613e-02 2.835441284654624994e+01 1.367894027767384557e+00 1.313236591356892746e-01 4.552223682403564453e-01
3.000000000000000000e+01 -1.301054227658181121e-02 2.785468393861486547e+01 1.426466143991908408e+00 1.068052235779004266e-01 4.940059185028076172e-01
3.100000000000000000e+01 -1.274040965885170351e-02 2.726825651341753343e+01 1.438018509349271001e+00 1.068071127621577771e-01 4.860749244689941406e-01
3.200000000000000000e+01 -1.307319338933464990e-02 2.660934135130488087e+01 1.472200364824168606e+00 9.758028936248855367e-02 4.071912765502929688e-01
3.300000000000000000e+01 -1.207328848130182278e-02 2.620422568536570651e+01 1.459155446308337156e+00 9.777548545891640019e-02 4.693896770477294922e-01
3.400000000000000000e+01 -1.162783305137381554e-02 2.569345111696361172e+01 1.434949694641321383e+00 9.438180375540718148e-02 4.602825641632080078e-01
3.500000000000000000e+01 -1.156678235513408474e-02 2.546681605310908836e+01 1.417608299230167734e+00 9.208107094307575735e-02 6.192617416381835938e-01
3.600000000000000000e+01 -1.162081382080877925e-02 2.576647851619702934e+01 1.337623120987900815e+00 1.148019633613644036e-01 6.360619068145751953e-01
3.700000000000000000e+01 -1.258749902694892772e-02 2.562682942215763049e+01 1.277592123712620431e+00 1.197997395488732963e-01 5.916171073913574219e-01
3.800000000000000000e+01 -1.046472384363776945e-02 2.478489433877834003e+01 1.317058671688640992e+00 1.032030012008416792e-01 4.637949466705322266e-01
3.900000000000000000e+01 -1.084217560129270043e-02 2.452632431149544345e+01 1.245187279976440298e+00 1.168543635747895659e-01 4.832062721252441406e-01
4.000000000000000000e+01 -1.148099791211684012e-02 2.486188403838410466e+01 1.265191722084886283e+00 1.166783720615487685e-01 5.261604785919189453e-01
4.100000000000000000e+01 -1.024902524708540610e-02 2.530470799825828720e+01 1.156341697511248823e+00 1.339590179161146699e-01 5.133459568023681641e-01
4.200000000000000000e+01 -1.108642782941340540e-02 2.344856424021998365e+01 1.239783878261841998e+00 1.136495304505182741e-01 5.168142318725585938e-01
4.300000000000000000e+01 -9.247206441469113872e-03 2.380495217041334755e+01 1.294035896080187209e+00 1.170919762568275319e-01 6.189618110656738281e-01
4.400000000000000000e+01 -1.015733536821328449e-02 2.382820740029788098e+01 1.242032965670263556e+00 1.179528932932598501e-01 5.350778102874755859e-01
4.500000000000000000e+01 -8.713076539859275493e-03 2.359376464978110022e+01 1.195726129836100160e+00 1.202974668058557073e-01 5.130565166473388672e-01
4.600000000000000000e+01 -8.787331927285878946e-03 2.306518363584056530e+01 1.177147515899574115e+00 1.163996288406092400e-01 5.425734519958496094e-01
4.700000000000000000e+01 -8.467606811986919460e-03 2.290384062171364121e+01 1.153449759615886361e+00 1.182974002635836935e-01 5.743095874786376953e-01
4.800000000000000000e+01 -7.949733981686244941e-03 2.245876766454872353e+01 1.198209033214598707e+00 9.907329010128233804e-02 5.359275341033935547e-01
4.900000000000000000e+01 -9.121501363128899087e-03 2.279196826697337031e+01 1.229149489676331086e+00 1.150566095695207403e-01 5.458753108978271484e-01
5.000000000000000000e+01 -8.114753383660234382e-03 2.201236901552262637e+01 1.121754534658754077e+00 1.124176605102679416e-01 5.656406879425048828e-01
5.100000000000000000e+01 -7.721598331481299531e-03 2.194166565654136036e+01 1.171897926795338885e+00 9.865235978211800427e-02 5.188539028167724609e-01
5.200000000000000000e+01 -7.576344676165166873e-03 2.239787967039253758e+01 1.162316384731156171e+00 1.085144854234895428e-01 5.212450027465820312e-01
5.300000000000000000e+01 -7.439185163001437937e-03 2.181695416105970153e+01 1.059575621347389474e+00 1.123933494571624503e-01 5.354685783386230469e-01
5.400000000000000000e+01 -7.311132615115938788e-03 2.147800415125903939e+01 1.220105788981914241e+00 9.983750973862411116e-02 5.795738697052001953e-01
5.500000000000000000e+01 -8.244326646757274210e-03 2.178842668883098099e+01 1.128424684189668348e+00 1.185743872454580600e-01 6.267454624176025391e-01
5.600000000000000000e+01 -7.348520181614831559e-03 2.177478772327904366e+01 1.046518047570707211e+00 1.198831416322829607e-01 5.236947536468505859e-01
5.700000000000000000e+01 -5.951589215095175363e-03 2.175061185884946369e+01 1.091093623210984909e+00 1.057184332857043080e-01 5.688030719757080078e-01
5.800000000000000000e+01 -7.059851302500174883e-03 2.157780058398828515e+01 1.134793173424500257e+00 9.891736962266758915e-02 5.642728805541992188e-01
5.900000000000000000e+01 -6.638757082376155715e-03 2.160068521197329972e+01 1.137234291506032946e+00 1.114950882820841538e-01 6.338047981262207031e-01
6.000000000000000000e+01 -6.314995968872158180e-03 2.139277161969893015e+01 1.067075649079277433e+00 1.022286659689530669e-01 5.166559219360351562e-01
6.100000000000000000e+01 -6.891316017016202444e-03 2.004786702005098675e+01 1.111614610679551252e+00 8.617058266697168178e-02 5.909743309020996094e-01
6.200000000000000000e+01 -6.859090564523238030e-03 2.049160696786228186e+01 1.101298920464175435e+00 1.025271779280316348e-01 6.388349533081054688e-01
6.300000000000000000e+01 -6.080762153100276353e-03 2.095627568101580351e+01 1.063895671290600031e+00 1.074432503344857487e-01 5.920794010162353516e-01
6.400000000000000000e+01 -5.795270486318837566e-03 2.057753206920460798e+01 1.106929121858021947e+00 9.393907882937113651e-02 6.144039630889892578e-01
6.500000000000000000e+01 -6.161569270317848387e-03 2.019745408488325111e+01 1.021639547195094311e+00 9.733080755200702872e-02 5.685641765594482422e-01
6.600000000000000000e+01 -5.843753794831440390e-03 2.059291999123779249e+01 1.040828905360228207e+00 1.053596718893702600e-01 6.429073810577392578e-01
6.700000000000000000e+01 -5.189741970872917970e-03 2.093935319060057765e+01 9.691175551618275152e-01 1.053057377280682272e-01 6.079270839691162109e-01
6.800000000000000000e+01 -5.810828190762413331e-03 1.992120119921343502e+01 1.018105877389009484e+00 1.023706949219520129e-01 6.019146442413330078e-01
6.900000000000000000e+01 -5.400381001702476806e-03 1.970680478268374358e+01 1.057839783884101603e+00 8.744703810991807935e-02 5.642449855804443359e-01
7.000000000000000000e+01 -4.801728716554160524e-03 1.955464061231831607e+01 9.945919436486586607e-01 8.765749247773420294e-02 6.308774948120117188e-01
7.100000000000000000e+01 -4.804867456875821889e-03 2.034548753476802929e+01 9.898321927388825658e-01 1.027278368789674573e-01 6.126317977905273438e-01
7.200000000000000000e+01 -4.600032830861367113e-03 1.997796263589177812e+01 9.864505907081814184e-01 9.753378202435693256e-02 6.596779823303222656e-01
7.300000000000000000e+01 -4.573122279558463829e-03 1.936847262088343413e+01 1.004910068844550919e+00 8.995742941346726584e-02 5.949242115020751953e-01
7.400000000000000000e+01 -4.766562353733908713e-03 1.984841097573213986e+01 9.727744751477535035e-01 1.014206826651729565e-01 6.701502799987792969e-01
7.500000000000000000e+01 -5.060721049721411680e-03 1.957840247296729075e+01 9.079862767782200805e-01 1.044252354044851727e-01 7.093613147735595703e-01
7.600000000000000000e+01 -5.229593407154878651e-03 2.019391842401949688e+01 8.793040881655553864e-01 1.136116328650105672e-01 7.041296958923339844e-01
7.700000000000000000e+01 -3.829688094468208792e-03 1.923833918759915207e+01 9.266343363587491444e-01 9.017138359994475438e-02 6.960420608520507812e-01
7.800000000000000000e+01 -3.896596870174833666e-03 1.924672971563806101e+01 9.997081156431162352e-01 9.510707213306644758e-02 6.625475883483886719e-01
7.900000000000000000e+01 -4.415875839960766401e-03 1.943738674820771450e+01 9.318579513126789005e-01 1.027265323939509922e-01 6.538136005401611328e-01
8.000000000000000000e+01 -4.202825389490713430e-03 1.956180478199798856e+01 9.453621989269429537e-01 1.009428641781133923e-01 6.291172504425048828e-01
8.100000000000000000e+01 -4.197082859589484211e-03 1.962568451255160795e+01 9.507206051274346148e-01 1.133121162121353692e-01 6.202485561370849609e-01
8.200000000000000000e+01 -4.148237953125693753e-03 1.915527975114737558e+01 8.993477325071849160e-01 8.988327041793832406e-02 6.194558143615722656e-01
8.300000000000000000e+01 -4.461378547097547172e-03 1.901545685717832512e+01 9.225044257408613335e-01 9.364133135595600899e-02 6.353704929351806641e-01
8.400000000000000000e+01 -3.692013071338682423e-03 1.856458743832214253e+01 9.091561775168406356e-01 8.191749567694196765e-02 6.314127445220947266e-01
8.500000000000000000e+01 -4.107093392548431289e-03 1.866487197301762180e+01 9.100185209485449622e-01 8.454257581218133089e-02 6.108431816101074219e-01
8.600000000000000000e+01 -3.629674425243451397e-03 1.923705696523776254e+01 8.894065648330136131e-01 9.500893473047059001e-02 6.706986427307128906e-01
8.700000000000000000e+01 -3.804079695217713400e-03 1.869225159768094358e+01 8.817603581980746341e-01 8.784659269639867596e-02 6.249399185180664062e-01
8.800000000000000000e+01 -3.512772999231216810e-03 1.917586790575016664e+01 8.503033297934178281e-01 9.515218610533522636e-02 6.558151245117187500e-01
8.900000000000000000e+01 -3.532013626093380345e-03 1.957304583123997332e+01 8.274417132002499509e-01 1.173801682594695361e-01 7.514076232910156250e-01
9.000000000000000000e+01 -3.051295565614758464e-03 1.959450990769981615e+01 7.973264655271822265e-01 1.041677709542136177e-01 6.690890789031982422e-01
9.100000000000000000e+01 -3.130949794209279564e-03 1.949155383931933372e+01 8.064666476583367549e-01 9.764649900657854098e-02 6.877243518829345703e-01
9.200000000000000000e+01 -3.460565958934648783e-03 1.843451400571996501e+01 8.752914989569680060e-01 8.937653373088870479e-02 6.627137660980224609e-01
9.300000000000000000e+01 -2.782604667369132333e-03 1.884662744481833130e+01 7.906280430932689507e-01 8.197302149912941149e-02 6.591861248016357422e-01
9.400000000000000000e+01 -2.888493989562146858e-03 1.904253859310518138e+01 8.383175419162757214e-01 9.603866697360290139e-02 6.648242473602294922e-01
9.500000000000000000e+01 -2.391733230205686164e-03 1.884449542950151724e+01 8.504200382554986115e-01 8.535743094309458656e-02 6.537439823150634766e-01
9.600000000000000000e+01 -2.671320121485350023e-03 1.877127225460311521e+01 8.416622204482497871e-01 8.712367424426052664e-02 6.740760803222656250e-01
9.700000000000000000e+01 -2.455324039135364702e-03 1.917795994513192426e+01 8.294505500430985334e-01 9.761861391064767524e-02 7.207233905792236328e-01
9.800000000000000000e+01 -2.765894012200727919e-03 1.885639305793360876e+01 8.052601975760619313e-01 8.856917409069281488e-02 7.419514656066894531e-01
9.900000000000000000e+01 -2.198841690527888332e-03 1.949256223190477755e+01 7.709549659006974531e-01 9.710533223422959659e-02 7.099678516387939453e-01
