2.000000000000000000e+00 -1.218746400165731936e-01 2.150383906086736260e+03 1.268421654943700849e+00 3.530211356999360950e-01 4.406702518463134766e+00
3.000000000000000000e+00 -1.049654473339750871e-01 1.357822382597272508e+03 1.883227819198698638e+00 2.421095840007549682e-01 1.113772058486938477e+01
4.000000000000000000e+00 -9.235150221981795748e-02 1.084991327731082720e+03 2.061161891847028027e+00 1.736346274998166739e-01 1.150347113609313965e+01
5.000000000000000000e+00 -7.955151442381963589e-02 1.023591196246358436e+03 1.937830484143231669e+00 2.016433810285206130e-01 2.268795847892761230e+01
6.000000000000000000e+00 -6.974949201095737017e-02 9.701458780755933731e+02 1.850433889056936287e+00 1.598671294048555347e-01 1.473803257942199707e+01
7.000000000000000000e+00 -6.774297503250396868e-02 1.026847435808001137e+03 1.902483541103356712e+00 1.518961082566282483e-01 1.133352208137512207e+01
8.000000000000000000e+00 -6.412095178991450428e-02 9.055273749712338258e+02 1.953631888706996556e+00 1.427012225804877854e-01 1.088842415809631348e+01
9.000000000000000000e+00 -6.238305022725290638e-02 8.759664469745944189e+02 1.942221519475075375e+00 1.534505171983028826e-01 1.235210633277893066e+01
1.000000000000000000e+01 -5.668678167897111403e-02 8.086070813368161225e+02 2.099397811157277527e+00 9.932450014864109555e-02 1.230562114715576172e+01
1.100000000000000000e+01 -5.769882374192550345e-02 7.679454417529949524e+02 2.025916389879248936e+00 1.031815178609269135e-01 1.741423988342285156e+01
1.200000000000000000e+01 -4.990142653825763858e-02 6.985567561872022679e+02 2.470522149080228047e+00 7.551463989859621972e-02 1.647017121315002441e+01
1.300000000000000000e+01 -4.949259503728750675e-02 6.843447796626621766e+02 2.376767444900904191e+00 8.224365524837164154e-02 1.668944764137268066e+01
1.400000000000000000e+01 -4.866858611638068266e-02 6.696574510993425520e+02 2.313259796552148195e+00 9.329716999379571163e-02 1.396966648101806641e+01
1.500000000000000000e+01 -4.703779240389782679e-02 6.337929167496313312e+02 2.496492171814417294e+00 9.566068591989725090e-02 2.214763045310974121e+01
1.600000000000000000e+01 -4.427900166217105249e-02 6.193477707979151319e+02 2.308803359002826294e+00 8.687559070262076966e-02 1.871866106986999512e+01
1.700000000000000000e+01 -4.292837043920526285e-02 5.855377964948386307e+02 2.493379667132801902e+00 8.740002961308876439e-02 2.187311148643493652e+01
1.800000000000000000e+01 -4.146942461984314682e-02 5.716317762414669232e+02 2.343108886772939936e+00 9.264157826645710858e-02 2.337815833091735840e+01
1.900000000000000000e+01 -3.997001996214913366e-02 5.384344377793870535e+02 2.343166899497713729e+00 8.339444471195660291e-02 2.246797466278076172e+01
2.000000000000000000e+01 -3.871189980210951176e-02 5.215316493781078862e+02 2.381963240835010875e+00 8.603906048091881920e-02 1.717726325988769531e+01
2.100000000000000000e+01 -3.739342947773716813e-02 4.995343891391502780e+02 2.549475573777575388e+00 8.161618097141533357e-02 1.865892529487609863e+01
2.200000000000000000e+01 -3.571107603290242516e-02 4.794351578978496491e+02 2.487725814117437206e+00 7.464746225385422707e-02 1.742912292480468750e+01
2.300000000000000000e+01 -3.474572985816472281e-02 4.689755459230445922e+02 2.440737886999667428e+00 8.253616802176409750e-02 2.303740310668945312e+01
2.400000000000000000e+01 -3.395817436874226658e-02 4.525731573908294649e+02 2.456818497196619600e+00 7.260733766000913858e-02 1.901314282417297363e+01
2.500000000000000000e+01 -3.338256107840861103e-02 4.397439522496558197e+02 2.504253886022298037e+00 7.215445131396873435e-02 1.733185076713562012e+01
2.600000000000000000e+01 -3.294296624544145596e-02 4.334510491023179384e+02 2.556376314493648216e+00 7.621584329927416634e-02 2.184933137893676758e+01
2.700000000000000000e+01 -3.159751106647095548e-02 4.229060851390401012e+02 2.441275678930458604e+00 7.763695325753107446e-02 2.069987177848815918e+01
2.800000000000000000e+01 -3.116441201094697147e-02 4.103243173861596915e+02 2.440393845536125372e+00 6.479079304272378215e-02 2.076649713516235352e+01
2.900000000000000000e+01 -3.062768245189093422e-02 4.032379981048705986e+02 2.428212493634250180e+00 7.293261944848435097e-02 2.400480747222900391e+01
3.000000000000000000e+01 -2.904560601001979908e-02 3.976257214014808028e+02 2.363583605277919553e+00 6.861728498657354569e-02 2.207563734054565430e+01
3.100000000000000000e+01 -2.849967483824732487e-02 3.774279692935189701e+02 2.519077875013818080e+00 6.855471797625729835e-02 2.206815910339355469e+01
3.200000000000000000e+01 -2.914814247732727334e-02 3.808734680532496100e+02 2.439188600211045888e+00 7.074374848946569927e-02 2.116138124465942383e+01
3.300000000000000000e+01 -2.689301583646960814e-02 3.872239450642373413e+02 2.352754526795739487e+00 6.576549242849344390e-02 2.788789439201354980e+01
3.400000000000000000e+01 -2.412081506465522246e-02 3.733633626301656818e+02 2.309696466322242792e+00 7.152795061051063497e-02 2.132046580314636230e+01
3.500000000000000000e+01 -2.558491391695391290e-02 3.678077458248152993e+02 2.270302116744218335e+00 7.184616331454563021e-02 2.385944533348083496e+01
3.600000000000000000e+01 -2.558813692181302613e-02 3.597675049207267080e+02 2.357790917739232217e+00 7.085891766944805992e-02 2.184500861167907715e+01
3.700000000000000000e+01 -2.288258537299849363e-02 3.444188499522849725e+02 2.419926153139548397e+00 5.416795009657462273e-02 2.331474137306213379e+01
3.800000000000000000e+01 -2.591526457114788975e-02 3.536966142039885312e+02 2.274500914939198370e+00 6.441218349648369923e-02 2.409615921974182129e+01
3.900000000000000000e+01 -2.365959850611708618e-02 3.404919158553955754e+02 2.354577391804330233e+00 6.215630971970428215e-02 2.568679094314575195e+01
4.000000000000000000e+01 -2.396609447613353566e-02 3.429261171875869536e+02 2.375977974995261643e+00 6.231714175241111209e-02 1.982746195793151855e+01
4.100000000000000000e+01 -2.462696746530297631e-02 3.371762702902212254e+02 2.256926375822617903e+00 6.263510260479217273e-02 1.987984156608581543e+01
4.200000000000000000e+01 -2.388055865764870597e-02 3.150626389350864542e+02 2.391496494360041858e+00 6.154738813267793263e-02 2.635500025749206543e+01
4.300000000000000000e+01 -2.146681194633897477e-02 3.197993533881030999e+02 2.334363079612048253e+00 5.990499341993581889e-02 2.384605503082275391e+01
4.400000000000000000e+01 -2.207116500266452161e-02 3.212684476978269572e+02 2.235134197777243870e+00 6.163583311303208467e-02 2.767082810401916504e+01
4.500000000000000000e+01 -2.147847274030554102e-02 3.180424150947667385e+02 2.203684820656055088e+00 6.436644136581549935e-02 2.702723884582519531e+01
4.600000000000000000e+01 -2.301090708893996362e-02 3.103252584309265103e+02 2.389774510243927175e+00 5.814508578179052034e-02 2.844821000099182129e+01
4.700000000000000000e+01 -2.099763262537936853e-02 3.127522467038303944e+02 2.270562492359265327e+00 5.849925799061315990e-02 2.529771089553833008e+01
4.800000000000000000e+01 -2.175391304057710390e-02 3.034412064699550911e+02 2.226153980945213551e+00 5.922471696411975989e-02 2.418042302131652832e+01
4.900000000000000000e+01 -2.080966495615461237e-02 3.031042419073150427e+02 2.252449319656040227e+00 6.012169008234082013e-02 1.981474614143371582e+01
5.000000000000000000e+01 -2.114596334832700986e-02 2.967635775860636045e+02 2.306873074950162472e+00 5.674977812200215910e-02 2.259469914436340332e+01
5.100000000000000000e+01 -1.909064217782856232e-02 2.950754803434894029e+02 2.328598045123146498e+00 5.795749089209123461e-02 1.885604071617126465e+01
5.200000000000000000e+01 -1.781889169471538581e-02 2.952650128984440130e+02 2.314725765430552418e+00 5.598998414704302318e-02 2.109436869621276855e+01
5.300000000000000000e+01 -1.802438222048464642e-02 2.990214998967422844e+02 2.165602100106764905e+00 6.050670684411072614e-02 2.100546860694885254e+01
5.400000000000000000e+01 -1.969063088903406922e-02 2.864152426168676016e+02 2.361448672296196261e+00 5.570828783355707275e-02 2.537543654441833496e+01
5.500000000000000000e+01 -1.791428257346509498e-02 2.872437565064205387e+02 2.217442498214227342e+00 5.702249378183391754e-02 1.968327808380126953e+01
5.600000000000000000e+01 -1.901847974106769812e-02 2.751961117020420602e+02 2.260382942116826666e+00 5.281376034519030122e-02 2.045180583000183105e+01
5.700000000000000000e+01 -1.934991178731889153e-02 2.752379445598078291e+02 2.369834323045259872e+00 5.612963179711757955e-02 2.264321804046630859e+01
5.800000000000000000e+01 -1.804962256870706536e-02 2.778360287854155786e+02 2.192414884755826687e+00 5.695182041566249770e-02 1.934394001960754395e+01
5.900000000000000000e+01 -1.857493199110430912e-02 2.698660339496460665e+02 2.305613166667690894e+00 5.287373708795089361e-02 2.182052445411682129e+01
6.000000000000000000e+01 -1.807766950931573996e-02 2.644220743633828192e+02 2.303316616142459416e+00 4.580754430844091035e-02 2.114280366897583008e+01
6.100000000000000000e+01 -1.831206251013156941e-02 2.594599060800421171e+02 2.302539816247240356e+00 4.780572101613211888e-02 2.097430109977722168e+01
6.200000000000000000e+01 -1.651095523498339809e-02 2.619452743352921402e+02 2.245464152298077831e+00 5.446307104684688233e-02 2.739043474197387695e+01
6.300000000000000000e+01 -1.812479258443961197e-02 2.589308208849340645e+02 2.299756124208423902e+00 5.006966111305335282e-02 2.305074596405029297e+01
6.400000000000000000e+01 -1.534765966600333716e-02 2.648955049718554733e+02 2.321082744816167498e+00 5.341330946010711817e-02 2.601847743988037109e+01
6.500000000000000000e+01 -1.789826605479715241e-02 2.538080490137764684e+02 2.388833139838309361e+00 4.281555689207598020e-02 1.954422736167907715e+01
6.600000000000000000e+01 -1.725826822140067926e-02 2.566521424460594289e+02 2.389768947603184923e+00 4.180004343073273620e-02 2.064517140388488770e+01
6.700000000000000000e+01 -1.749814754525661972e-02 2.436009975537832304e+02 2.305308001849593502e+00 4.897295707779302648e-02 2.300555396080017090e+01
6.800000000000000000e+01 -1.550246916962983584e-02 2.514319986263569717e+02 2.277495364825362856e+00 4.094823920648925364e-02 2.019291448593139648e+01
6.900000000000000000e+01 -1.630193169190794281e-02 2.484455039066076552e+02 2.219672279254774949e+00 5.424508756449861191e-02 2.112059187889099121e+01
7.000000000000000000e+01 -1.594337647769948629e-02 2.438555014789589848e+02 2.246350967722710035e+00 5.006602532922698606e-02 2.566680264472961426e+01
7.100000000000000000e+01 -1.621659390071333862e-02 2.382877667636994374e+02 2.368839235243136887e+00 3.869900776649601304e-02 2.191720914840698242e+01
7.200000000000000000e+01 -1.625555909427296372e-02 2.385514057439532962e+02 2.218564791946305625e+00 4.119035562969868003e-02 2.384725427627563477e+01
7.300000000000000000e+01 -1.507142177899919132e-02 2.407492573642922764e+02 2.275122489922588809e+00 4.228666657552995756e-02 2.426018595695495605e+01
7.400000000000000000e+01 -1.582582795251095270e-02 2.345785202492483847e+02 2.322119284667090611e+00 3.856322424683430311e-02 2.384809088706970215e+01
7.500000000000000000e+01 -1.670094995868956836e-02 2.250271070848625072e+02 2.301960391148630602e+00 4.042797009911203859e-02 3.490243673324584961e+01
7.600000000000000000e+01 -1.361885511466033420e-02 2.324147825021921676e+02 2.322487362147818590e+00 3.779560206678660161e-02 2.439118123054504395e+01
7.700000000000000000e+01 -1.444144267474208390e-02 2.430242244457078868e+02 2.159559677186876137e+00 4.344366126100913938e-02 2.289651155471801758e+01
7.800000000000000000e+01 -1.396261476823903482e-02 2.284325598640779162e+02 2.241067593463660135e+00 4.640532117381460792e-02 2.157972669601440430e+01
7.900000000000000000e+01 -1.421492772748134993e-02 2.264424167553787299e+02 2.366359596087593609e+00 4.289697075790343400e-02 2.226478409767150879e+01
8.000000000000000000e+01 -1.467144636038507886e-02 2.242312053796248676e+02 2.299491872708901319e+00 4.064464162206736508e-02 2.555694055557250977e+01
8.100000000000000000e+01 -1.370810733940890265e-02 2.308287049045330832e+02 2.236869445536525003e+00 4.497276674801374552e-02 2.732717895507812500e+01
8.200000000000000000e+01 -1.455145546181026324e-02 2.163840444071019817e+02 2.286725965923572357e+00 3.361377322252862704e-02 2.441676187515258789e+01
8.300000000000000000e+01 -1.388285178097389133e-02 2.139434293085619458e+02 2.342240783290379547e+00 3.579011756447725984e-02 2.138871455192565918e+01
8.400000000000000000e+01 -1.420701140276043120e-02 2.139058117102291305e+02 2.320567503911568075e+00 3.387175280358876300e-02 2.373281097412109375e+01
8.500000000000000000e+01 -1.395428719169219609e-02 2.158287302076602714e+02 2.298879760737018607e+00 3.665548326552151709e-02 1.826837277412414551e+01
8.600000000000000000e+01 -1.300542939302791294e-02 2.118754339417063761e+02 2.280733226010230652e+00 3.589321435621264933e-02 2.668796563148498535e+01
8.700000000000000000e+01 -1.369794427698067807e-02 2.110068712009963861e+02 2.326659885637421432e+00 3.227941192054003400e-02 2.787651467323303223e+01
8.800000000000000000e+01 -1.362782179366969076e-02 2.113398573170401278e+02 2.322798827818943312e+00 3.832172433243978549e-02 2.165382623672485352e+01
8.900000000000000000e+01 -1.437534707208062632e-02 2.106273887777458356e+02 2.314017930448856397e+00 3.852219271813962786e-02 2.204008197784423828e+01
9.000000000000000000e+01 -1.349447289295525529e-02 2.123956956177737254e+02 2.292265845327742912e+00 3.211341805252546783e-02 2.216791629791259766e+01
9.100000000000000000e+01 -1.325088904428895452e-02 2.080525883005146568e+02 2.252452328192397157e+00 3.108241557071168490e-02 2.940653371810913086e+01
9.200000000000000000e+01 -1.359969175445480127e-02 2.050672672158610510e+02 2.384737177334968372e+00 3.267913108762111885e-02 2.665651941299438477e+01
9.300000000000000000e+01 -1.265431188028706862e-02 2.053317527791758721e+02 2.339092041766637209e+00 3.346212832267864840e-02 2.197466230392456055e+01
9.400000000000000000e+01 -1.340669011227184695e-02 1.985957887718284951e+02 2.366667592080622384e+00 3.304281272034377548e-02 2.382584095001220703e+01
9.500000000000000000e+01 -1.373728229259314933e-02 1.939633075024217135e+02 2.378740276345159277e+00 2.641812202442943638e-02 2.540764832496643066e+01
9.600000000000000000e+01 -1.230155518312160343e-02 1.976569940451457228e+02 2.269852195200098954e+00 2.684359108182350281e-02 2.636066746711730957e+01
9.700000000000000000e+01 -1.222124691973885784e-02 2.012102115887528555e+02 2.214080401819279231e+00 3.919038651082951130e-02 2.438298726081848145e+01
9.800000000000000000e+01 -1.224836156369771625e-02 2.011154281477635095e+02 2.322970325292475824e+00 3.280372224222553867e-02 2.779592537879943848e+01
9.900000000000000000e+01 -1.229846535811008994e-02 1.975687480354749255e+02 2.307708634045846807e+00 2.817940377779787689e-02 2.464872932434082031e+01
