2.000000000000000000e+00 9.141030218609397240e-02 9.843810423067935744e+01 2.709641125625909197e+00 1.209809675599572421e-01 1.193690061569213867e+00
3.000000000000000000e+00 8.319614280271662998e-02 7.297875359565442466e+01 3.101137337062105370e+00 8.181440159496669584e-02 1.357747554779052734e+00
4.000000000000000000e+00 7.280568210675725238e-02 5.733035087164633836e+01 3.601728372155590385e+00 5.598361068416071035e-02 1.770957708358764648e+00
5.000000000000000000e+00 6.664809964579318513e-02 4.721042783018186384e+01 4.054837287663248802e+00 4.147757230064016976e-02 2.363882780075073242e+00
6.000000000000000000e+00 6.098783401064938881e-02 3.956603558184838221e+01 4.627642948248584354e+00 3.423260759802333741e-02 2.201117515563964844e+00
7.000000000000000000e+00 5.631279202129217676e-02 3.386985940574158604e+01 5.009684881522676214e+00 2.760803115386607776e-02 2.182383060455322266e+00
8.000000000000000000e+00 4.834177979762642463e-02 3.270283022054583455e+01 4.802575920638580520e+00 2.914139778439714737e-02 1.779998302459716797e+00
9.000000000000000000e+00 4.085477039035240177e-02 3.426966409704117922e+01 3.914115078434039052e+00 2.209409958069886992e-02 1.667542695999145508e+00
1.000000000000000000e+01 4.309582124950853826e-02 2.934437898471138340e+01 4.423356446629979288e+00 -5.751402572569774656e-03 1.961552381515502930e+00
1.100000000000000000e+01 3.935796607544227860e-02 3.061654218772702052e+01 4.008379613182513346e+00 3.331811925626650909e-03 1.418991088867187500e+00
1.200000000000000000e+01 3.582635217537814831e-02 2.926222204865053556e+01 3.862642651843400277e+00 3.658675912879992640e-03 1.971795558929443359e+00
1.300000000000000000e+01 3.186496914072012299e-02 2.816319305070283363e+01 4.049955135821463159e+00 2.328236811871628974e-03 1.946574687957763672e+00
1.400000000000000000e+01 3.121080879831847343e-02 2.847100715381175817e+01 3.823960328228627414e+00 -1.520055939292677899e-03 1.922401905059814453e+00
1.500000000000000000e+01 2.747339319764276894e-02 2.579319990841141674e+01 4.258421372125257065e+00 -4.060471091156050115e-03 2.166190385818481445e+00
1.600000000000000000e+01 2.928778916155147516e-02 2.499498219969128954e+01 4.077631178344913288e+00 -6.272567828890668502e-03 1.766830444335937500e+00
1.700000000000000000e+01 2.333472385482696435e-02 2.743964189637920015e+01 3.631974640019813183e+00 -1.222840022511441534e-02 1.895804166793823242e+00
1.800000000000000000e+01 2.508220567049769881e-02 2.262423990986363975e+01 4.462331779800289056e+00 -2.756834565097369960e-02 1.789096832275390625e+00
1.900000000000000000e+01 2.660595689448670698e-02 2.496652466541925008e+01 3.402076995748819499e+00 -6.232520878487729683e-03 2.130785465240478516e+00
2.000000000000000000e+01 2.513977603135703759e-02 2.288462228667975040e+01 3.724323292855024725e+00 -2.352702344475565005e-02 1.767785549163818359e+00
2.100000000000000000e+01 2.121006590323421329e-02 2.287587861444061232e+01 3.801648299147404764e+00 -1.631443364625786985e-02 2.195241928100585938e+00
2.200000000000000000e+01 1.853451067307178637e-02 2.399705709368690876e+01 3.712303062182188640e+00 -2.361370504349280530e-02 2.500611543655395508e+00
2.300000000000000000e+01 2.416850596239495177e-02 2.000302755645222774e+01 3.825154310987620043e+00 -1.876523682249441397e-02 2.063847780227661133e+00
2.400000000000000000e+01 1.879686656265007472e-02 2.105756400930386363e+01 3.477495980081920290e+00 -2.747958169329018513e-02 2.110832929611206055e+00
2.500000000000000000e+01 1.874578578483082278e-02 2.272135480638361571e+01 3.631314374075324203e+00 -1.885808028829159128e-02 1.753154993057250977e+00
2.600000000000000000e+01 1.618484256946171179e-02 2.639697026077660169e+01 3.281674073262773383e+00 -1.121127044423509377e-02 1.916917324066162109e+00
2.700000000000000000e+01 1.575826659784088438e-02 2.180632947492501827e+01 3.688396881105445058e+00 -4.092495036629125588e-02 2.236360311508178711e+00
2.800000000000000000e+01 1.660632211056240967e-02 2.313569343874793915e+01 3.070912392635292143e+00 -3.713208399185988218e-02 2.051501035690307617e+00
2.900000000000000000e+01 1.228669823457003048e-02 2.440502234509846247e+01 3.346724386882257818e+00 -4.169719969540926913e-02 1.958136558532714844e+00
3.000000000000000000e+01 1.279822891610814771e-02 2.421232140314215542e+01 3.465456070458958759e+00 -2.229509364176460520e-02 1.822165012359619141e+00
3.100000000000000000e+01 1.131184580175882172e-02 2.481024619475916282e+01 3.034315419470688724e+00 -2.242799199195983501e-02 2.475082397460937500e+00
3.200000000000000000e+01 1.118014280678777256e-02 2.617417974011492277e+01 3.263812947656361541e+00 -1.921300653943375583e-02 2.263822317123413086e+00
3.300000000000000000e+01 1.351352912585200919e-02 2.400139850622209181e+01 3.014399095007405993e+00 -2.828987980013157946e-02 2.188962221145629883e+00
3.400000000000000000e+01 1.080669575870937121e-02 2.272729335467438361e+01 3.108232374163942602e+00 -4.143048273624208577e-02 1.566780328750610352e+00
3.500000000000000000e+01 8.148231726608473613e-03 2.879461678861842699e+01 3.163107742489958074e+00 -1.868462068485179234e-02 1.683523654937744141e+00
3.600000000000000000e+01 9.649282873887351716e-03 2.589801092380511705e+01 3.054915469541457540e+00 -1.124217537353812413e-02 1.712931156158447266e+00
3.700000000000000000e+01 7.920372826357373330e-03 2.522410135601523251e+01 2.972875975164875229e+00 -2.539564891677033309e-02 1.872321605682373047e+00
3.800000000000000000e+01 9.977656051058221565e-03 2.500824567668932019e+01 3.047279628327904000e+00 -2.232815776506901634e-02 1.523355960845947266e+00
3.900000000000000000e+01 8.679487906258661484e-03 2.272234721054500284e+01 3.222210741886189833e+00 -4.507785656460430723e-02 1.591584205627441406e+00
4.000000000000000000e+01 7.375634199525955489e-03 2.376932366844465960e+01 2.920249277574579860e+00 -2.656545587792562280e-02 1.924689769744873047e+00
4.100000000000000000e+01 7.516060691039521367e-03 2.448242891597145743e+01 3.056083844800051352e+00 -2.606200550872203245e-02 1.766340732574462891e+00
4.200000000000000000e+01 6.623967822308208207e-03 2.676366842120348721e+01 3.092938576765208669e+00 -2.331282965901241080e-02 2.021371603012084961e+00
4.300000000000000000e+01 6.465677066991627059e-03 2.508570294568838932e+01 3.057618363127517558e+00 -3.190109229380957978e-02 1.837186336517333984e+00
4.400000000000000000e+01 8.551381403496630465e-03 2.353724648219166937e+01 2.994990954469364031e+00 -2.773469802211236263e-02 2.170671701431274414e+00
4.500000000000000000e+01 7.665715748040831563e-03 2.427882798513070739e+01 2.978301441538721228e+00 -2.045592451101272205e-02 2.245719909667968750e+00
4.600000000000000000e+01 6.281583614928297823e-03 2.478196646680780901e+01 3.151383605896054263e+00 -2.029804169227476460e-02 1.899504184722900391e+00
4.700000000000000000e+01 5.670545117719054048e-03 2.617478425211261950e+01 3.069275246247245459e+00 -2.221546457495428284e-02 2.015470981597900391e+00
4.800000000000000000e+01 6.460178407949420352e-03 2.540246750567769851e+01 2.737428058764579841e+00 -2.244294715556456599e-02 1.853091478347778320e+00
4.900000000000000000e+01 7.392602275510130189e-03 2.118732755298001891e+01 3.184509536308231414e+00 -2.924086674123538634e-02 1.990085840225219727e+00
5.000000000000000000e+01 6.214370086579493885e-03 2.402164074716985809e+01 2.917643403628801479e+00 -3.377627875689460241e-02 1.904531478881835938e+00
5.100000000000000000e+01 6.433376915223871714e-03 2.295440599294563455e+01 2.921921921467162786e+00 -3.084167318765960661e-02 2.335161924362182617e+00
5.200000000000000000e+01 5.492710527747047058e-03 2.319256498141026057e+01 2.998267042725383913e+00 -3.289635952535231722e-02 1.865098953247070312e+00
5.300000000000000000e+01 6.204455199548217573e-03 2.294916894274876640e+01 3.096716750666905771e+00 -3.488312546308069279e-02 2.115118741989135742e+00
5.400000000000000000e+01 6.251335200262436199e-03 2.495934211460648910e+01 2.892388994285260750e+00 -2.264748439314545961e-02 2.281522989273071289e+00
5.500000000000000000e+01 4.145290741437728313e-03 2.504587960769466903e+01 2.925059542609639518e+00 -2.468306339321243992e-02 2.237637281417846680e+00
5.600000000000000000e+01 5.107849011550470893e-03 2.438579701427889646e+01 2.968804492471412537e+00 -1.325570224203659851e-02 2.246431589126586914e+00
5.700000000000000000e+01 5.607640666878420214e-03 2.206670710683928149e+01 3.093523374818499594e+00 -3.614404853521487743e-02 2.110144853591918945e+00
5.800000000000000000e+01 4.993336441420526996e-03 2.248698606522699350e+01 2.937463333212485761e+00 -3.639816579943314784e-02 1.951730251312255859e+00
5.900000000000000000e+01 4.924460620172315707e-03 2.464527275759224167e+01 2.836399438609618517e+00 -2.539310199161110351e-02 2.081662654876708984e+00
6.000000000000000000e+01 5.110198940569922119e-03 2.319085483512494150e+01 3.015160632757141190e+00 -1.962005523052448228e-02 2.093662500381469727e+00
6.100000000000000000e+01 5.131367516138402377e-03 2.358734436891813857e+01 2.918173844436856346e+00 -2.116369067327602757e-02 2.044189929962158203e+00
6.200000000000000000e+01 4.952986393011285342e-03 2.249405533540518221e+01 3.000702430908078977e+00 -2.633245006069395711e-02 1.928860187530517578e+00
6.300000000000000000e+01 4.457013900722416912e-03 2.287403557610304716e+01 3.017755814845851869e+00 -2.536624278301714830e-02 1.940336704254150391e+00
6.400000000000000000e+01 4.280102285417563754e-03 2.472776843748392395e+01 2.835060180626119752e+00 -3.318905329094182927e-02 2.211205244064331055e+00
6.500000000000000000e+01 5.054786147717533866e-03 2.301947280834534482e+01 2.944769990119533443e+00 -3.829142201465549067e-02 2.429306268692016602e+00
6.600000000000000000e+01 4.661528633915248271e-03 2.367710388506684183e+01 2.764245040747614013e+00 -2.471726647726793513e-02 2.226261854171752930e+00
6.700000000000000000e+01 3.909019626940129707e-03 2.287083327388607756e+01 2.959601777057121463e+00 -3.340570297756487866e-02 2.040035009384155273e+00
6.800000000000000000e+01 4.271056503533217363e-03 2.280213134868546021e+01 2.893991081936914789e+00 -2.894426571589039238e-02 1.999605894088745117e+00
6.900000000000000000e+01 4.010755133235034513e-03 2.339578622333857183e+01 2.901343532862236341e+00 -2.794739006296580522e-02 2.010755777359008789e+00
7.000000000000000000e+01 4.255650274408439258e-03 2.375272012055215853e+01 2.848898546282595756e+00 -3.012085799566500272e-02 2.166155815124511719e+00
7.100000000000000000e+01 4.361108597368598856e-03 2.163165551144640020e+01 2.975407450105779450e+00 -3.194550797838655726e-02 1.946258068084716797e+00
7.200000000000000000e+01 4.245018593786253382e-03 2.202452508846335277e+01 2.935359126134995389e+00 -3.681238154025303494e-02 2.153584718704223633e+00
7.300000000000000000e+01 3.952487757898043123e-03 2.225632262307619769e+01 2.905424303277895248e+00 -3.317472057469928598e-02 2.181205511093139648e+00
7.400000000000000000e+01 4.208126480310026528e-03 2.175892736474309785e+01 2.988227207548979969e+00 -3.731923907732961204e-02 2.185849428176879883e+00
7.500000000000000000e+01 3.878152283844703112e-03 2.093480067243508103e+01 2.805608041436124633e+00 -4.878655948425804356e-02 2.288410186767578125e+00
7.600000000000000000e+01 3.440251649545682938e-03 2.257883981338774149e+01 2.758089629444057334e+00 -3.559403025522180769e-02 2.339179992675781250e+00
7.700000000000000000e+01 3.362420755437269676e-03 2.195152081568335589e+01 2.799834132362304384e+00 -3.227301858356908248e-02 2.207436323165893555e+00
7.800000000000000000e+01 3.304013580869110799e-03 2.259943568672506586e+01 2.668432873607460731e+00 -3.692781203890010966e-02 2.313395738601684570e+00
7.900000000000000000e+01 3.511634357147005569e-03 2.174814037456161486e+01 2.803468097652979107e+00 -3.306656896188384098e-02 2.491417646408081055e+00
8.000000000000000000e+01 3.883022501730381063e-03 2.224897581526177603e+01 2.762806375808374959e+00 -3.754339270331112643e-02 2.117241859436035156e+00
8.100000000000000000e+01 3.154129981253516249e-03 2.269488165904272137e+01 2.707110617350238613e+00 -3.493004958520564557e-02 2.294330358505249023e+00
8.200000000000000000e+01 3.394305224584427683e-03 2.174064619553341515e+01 2.819332186289702502e+00 -4.418701842491946225e-02 2.042315959930419922e+00
8.300000000000000000e+01 3.731676000449996120e-03 2.293327067484370829e+01 2.612172826856468788e+00 -3.583062264512135858e-02 2.301351308822631836e+00
8.400000000000000000e+01 2.706718515194632933e-03 2.040064636191770830e+01 2.821822852863619335e+00 -4.787683331301417072e-02 2.010376930236816406e+00
8.500000000000000000e+01 3.320921485170972957e-03 2.018653296095723348e+01 2.706692468160551979e+00 -5.343687223407458942e-02 2.047322750091552734e+00
8.600000000000000000e+01 2.872116250129826218e-03 2.092696644067543588e+01 2.617267777754516800e+00 -4.655661274723581211e-02 2.256117343902587891e+00
8.700000000000000000e+01 2.784161947648703707e-03 2.155686389309682482e+01 2.704467338033718082e+00 -4.186928103179579641e-02 2.123461723327636719e+00
8.800000000000000000e+01 3.393766439631886334e-03 2.091046934130860180e+01 2.694293947150280033e+00 -5.249272376265607526e-02 2.263862609863281250e+00
8.900000000000000000e+01 3.080748957106498563e-03 2.046298212203196343e+01 2.844178413057694144e+00 -4.099727476432505485e-02 1.913077354431152344e+00
9.000000000000000000e+01 2.830608560896336404e-03 2.303747162717222352e+01 2.540995747518316250e+00 -3.619073264160600073e-02 1.918505907058715820e+00
9.100000000000000000e+01 2.126393471126036914e-03 2.161082015207063378e+01 2.656977632222510710e+00 -4.617900062855205545e-02 2.249647140502929688e+00
9.200000000000000000e+01 3.240810705984001512e-03 2.170650935287849848e+01 2.727752908688903410e+00 -3.458674789412531647e-02 2.047125577926635742e+00
9.300000000000000000e+01 3.465098014009384154e-03 2.168284643937483835e+01 2.594060315883838452e+00 -4.662300321543230014e-02 2.197587966918945312e+00
9.400000000000000000e+01 3.227874289581763451e-03 2.091835874369198933e+01 2.593121207257120808e+00 -3.369233559731403538e-02 2.306742668151855469e+00
9.500000000000000000e+01 2.753509687455412379e-03 2.065648820640760164e+01 2.799099106842435791e+00 -5.830966984702845579e-02 1.993931531906127930e+00
9.600000000000000000e+01 3.169469494142492395e-03 2.124242881464896371e+01 2.705564099655323407e+00 -4.689806642901703237e-02 2.170694828033447266e+00
9.700000000000000000e+01 2.321460702744360550e-03 2.158873376284323342e+01 2.532265548039199565e+00 -5.445457220371581475e-02 2.172397136688232422e+00
9.800000000000000000e+01 2.703323450319079432e-03 1.927256177848246566e+01 2.709382631365861105e+00 -5.193141540591059147e-02 2.005388736724853516e+00
9.900000000000000000e+01 2.979717301464950441e-03 1.983653076737983767e+01 2.772344106812301590e+00 -5.072616518038495365e-02 2.216209650039672852e+00
