2.000000000000000000e+00 3.425290858231598567e-02 6.736871944616977999e+02 3.649076542837723203e+00 -1.506124471067329853e-03 2.985193300247192383e+01
3.000000000000000000e+00 3.919998043928615838e-02 5.590662098321026861e+02 4.038552660748245593e+00 -1.129694686286210510e-02 4.424470067024230957e+01
4.000000000000000000e+00 2.504941371934672756e-02 4.948239316178660374e+02 4.179924315600925588e+00 -2.001457039349875677e-03 5.075197792053222656e+01
5.000000000000000000e+00 3.071176867431262697e-02 4.383871062043148186e+02 3.983312840326918014e+00 -1.770742337893191354e-02 6.898539376258850098e+01
6.000000000000000000e+00 2.574504934442892884e-02 4.076766604896445756e+02 3.864238347144743013e+00 -1.261478764141578043e-02 7.634791398048400879e+01
7.000000000000000000e+00 2.350715640285983357e-02 3.785845709140110102e+02 3.845316115812319691e+00 -8.892177425029255955e-03 9.876660776138305664e+01
8.000000000000000000e+00 1.940357845923911320e-02 3.511835789999778967e+02 4.038594919084738777e+00 -1.707891104819563195e-03 1.030197281837463379e+02
9.000000000000000000e+00 2.145297773609899580e-02 3.272290753149092097e+02 3.708335082597657539e+00 -1.348358576074488308e-02 1.061273834705352783e+02
1.000000000000000000e+01 2.175791368365654135e-02 3.076200164838471096e+02 3.778066263388018431e+00 -1.239814968173044880e-02 1.256362030506134033e+02
1.100000000000000000e+01 2.093004338376867890e-02 2.930165517828480120e+02 4.158440126874499931e+00 -9.470906248865627181e-03 1.083326861858367920e+02
1.200000000000000000e+01 1.804635464518353563e-02 2.813935647934130202e+02 4.158426753178134483e+00 -7.681689576733000992e-03 1.088650016784667969e+02
1.300000000000000000e+01 1.654330688397772156e-02 2.699911927487241314e+02 4.143419625793868910e+00 -3.432964028847111486e-03 1.183951716423034668e+02
1.400000000000000000e+01 1.783469051516415813e-02 2.582354838250016087e+02 4.194572940982294718e+00 -4.474119949659562286e-03 8.988924837112426758e+01
1.500000000000000000e+01 1.584052871523748685e-02 2.492107007898167694e+02 4.082843599551321034e+00 -2.044765726777895065e-04 1.050654582977294922e+02
1.600000000000000000e+01 1.605888526803099167e-02 2.407225111891590359e+02 4.026975336615018719e+00 2.424391134460707892e-03 9.568290257453918457e+01
1.700000000000000000e+01 1.644591991462727651e-02 2.313116051750016879e+02 3.918773891811477394e+00 2.104854991364358413e-03 1.037226192951202393e+02
1.800000000000000000e+01 1.525736118825613170e-02 2.282444976298593815e+02 3.896453874009626173e+00 4.525519727878879114e-03 9.369042634963989258e+01
1.900000000000000000e+01 1.510747646097501500e-02 2.221353298870464812e+02 4.097265350185473665e+00 5.436774762508490497e-03 9.345224213600158691e+01
2.000000000000000000e+01 1.428142211469958858e-02 2.142906077632635800e+02 3.882661056635910768e+00 5.216956282180690296e-03 1.152507016658782959e+02
2.100000000000000000e+01 1.471080174881049876e-02 2.120268064367172371e+02 3.634274363361420956e+00 9.493678288227910475e-03 8.999778747558593750e+01
2.200000000000000000e+01 1.184489665790136766e-02 2.078955893118541667e+02 3.724866120042589657e+00 9.045734247188994687e-03 9.151721048355102539e+01
2.300000000000000000e+01 1.236466307748208468e-02 2.037128989524553901e+02 3.636776354711132253e+00 1.066998047951023786e-02 1.092878637313842773e+02
2.400000000000000000e+01 1.264297017097624348e-02 1.990735100662227239e+02 3.657079351807944523e+00 1.069968806486852088e-02 1.067371535301208496e+02
2.500000000000000000e+01 1.231616245034840816e-02 1.966712073716657301e+02 3.594257782547873425e+00 1.374079457780955429e-02 1.025715839862823486e+02
2.600000000000000000e+01 1.207904781508385185e-02 1.935840235507994578e+02 3.534182790477740532e+00 1.516251990565227123e-02 1.016925678253173828e+02
2.700000000000000000e+01 1.165731941777812565e-02 1.904199618515041550e+02 3.577061913139392146e+00 1.734684436314256825e-02 1.076885328292846680e+02
2.800000000000000000e+01 1.186656839754203670e-02 1.870950441473150647e+02 3.573299241369570556e+00 1.857462597909105215e-02 1.356652107238769531e+02
2.900000000000000000e+01 1.077019109963245173e-02 1.845093846779728892e+02 3.569182323438548465e+00 2.051947525275579776e-02 8.272000932693481445e+01
3.000000000000000000e+01 1.073364664635739762e-02 1.821904631228431128e+02 3.560857086755524925e+00 2.277058633379181601e-02 1.149521801471710205e+02
3.100000000000000000e+01 1.028318298176881390e-02 1.799064968134732965e+02 3.495386476157575917e+00 2.439590241548793975e-02 1.235412528514862061e+02
3.200000000000000000e+01 1.190148124207867676e-02 1.743368625902214433e+02 3.379881416056387700e+00 2.275517949225442510e-02 1.044877450466156006e+02
3.300000000000000000e+01 1.036922900942266468e-02 1.729545364920917052e+02 3.493179921836555568e+00 2.105646760437642276e-02 1.213153433799743652e+02
3.400000000000000000e+01 1.065620758402809239e-02 1.707257248400740366e+02 3.489295641525898883e+00 2.353149694974238093e-02 1.470441527366638184e+02
3.500000000000000000e+01 1.073461626344396520e-02 1.687545010961024161e+02 3.421153847497762079e+00 2.545972086164705050e-02 1.121257834434509277e+02
3.600000000000000000e+01 1.010288888804028104e-02 1.658406599434975703e+02 3.388618989329086340e+00 2.368065768548885050e-02 9.419825363159179688e+01
3.700000000000000000e+01 9.329556619876109777e-03 1.664101250670259446e+02 3.387241454629016157e+00 2.905145293471281948e-02 1.307604889869689941e+02
3.800000000000000000e+01 1.112638694502116055e-02 1.600003360360505837e+02 3.349822750974917440e+00 2.567997719718882743e-02 1.378411571979522705e+02
3.900000000000000000e+01 9.882342862290361199e-03 1.599406982658283312e+02 3.382548690384103551e+00 2.966620910851188939e-02 1.104250152111053467e+02
4.000000000000000000e+01 8.621653011310561818e-03 1.585951684464454559e+02 3.492433923785742245e+00 2.962685279818805251e-02 1.146806879043579102e+02
4.100000000000000000e+01 9.867301480294717389e-03 1.563321998118624947e+02 3.347724716136162293e+00 3.066233564186967436e-02 1.124741106033325195e+02
4.200000000000000000e+01 8.574702301944547508e-03 1.553874072384744522e+02 3.314699337709956950e+00 3.073552772782141979e-02 9.071133255958557129e+01
4.300000000000000000e+01 9.501792813866347803e-03 1.522822230576203424e+02 3.269445290077583000e+00 2.984598756069639994e-02 1.011406698226928711e+02
4.400000000000000000e+01 9.826610677665371246e-03 1.502701702259873855e+02 3.272607521110113105e+00 2.981810677426332754e-02 1.367920064926147461e+02
4.500000000000000000e+01 8.690860950286555947e-03 1.504168177166230862e+02 3.261713588704624467e+00 3.492083009318582704e-02 9.871801233291625977e+01
4.600000000000000000e+01 9.539880500130678773e-03 1.454119550466606086e+02 3.359089466297208837e+00 3.178898961804902529e-02 1.055678584575653076e+02
4.700000000000000000e+01 9.574262770919651083e-03 1.452363542087292672e+02 3.256106246675783300e+00 3.090960558755762033e-02 1.144769387245178223e+02
4.800000000000000000e+01 9.073284038819408662e-03 1.435571899320296438e+02 3.314393709196593374e+00 3.354925569811904179e-02 1.349691252708435059e+02
4.900000000000000000e+01 8.309732217851426364e-03 1.455203093138022723e+02 3.207724412016943472e+00 3.687355383751207694e-02 1.054411942958831787e+02
5.000000000000000000e+01 8.083431550356181064e-03 1.429358495120936254e+02 3.241134084042549990e+00 3.753438646153727659e-02 1.208022913932800293e+02
5.100000000000000000e+01 8.601127936321738970e-03 1.420015397668696551e+02 3.226109465902951889e+00 3.658941499768636474e-02 1.241694309711456299e+02
5.200000000000000000e+01 7.716147724542876674e-03 1.411630284970136699e+02 3.259884693429119018e+00 3.713012059374049684e-02 1.077143664360046387e+02
5.300000000000000000e+01 7.934865844357465170e-03 1.401376935112342892e+02 3.180861945042416039e+00 3.936997638646688030e-02 1.148186440467834473e+02
5.400000000000000000e+01 8.096205200892441986e-03 1.384974236335235673e+02 3.205027274427529882e+00 3.959046307077090932e-02 1.189793310165405273e+02
5.500000000000000000e+01 7.495224352453756268e-03 1.369358357427884414e+02 3.173729532595095382e+00 3.992525326027177024e-02 1.221587324142456055e+02
5.600000000000000000e+01 7.491191227932330471e-03 1.371686319100502374e+02 3.123927824720503565e+00 4.255118197442400024e-02 1.231537656784057617e+02
5.700000000000000000e+01 8.701382988843679375e-03 1.340787662885742009e+02 3.141809105452786799e+00 4.228139251429578749e-02 1.351015751361846924e+02
5.800000000000000000e+01 7.401672018377595218e-03 1.337053746219808374e+02 3.152386145744636270e+00 4.209681403453360837e-02 1.210076522827148438e+02
5.900000000000000000e+01 7.736518393938013674e-03 1.334531728730458724e+02 3.154536075809999396e+00 4.430076438004431488e-02 1.122040486335754395e+02
6.000000000000000000e+01 6.898966062442331987e-03 1.329538928461224430e+02 3.076994163461377774e+00 4.419835071299792889e-02 1.163330092430114746e+02
6.100000000000000000e+01 7.284876798992718366e-03 1.314840457753273313e+02 3.132826889538478099e+00 4.503983296890237686e-02 1.382411663532257080e+02
6.200000000000000000e+01 8.450780200465583120e-03 1.282784799091970172e+02 3.222493769469609859e+00 4.372403092255184448e-02 1.166779007911682129e+02
6.300000000000000000e+01 7.772542584203102900e-03 1.276877415314763624e+02 3.109220057755906375e+00 4.338953110795360640e-02 1.172700724601745605e+02
6.400000000000000000e+01 6.871414001280768194e-03 1.269025544824886964e+02 3.082712495493522553e+00 4.448804588545118843e-02 1.128696949481964111e+02
6.500000000000000000e+01 7.372290612295749786e-03 1.276686043814801081e+02 3.154328870987483047e+00 4.863244748983303750e-02 1.192345690727233887e+02
6.600000000000000000e+01 7.280850274286100945e-03 1.261074502418516516e+02 3.105340635802744220e+00 4.776701297907903071e-02 1.288660199642181396e+02
6.700000000000000000e+01 7.343792779478434951e-03 1.244764276068858209e+02 3.176616262063955975e+00 4.774846822703715521e-02 1.140209305286407471e+02
6.800000000000000000e+01 7.261379709928661962e-03 1.247663499935181619e+02 3.119279329737320694e+00 4.937134056655267944e-02 1.215474853515625000e+02
6.900000000000000000e+01 6.479466762025148409e-03 1.247211511517136699e+02 3.126717577862822672e+00 5.105689897671553124e-02 1.114890017509460449e+02
7.000000000000000000e+01 7.365692943735423215e-03 1.215195502954512818e+02 3.175793571802523640e+00 4.843997350628598958e-02 1.114203348159790039e+02
7.100000000000000000e+01 6.750818681882236882e-03 1.220388245408442174e+02 3.035042083416046754e+00 5.191403018936881913e-02 1.420004889965057373e+02
7.200000000000000000e+01 7.074543441040351786e-03 1.211749500847417522e+02 3.004809168030452948e+00 5.092717002990249792e-02 1.359446356296539307e+02
7.300000000000000000e+01 7.452649828820016517e-03 1.198488267950584856e+02 3.079212480952453479e+00 5.063683912718258684e-02 1.303617703914642334e+02
7.400000000000000000e+01 6.434975400875913090e-03 1.198269348573786601e+02 3.100868075253780276e+00 5.380811548011881634e-02 1.039157791137695312e+02
7.500000000000000000e+01 6.866978044524275036e-03 1.168361006075718933e+02 3.123197254602393613e+00 5.087735451456543156e-02 1.402000725269317627e+02
7.600000000000000000e+01 6.606050250443817190e-03 1.173376505929552849e+02 3.043861791083391388e+00 5.105045316313480686e-02 1.038623259067535400e+02
7.700000000000000000e+01 6.678412347591713982e-03 1.181292050037814363e+02 2.984254958531699309e+00 5.605714081220943001e-02 1.114155867099761963e+02
7.800000000000000000e+01 7.202294464516516975e-03 1.158934459571959650e+02 3.049105885775002189e+00 5.277050147562573762e-02 1.236691040992736816e+02
7.900000000000000000e+01 6.333674585574382461e-03 1.140363524178888639e+02 3.066569104504410781e+00 5.303454526711202238e-02 1.228404643535614014e+02
8.000000000000000000e+01 6.443187661517846103e-03 1.148923443703415188e+02 2.998698262129583014e+00 5.255490310690106442e-02 1.280344593524932861e+02
8.100000000000000000e+01 6.296550130563533659e-03 1.150629066242502176e+02 2.998193690788871546e+00 5.600006758860510969e-02 1.137379450798034668e+02
8.200000000000000000e+01 6.458530802226270309e-03 1.141376552679574132e+02 2.999523008873391294e+00 5.694352394724835897e-02 1.244717180728912354e+02
8.300000000000000000e+01 6.938027726202379737e-03 1.120713872563662505e+02 2.951936106462093701e+00 5.526675319272793957e-02 1.358643155097961426e+02
8.400000000000000000e+01 6.304850448569584119e-03 1.118330610962133562e+02 2.998446566214967746e+00 5.468269877283824659e-02 1.368482999801635742e+02
8.500000000000000000e+01 5.735661450919172198e-03 1.142900132477576847e+02 2.998700271604981982e+00 6.066119146060256623e-02 1.168549947738647461e+02
8.600000000000000000e+01 6.646843326221276056e-03 1.097045808524671315e+02 3.063452405175170146e+00 5.546926325247515666e-02 1.051917870044708252e+02
8.700000000000000000e+01 6.298960503880703804e-03 1.092250409636574915e+02 3.070894487443301735e+00 5.767080948578665045e-02 1.194524481296539307e+02
8.800000000000000000e+01 6.218302405404919908e-03 1.105268750216478821e+02 2.976358669449328698e+00 5.602898718591247523e-02 1.255442261695861816e+02
8.900000000000000000e+01 6.740949603942497995e-03 1.094811026622693362e+02 2.940468153404560248e+00 5.884013465900812118e-02 1.186103725433349609e+02
9.000000000000000000e+01 5.579871298241248674e-03 1.090072185085780632e+02 2.971236097547522270e+00 5.843626097999829461e-02 1.376391506195068359e+02
9.100000000000000000e+01 5.751946808676347209e-03 1.075294407250828641e+02 3.022327315633502653e+00 5.660096207314935929e-02 9.484308624267578125e+01
9.200000000000000000e+01 6.082163644445397893e-03 1.089982602011670565e+02 2.952155856374036880e+00 6.293734067777968788e-02 1.066017153263092041e+02
9.300000000000000000e+01 5.932839477526777316e-03 1.077779286897254565e+02 2.952673186283385931e+00 6.126004830075879731e-02 9.066134428977966309e+01
9.400000000000000000e+01 6.091524132986422292e-03 1.048500870293717497e+02 2.935666778380003894e+00 5.365903215808699028e-02 1.260529193878173828e+02
9.500000000000000000e+01 6.658693301996595516e-03 1.063851426369091939e+02 2.991780815375951530e+00 6.425658956433362434e-02 1.160896883010864258e+02
9.600000000000000000e+01 6.123460014329962404e-03 1.054952613430612871e+02 2.926949304894877368e+00 6.399157020323696654e-02 1.150426058769226074e+02
9.700000000000000000e+01 6.088217110586371592e-03 1.042751017646056511e+02 2.928438126366585070e+00 6.488850677971659542e-02 1.309654271602630615e+02
9.800000000000000000e+01 5.545678311963199263e-03 1.040087456395491756e+02 3.015223140802398838e+00 6.332433379225817227e-02 1.073741686344146729e+02
9.900000000000000000e+01 5.295509167710383235e-03 1.041310432197997216e+02 2.971212037544970208e+00 6.435390028827767117e-02 1.075930285453796387e+02
