2.000000000000000000e+00 3.246157730664812890e-02 1.954257197279540037e+02 3.280995052419331870e+00 8.679651466090139433e-02 3.415704011917114258e+00
3.000000000000000000e+00 2.202544270576775251e-02 1.495564775356877192e+02 3.343283948855443111e+00 6.111021339718723105e-02 5.596537351608276367e+00
4.000000000000000000e+00 1.540779355597423315e-02 1.129881285977009497e+02 3.493122147653868304e+00 2.487696772158586381e-03 4.944679498672485352e+00
5.000000000000000000e+00 1.415095025568467030e-02 9.951188610205929308e+01 3.325542308416902237e+00 -1.371461192676445145e-02 8.694941520690917969e+00
6.000000000000000000e+00 1.081228720921954128e-02 9.372871560526947121e+01 3.399720069827935731e+00 -8.982145611853196120e-04 8.197594642639160156e+00
7.000000000000000000e+00 1.044947621778724231e-02 8.577488193858698651e+01 3.409923393813013792e+00 1.079507844411943421e-04 7.140906095504760742e+00
8.000000000000000000e+00 8.351194574680214158e-03 8.021009873736602458e+01 3.336241880949228911e+00 -2.182729102027065621e-03 6.597851514816284180e+00
9.000000000000000000e+00 8.415120557205018129e-03 7.433589367316193375e+01 3.489528497551135811e+00 -3.376969305504883608e-03 6.885171890258789062e+00
1.000000000000000000e+01 9.931886426868041795e-03 7.159147855210154887e+01 3.365251775672173373e+00 3.729590631344584760e-03 6.905610084533691406e+00
1.100000000000000000e+01 6.837622116955923042e-03 6.776975272221095281e+01 3.314168272379767632e+00 4.329660137145464188e-03 6.157132387161254883e+00
1.200000000000000000e+01 6.796053879342403396e-03 6.657576325169630138e+01 3.259904050248071616e+00 1.218108240548512224e-02 7.243344545364379883e+00
1.300000000000000000e+01 6.850461075307678893e-03 6.393762662067096869e+01 3.261925056414284985e+00 1.872452202908414867e-02 6.896313428878784180e+00
1.400000000000000000e+01 5.094977733672513033e-03 6.036671605722084166e+01 3.215813591382563619e+00 -9.093882524045051458e-03 7.886107444763183594e+00
1.500000000000000000e+01 6.723667960163387178e-03 5.841780028443901784e+01 3.196860490098700769e+00 6.754529817502699434e-04 7.140084981918334961e+00
1.600000000000000000e+01 4.877798659968484406e-03 5.646913203614263921e+01 3.230958466278730512e+00 3.236657792158006714e-03 6.944419384002685547e+00
1.700000000000000000e+01 4.655345513128446820e-03 5.345731934205441860e+01 3.295027063412822699e+00 9.416519993465151004e-04 7.271455287933349609e+00
1.800000000000000000e+01 5.481484373127845471e-03 5.311190779459992939e+01 3.161706859074945974e+00 7.541726930104677637e-03 8.142043113708496094e+00
1.900000000000000000e+01 4.401953340447880940e-03 5.092746709767675384e+01 3.108891092235603004e+00 -1.218497375727816551e-02 9.402764558792114258e+00
2.000000000000000000e+01 3.737960524710374783e-03 4.968024098400230315e+01 3.099055063005703214e+00 -9.254583327473527715e-03 6.516117334365844727e+00
2.100000000000000000e+01 4.525074366884476382e-03 4.965802699214374627e+01 3.087589091847269707e+00 3.398688867272832079e-03 6.332400560379028320e+00
2.200000000000000000e+01 3.868658821633891645e-03 4.808084067488653801e+01 3.081678397777569689e+00 1.817418570312599561e-03 6.831804037094116211e+00
2.300000000000000000e+01 3.802779357176132476e-03 4.643332311874769402e+01 3.046388419495470234e+00 -6.685014903059826111e-03 1.221696782112121582e+01
2.400000000000000000e+01 3.597638024847830615e-03 4.660800828881531288e+01 3.016279431645504605e+00 4.812107037757426022e-03 7.129727840423583984e+00
2.500000000000000000e+01 4.156053588253096238e-03 4.482210223959349804e+01 2.993999638145885989e+00 1.171218025643562272e-03 7.215737581253051758e+00
2.600000000000000000e+01 1.508978677970199741e-03 4.446658692418865400e+01 2.958647919362158873e+00 5.291788171684178336e-04 6.933351039886474609e+00
2.700000000000000000e+01 4.228845339225959996e-03 4.291042836644681557e+01 3.060139319696644655e+00 9.246835803428549508e-03 9.089801788330078125e+00
2.800000000000000000e+01 2.260237503278760690e-03 4.434041295131729044e+01 2.717427841001215594e+00 1.990059318527724261e-02 9.716155290603637695e+00
2.900000000000000000e+01 3.073605319343318803e-03 4.126356030660728891e+01 2.933818853171515695e+00 3.431989802156639163e-03 6.447528362274169922e+00
3.000000000000000000e+01 3.634796724668226502e-03 4.150112184249130820e+01 2.980135356779915146e+00 1.433182451761021159e-02 6.364705324172973633e+00
3.100000000000000000e+01 2.154680533880163132e-03 4.083596219417704987e+01 2.838439483693494303e+00 5.635106258410641812e-03 7.728490829467773438e+00
3.200000000000000000e+01 1.268655219591664340e-03 4.147783219442979430e+01 2.785860350458962298e+00 2.148261497197604189e-02 7.456249237060546875e+00
3.300000000000000000e+01 2.908919036494075384e-03 3.891547859856887470e+01 2.799646575040202645e+00 8.043783904696609824e-03 7.639936923980712891e+00
3.400000000000000000e+01 3.512151747103632246e-03 3.972073123296987518e+01 2.808913776757558711e+00 2.642461498704634995e-02 7.350869655609130859e+00
3.500000000000000000e+01 1.634154049327351307e-03 3.884608532951440196e+01 2.765926064976479637e+00 1.591583687861836127e-02 6.648780107498168945e+00
3.600000000000000000e+01 1.617887569023547393e-03 3.982812745746529259e+01 2.747122646580789418e+00 2.957148039960817709e-02 9.367162704467773438e+00
3.700000000000000000e+01 1.526779736258229757e-03 3.852180599007831319e+01 2.749521479606165109e+00 2.298202268298436129e-02 7.382450342178344727e+00
3.800000000000000000e+01 1.584206350552716091e-03 3.724206617701727140e+01 2.648648486307234595e+00 1.986539500128637128e-02 7.159783840179443359e+00
3.900000000000000000e+01 1.550580086355504966e-03 3.732281664084582928e+01 2.737890492985860735e+00 2.700906711424230777e-02 7.338785409927368164e+00
4.000000000000000000e+01 5.162419614601072414e-04 3.759787742057764603e+01 2.580725570774658806e+00 2.822682836334416273e-02 7.610758066177368164e+00
4.100000000000000000e+01 5.732412158061501268e-04 3.737009263162809702e+01 2.527335119495516036e+00 3.450905851311688449e-02 7.024021148681640625e+00
4.200000000000000000e+01 1.994885970209274093e-03 3.627144862115396506e+01 2.718394823466975030e+00 2.232078308733531288e-02 7.447815895080566406e+00
4.300000000000000000e+01 8.634192450315638680e-04 3.646814835525570686e+01 2.592748395293665187e+00 2.996885289754272486e-02 6.662877082824707031e+00
4.400000000000000000e+01 1.936258220256717542e-03 3.428346644727203341e+01 2.760171527614065035e+00 2.607312422295715582e-02 7.016492366790771484e+00
4.500000000000000000e+01 1.120820958141040919e-03 3.514234638685346823e+01 2.554503361584634202e+00 3.673362052598586058e-02 6.512746810913085938e+00
4.600000000000000000e+01 5.926044360586386808e-04 3.492972503028286724e+01 2.696856752516991751e+00 3.348824139651510046e-02 7.321911811828613281e+00
4.700000000000000000e+01 1.109985916984736155e-03 3.416332425524028338e+01 2.584529427265273682e+00 3.108359296240939887e-02 6.211564779281616211e+00
4.800000000000000000e+01 1.014770924836793211e-03 3.449400809661113954e+01 2.630814305506654627e+00 4.315500614229191012e-02 7.717608213424682617e+00
4.900000000000000000e+01 1.946584675310016142e-03 3.365450674236296180e+01 2.523097734990138008e+00 3.695284154083029043e-02 7.333287954330444336e+00
5.000000000000000000e+01 6.291953698459645458e-04 3.309931304574348587e+01 2.544451830003807924e+00 3.237278324000179841e-02 6.453488111495971680e+00
5.100000000000000000e+01 1.303503156541074718e-03 3.290742668322880604e+01 2.587279961958540486e+00 4.350245338864646566e-02 7.594968795776367188e+00
5.200000000000000000e+01 6.557039279330937470e-04 3.291338335777027879e+01 2.534961776614312434e+00 3.545422858933196947e-02 7.273271799087524414e+00
5.300000000000000000e+01 1.673039026409254421e-03 3.252666428252117470e+01 2.508783791901346039e+00 3.367044251774320429e-02 7.316811323165893555e+00
5.400000000000000000e+01 1.823457469457378903e-03 3.262367576187379825e+01 2.527226587270581248e+00 4.123935184737274190e-02 7.363693475723266602e+00
5.500000000000000000e+01 1.318327631073459979e-03 3.221675499447220403e+01 2.494720270059114231e+00 4.119132395625451498e-02 7.081189155578613281e+00
5.600000000000000000e+01 4.903921995432792289e-04 3.153154892162779888e+01 2.512336588771346246e+00 3.447901756657308081e-02 6.836462259292602539e+00
5.700000000000000000e+01 1.575976430947420744e-03 3.188072719862742588e+01 2.506079570534764933e+00 3.948879015677397852e-02 7.097468137741088867e+00
5.800000000000000000e+01 1.430515187736625332e-03 3.208779714828755658e+01 2.463872590512622196e+00 5.472093314344547016e-02 7.416247606277465820e+00
5.900000000000000000e+01 1.347493285941927859e-03 3.088711721540287058e+01 2.489658597851555299e+00 4.165806900114792793e-02 7.819701910018920898e+00
6.000000000000000000e+01 5.404809551466536934e-04 3.071646976367037141e+01 2.468439023636478602e+00 3.656799754595529972e-02 6.328761100769042969e+00
6.100000000000000000e+01 8.057870066840039109e-04 3.118130058951334149e+01 2.469653608138057788e+00 4.189554069844547701e-02 7.976004600524902344e+00
6.200000000000000000e+01 1.252416719851683589e-03 3.083630926689105678e+01 2.437684213460631355e+00 4.564075407249561234e-02 6.097143888473510742e+00
6.300000000000000000e+01 6.598160904993907771e-04 3.051412750134661067e+01 2.443410560557491173e+00 5.004183095748251930e-02 7.293402194976806641e+00
6.400000000000000000e+01 7.961822356226451892e-04 2.992718442783624155e+01 2.412210256768556604e+00 4.361654466614503511e-02 6.132044076919555664e+00
6.500000000000000000e+01 8.008654285435163169e-04 3.041517185184670424e+01 2.436424407094350819e+00 4.929357542653209356e-02 6.246994495391845703e+00
6.600000000000000000e+01 7.539737695395955794e-04 2.981383220312990545e+01 2.442690072460164785e+00 4.748872321887847442e-02 6.498772621154785156e+00
6.700000000000000000e+01 9.960058885047360418e-04 2.962191665703846866e+01 2.433651519855120515e+00 4.441801913983871308e-02 6.894888401031494141e+00
6.800000000000000000e+01 3.169790669646165796e-04 2.976185423623185500e+01 2.408065870232594108e+00 5.029145967835832454e-02 6.942768573760986328e+00
6.900000000000000000e+01 7.655190744907700929e-04 2.886728562143809640e+01 2.423130028046594386e+00 3.993821639748867947e-02 7.940598249435424805e+00
7.000000000000000000e+01 2.462037959404347778e-04 3.030810071426951424e+01 2.365525060500001331e+00 6.431410445406653131e-02 9.312432289123535156e+00
7.100000000000000000e+01 9.792483150457664386e-04 2.874634396011159865e+01 2.433105273314971395e+00 4.682398629663557521e-02 5.550316095352172852e+00
7.200000000000000000e+01 2.952633103850767801e-04 2.855700203771959877e+01 2.337407165034100398e+00 5.332047411548237331e-02 7.244511365890502930e+00
7.300000000000000000e+01 7.049752553312317897e-04 2.849651008801408025e+01 2.402484448715315413e+00 5.446714813949910666e-02 7.116729497909545898e+00
7.400000000000000000e+01 8.376950954061749936e-04 2.853530164372831734e+01 2.355525175652682712e+00 5.342086105618247538e-02 7.607170581817626953e+00
7.500000000000000000e+01 4.277925376287613070e-04 2.804904474386034607e+01 2.346955473598447472e+00 5.121570155611910452e-02 7.606450080871582031e+00
7.600000000000000000e+01 6.185814949192652845e-04 2.858596625730749352e+01 2.334159098763477491e+00 5.327825569872193107e-02 7.821259975433349609e+00
7.700000000000000000e+01 5.538664668016800730e-04 2.856553721629832054e+01 2.313942207665344863e+00 5.690929257367369903e-02 8.014107942581176758e+00
7.800000000000000000e+01 3.657763975163751255e-04 2.727876885830277232e+01 2.385592285344841468e+00 5.254775800572927813e-02 8.120776414871215820e+00
7.900000000000000000e+01 6.599072833939241545e-04 2.766888385773373926e+01 2.309117231221253341e+00 5.345171420682535979e-02 6.149806499481201172e+00
8.000000000000000000e+01 4.304784810082432534e-04 2.761468846716097403e+01 2.281313446849677629e+00 6.031761138498765995e-02 6.365813255310058594e+00
8.100000000000000000e+01 1.083330254327201847e-03 2.740657096336734355e+01 2.314730782850495050e+00 5.700830830056043130e-02 6.782082080841064453e+00
8.200000000000000000e+01 5.332011914345277008e-04 2.719695449072618487e+01 2.302677564045764846e+00 5.799027351070257241e-02 8.183581829071044922e+00
8.300000000000000000e+01 3.385289269929952724e-04 2.719684796689308470e+01 2.321759440954453524e+00 6.334796244087871619e-02 6.705945730209350586e+00
8.400000000000000000e+01 4.906922770592036338e-04 2.623802617248170321e+01 2.382160636704023116e+00 5.255781781756711096e-02 5.872056961059570312e+00
8.500000000000000000e+01 2.732630338771685290e-04 2.688480925992207204e+01 2.302512356330757903e+00 6.046116404619505946e-02 7.639079809188842773e+00
8.600000000000000000e+01 4.665330828641795890e-04 2.698048597653631830e+01 2.238817925952133248e+00 6.464796175657440414e-02 6.440400362014770508e+00
8.700000000000000000e+01 3.851523102372135244e-05 2.599012052217152657e+01 2.332095908752403357e+00 5.037431888359625992e-02 6.696947097778320312e+00
8.800000000000000000e+01 4.172767236113431619e-04 2.621415964963248513e+01 2.320512753535157735e+00 6.251600839618097483e-02 7.286923170089721680e+00
8.900000000000000000e+01 1.780377066555790264e-04 2.601628409141125431e+01 2.254680709391983395e+00 5.824275386093005075e-02 5.789422035217285156e+00
9.000000000000000000e+01 7.128165007630714312e-04 2.635337721414357759e+01 2.257881662578506088e+00 6.388219647954238023e-02 6.339193582534790039e+00
9.100000000000000000e+01 3.946425477290125433e-04 2.622804512480406203e+01 2.287566948386917876e+00 6.552164599599354100e-02 7.805560588836669922e+00
9.200000000000000000e+01 1.174603292527268117e-04 2.542806494089734315e+01 2.285600311788578143e+00 5.475980827163755282e-02 7.436585187911987305e+00
9.300000000000000000e+01 4.417773172390683707e-04 2.573134403545671489e+01 2.228041299774884632e+00 6.507459414592835223e-02 7.470302581787109375e+00
9.400000000000000000e+01 3.306141845958578216e-04 2.514638708642070952e+01 2.274138651292267888e+00 6.026624409063775778e-02 7.497986555099487305e+00
9.500000000000000000e+01 -1.980487173382421023e-05 2.525789453533390017e+01 2.226922655942019436e+00 6.778236581359844970e-02 7.710682868957519531e+00
9.600000000000000000e+01 2.251799752649041744e-04 2.541297014802195164e+01 2.211701408697244187e+00 6.537571914549943075e-02 6.689401626586914062e+00
9.700000000000000000e+01 7.369801311667962098e-04 2.507358212620878035e+01 2.258198216320100205e+00 6.503250178211589239e-02 6.396477937698364258e+00
9.800000000000000000e+01 3.744786944834810056e-04 2.547455556379308561e+01 2.186387225464554884e+00 6.699913235838711456e-02 7.575165748596191406e+00
9.900000000000000000e+01 4.802191685923333357e-04 2.507374270289156826e+01 2.207226520421425864e+00 6.518561098534503273e-02 7.479397535324096680e+00
