2.000000000000000000e+00 3.976997975592481971e-02 2.160928722638912092e+01 2.204065971586351758e+00 1.625294078053445279e-01 1.763875484466552734e-01
3.000000000000000000e+00 2.820066735516280759e-02 1.901683841415832532e+01 2.040409946665919794e+00 1.928835469781695067e-01 2.969143390655517578e-01
4.000000000000000000e+00 6.081240402239072688e-03 2.022602383180049657e+01 1.641896049993628814e+00 2.237628008493794118e-01 2.754225730895996094e-01
5.000000000000000000e+00 8.128678327559956882e-03 1.801021024078834998e+01 1.759989519287373794e+00 1.943254373261085466e-01 2.921714782714843750e-01
6.000000000000000000e+00 9.741087392379282547e-03 1.699017963151807109e+01 1.886321863775306085e+00 1.612164987091196655e-01 2.641570568084716797e-01
7.000000000000000000e+00 8.571475657932484810e-03 1.508445790264863362e+01 1.914290490118814692e+00 1.505857827464414100e-01 2.545652389526367188e-01
8.000000000000000000e+00 6.362473012154410724e-03 1.545986206726925438e+01 1.705467766928503437e+00 1.774886694068784354e-01 2.840065956115722656e-01
9.000000000000000000e+00 6.439396446320409459e-03 1.383221630237125588e+01 1.727757070986891685e+00 1.686854819357373747e-01 2.792634963989257812e-01
1.000000000000000000e+01 6.367540070772071022e-03 1.499529159571842030e+01 1.588370064934184756e+00 1.916912482848080190e-01 2.275984287261962891e-01
1.100000000000000000e+01 5.937356614681394730e-03 1.324074311244942059e+01 1.575510328046442643e+00 1.681057712672428539e-01 3.028376102447509766e-01
1.200000000000000000e+01 5.739307410766399976e-03 1.170319286535448811e+01 1.752869583853144730e+00 1.295405321790028264e-01 2.354304790496826172e-01
1.300000000000000000e+01 5.021507452449292148e-03 1.125298598024274632e+01 1.598623602001840727e+00 1.283898907042085868e-01 2.892994880676269531e-01
1.400000000000000000e+01 4.876782700807660680e-03 1.149209953792932914e+01 1.833304011544791834e+00 1.347356909780474676e-01 2.960941791534423828e-01
1.500000000000000000e+01 5.169729054383597963e-03 1.146748233786863480e+01 1.669616210551349678e+00 1.571635451023690455e-01 2.305471897125244141e-01
1.600000000000000000e+01 4.739531997202986804e-03 1.172658473211791730e+01 1.589998872812505404e+00 1.712445853022884490e-01 2.298188209533691406e-01
1.700000000000000000e+01 4.127028587554959146e-03 1.141403699084567869e+01 1.422273852761291257e+00 1.570716225716899395e-01 2.832474708557128906e-01
1.800000000000000000e+01 4.221941082431919685e-03 1.130696775902252327e+01 1.520682310551239036e+00 1.708804703641060574e-01 2.730016708374023438e-01
1.900000000000000000e+01 3.707988805445611852e-03 1.021721129444002329e+01 1.511716018881301027e+00 1.475702897350138765e-01 2.984161376953125000e-01
2.000000000000000000e+01 3.633513674031467033e-03 1.075414056876852875e+01 1.482177474836072761e+00 1.498583211100008583e-01 2.922496795654296875e-01
2.100000000000000000e+01 4.227887456552255688e-03 1.037042513699461566e+01 1.459716198088671479e+00 1.550465208228271052e-01 2.917487621307373047e-01
2.200000000000000000e+01 3.939636203543269745e-03 1.041868121970055583e+01 1.407923734223314405e+00 1.628113550036243140e-01 3.143413066864013672e-01
2.300000000000000000e+01 2.616179251305567662e-03 1.081634942430095236e+01 1.271094908826019942e+00 1.773476417016628115e-01 2.540345191955566406e-01
2.400000000000000000e+01 2.635103573428455945e-03 9.954318143535017427e+00 1.372417301087515584e+00 1.300514367736034793e-01 3.145394325256347656e-01
2.500000000000000000e+01 2.244926821382699222e-03 1.041366488599136453e+01 1.338318112693144490e+00 1.638977325855901501e-01 2.525222301483154297e-01
2.600000000000000000e+01 2.257312038337761385e-03 9.514879609445086928e+00 1.329077868929728456e+00 1.328570884176453470e-01 2.419576644897460938e-01
2.700000000000000000e+01 3.341824285007318710e-03 1.026281670946761260e+01 1.243547317606063851e+00 1.603300087160828835e-01 2.663919925689697266e-01
2.800000000000000000e+01 3.127039331144774222e-03 9.876627313902460514e+00 1.283179495757281074e+00 1.487713613414566038e-01 3.248257637023925781e-01
2.900000000000000000e+01 2.319928044432356413e-03 9.215534354253517080e+00 1.261232695844623386e+00 1.424872835540714200e-01 3.517909049987792969e-01
3.000000000000000000e+01 1.207014381849589885e-03 9.318659643995438557e+00 1.300099739924848175e+00 1.172921503297037205e-01 3.186957836151123047e-01
3.100000000000000000e+01 1.413567743054689949e-03 9.488667081876892340e+00 1.147626980346801773e+00 1.425838835762698598e-01 2.602813243865966797e-01
3.200000000000000000e+01 2.324082845360506740e-03 8.150912255236779203e+00 1.241928421597469967e+00 8.393736799244162772e-02 3.188288211822509766e-01
3.300000000000000000e+01 1.729793239855397565e-03 8.408128385626996604e+00 1.264658798095578573e+00 9.425773690018066087e-02 3.880765438079833984e-01
3.400000000000000000e+01 2.110932842160910712e-03 8.911799003101199546e+00 1.097285283616759255e+00 1.166879868503361700e-01 3.243408203125000000e-01
3.500000000000000000e+01 1.386902121428584388e-03 8.858030742249091816e+00 1.214784634846822087e+00 1.107988433871259920e-01 3.031129837036132812e-01
3.600000000000000000e+01 7.132942397543461013e-04 9.260840380033874553e+00 1.091280078673457110e+00 1.308276735591396012e-01 2.940201759338378906e-01
3.700000000000000000e+01 1.150705410978588748e-03 8.191280044913042957e+00 1.256541492575621310e+00 9.564515820242557032e-02 3.032352924346923828e-01
3.800000000000000000e+01 1.678508208254997011e-03 8.665872890630598846e+00 1.050315452896916524e+00 1.233519176696294128e-01 3.238661289215087891e-01
3.900000000000000000e+01 8.881287014556871195e-04 8.808530707356593936e+00 1.047208964605572001e+00 1.122094550647452504e-01 3.067712783813476562e-01
4.000000000000000000e+01 3.904759777905222060e-04 8.540313895776458608e+00 1.125349016015135373e+00 1.156560298308720591e-01 3.447611331939697266e-01
4.100000000000000000e+01 8.767494236399379264e-04 8.461543593743792613e+00 1.109968340293571165e+00 1.033995019778181507e-01 3.337433338165283203e-01
4.200000000000000000e+01 8.520456604067424807e-04 8.170459037517268541e+00 1.147740773513846957e+00 9.131353776968341440e-02 2.880191802978515625e-01
4.300000000000000000e+01 1.289532929498471382e-03 8.350970943385929601e+00 1.060254516027041349e+00 8.965034819541847777e-02 3.150846958160400391e-01
4.400000000000000000e+01 1.009721773463901316e-03 8.460103286503729336e+00 1.074217433659825582e+00 1.000162837341299765e-01 3.532063961029052734e-01
4.500000000000000000e+01 8.701471843689259850e-04 8.418400329113312708e+00 1.041089173890202391e+00 9.823861600175644304e-02 3.680565357208251953e-01
4.600000000000000000e+01 1.004403945359667134e-03 8.443704237276145719e+00 1.023554454086480270e+00 9.959195455409478037e-02 3.377001285552978516e-01
4.700000000000000000e+01 9.655829640609666763e-04 8.338040734927671949e+00 1.045330317903997885e+00 9.419745077328614546e-02 3.969624042510986328e-01
4.800000000000000000e+01 8.544591915657354011e-04 8.418206299537029480e+00 1.001218238455603649e+00 1.010001183671205560e-01 3.303356170654296875e-01
4.900000000000000000e+01 8.530917087530750500e-04 8.332763822289766864e+00 9.756566449470510660e-01 1.008767150047982508e-01 3.095099925994873047e-01
5.000000000000000000e+01 8.006991724772853690e-04 8.216827750929212471e+00 9.600500085708664200e-01 9.861545318779338376e-02 3.426063060760498047e-01
5.100000000000000000e+01 7.337293288353240097e-04 8.164495555122110559e+00 9.399009862033664842e-01 9.638013846445890598e-02 3.895170688629150391e-01
5.200000000000000000e+01 7.389755634533024670e-04 8.302027831207219322e+00 9.214298265991048842e-01 1.080632887704200268e-01 3.440451622009277344e-01
5.300000000000000000e+01 3.568902325945520781e-04 8.159230942499135608e+00 9.129710887269838482e-01 9.184734023810026127e-02 3.695769309997558594e-01
5.400000000000000000e+01 6.847516146798197836e-04 8.039089527056964002e+00 8.970439688776455922e-01 9.596637192492983581e-02 3.554544448852539062e-01
5.500000000000000000e+01 3.245269447217581280e-04 7.364505079059169290e+00 8.963856444263246237e-01 7.015914513332109637e-02 3.835225105285644531e-01
