2.000000000000000000e+00 3.256167501595714359e-02 1.952664610122296267e+02 3.282796000621055477e+00 8.674901286381504761e-02 4.035627126693725586e+00
3.000000000000000000e+00 2.185947460354288954e-02 1.496124159784458243e+02 3.342507426205067134e+00 6.118950760800862670e-02 8.351577758789062500e+00
4.000000000000000000e+00 1.546069417373064497e-02 1.130916345464781045e+02 3.500447959795389252e+00 3.296736011100537787e-03 4.548932313919067383e+00
5.000000000000000000e+00 1.407180413875717614e-02 9.990914323939924202e+01 3.471354213939032096e+00 -1.085500201050739258e-02 7.561601400375366211e+00
6.000000000000000000e+00 1.075946823516933659e-02 9.377901048396608985e+01 3.392419940599854744e+00 -8.846656579787608599e-04 6.752043008804321289e+00
7.000000000000000000e+00 1.077141666403583914e-02 8.573395439949864283e+01 3.398062983978324958e+00 4.469343514753947554e-05 6.667792797088623047e+00
8.000000000000000000e+00 1.094581264050129184e-02 7.834018471585360999e+01 3.586647876307076377e+00 -5.987134584859893881e-03 6.663970470428466797e+00
9.000000000000000000e+00 8.584927328647943071e-03 7.475718043614887165e+01 3.427637990722096184e+00 2.485871968237284360e-03 7.806931972503662109e+00
1.000000000000000000e+01 8.696090370294290092e-03 7.136924105624696324e+01 3.382550111227311529e+00 4.382523708072941573e-03 9.043565750122070312e+00
1.100000000000000000e+01 7.045755120563474035e-03 6.596156198889383404e+01 3.431828319628095869e+00 -1.888286886605503381e-02 8.072471141815185547e+00
1.200000000000000000e+01 7.564320028498059192e-03 6.591967889089896460e+01 3.262621616643409883e+00 1.476845879422483514e-02 5.923847675323486328e+00
1.300000000000000000e+01 5.446240725626444977e-03 6.189415833087803520e+01 3.170140438651511960e+00 -2.496911589216297203e-02 6.486532926559448242e+00
1.400000000000000000e+01 6.323597847979639010e-03 6.218145821015138353e+01 3.203465685171246413e+00 2.198874638333178644e-02 7.716450214385986328e+00
1.500000000000000000e+01 5.479799014423769946e-03 5.872642101016761274e+01 3.345776283021132613e+00 2.160283145020956003e-02 5.653044939041137695e+00
1.600000000000000000e+01 4.884302565624619279e-03 5.614954889165156260e+01 3.173797594596549754e+00 1.183377897963901583e-03 9.450280904769897461e+00
1.700000000000000000e+01 4.376020967603028514e-03 5.296427036801818389e+01 3.142224738396460992e+00 -2.260772952995911134e-02 8.605800628662109375e+00
1.800000000000000000e+01 4.420564236166339180e-03 5.302572977740474158e+01 3.144696107626570925e+00 -5.935565223447579301e-03 8.386134147644042969e+00
1.900000000000000000e+01 4.132674806508545955e-03 5.114539868300960990e+01 3.038415689680636689e+00 -1.393392684378529263e-02 8.428348779678344727e+00
2.000000000000000000e+01 4.169464465150685660e-03 4.999751984182439202e+01 3.102208678056661562e+00 -9.531545766188340846e-03 7.414989471435546875e+00
2.100000000000000000e+01 3.453273305142336071e-03 4.762150622873992489e+01 3.144495013185272914e+00 -1.351700806454789010e-02 8.022679090499877930e+00
2.200000000000000000e+01 4.025855543775444870e-03 4.727786861814618646e+01 3.136109223111836375e+00 -2.948382413913517869e-03 9.056089639663696289e+00
2.300000000000000000e+01 4.393721071996314897e-03 4.715635012035552620e+01 3.010267507589876601e+00 -2.670683370899516913e-03 6.538074970245361328e+00
2.400000000000000000e+01 4.451174971319315360e-03 4.534176928985063881e+01 3.047759128841954546e+00 6.000682146421102044e-03 6.830873489379882812e+00
2.500000000000000000e+01 3.549109062376133716e-03 4.519197209741618337e+01 3.017429660519874268e+00 7.338989451759191443e-03 7.629573345184326172e+00
2.600000000000000000e+01 1.827370249359680293e-03 4.533461390922632006e+01 2.917880905304134576e+00 1.254450766914741791e-02 7.704184293746948242e+00
2.700000000000000000e+01 2.789422088635996281e-03 4.262398141329929047e+01 2.920212099536119599e+00 3.907957177576507415e-03 6.189183950424194336e+00
2.800000000000000000e+01 1.190649204245523493e-03 4.507264342887911823e+01 2.736252547214427011e+00 1.704536591256783362e-02 7.683172464370727539e+00
2.900000000000000000e+01 1.442399078387529131e-03 4.260809348554019493e+01 2.886040902062661395e+00 1.562402215419275361e-02 5.582197189331054688e+00
3.000000000000000000e+01 3.625446508075146242e-03 4.182778626950536704e+01 2.861417423091887180e+00 1.885711892457699393e-02 9.721837997436523438e+00
3.100000000000000000e+01 2.169633447455091013e-03 4.106279651050221702e+01 2.903814671287857418e+00 9.894537074503292548e-03 6.024848699569702148e+00
3.200000000000000000e+01 2.658389655481909787e-03 4.036758614552990565e+01 2.820993899887588974e+00 1.507474670323437523e-02 7.232186794281005859e+00
3.300000000000000000e+01 2.409537740228347158e-03 3.999422231099791958e+01 2.813276632953499501e+00 2.165743731769855310e-02 6.599183559417724609e+00
3.400000000000000000e+01 2.818769645045568657e-03 3.835668901986196033e+01 2.877750687516251293e+00 1.895985148366044828e-02 6.000477790832519531e+00
3.500000000000000000e+01 2.091678335125616087e-03 4.015332048769782602e+01 2.774086894901164335e+00 2.806165958779948538e-02 8.069797039031982422e+00
3.600000000000000000e+01 1.608230001949365788e-03 3.920913109257413964e+01 2.717830498283606566e+00 1.783714341138159520e-02 8.206960916519165039e+00
3.700000000000000000e+01 2.745517704933048402e-03 3.757378485482239938e+01 2.762051177610906905e+00 1.642318930738464328e-02 6.844228267669677734e+00
3.800000000000000000e+01 1.489188557288495963e-03 3.868459146303334251e+01 2.707694665237220022e+00 2.820254536857166178e-02 5.899086952209472656e+00
3.900000000000000000e+01 1.363307440869740905e-03 3.852883498201473600e+01 2.644079953261996963e+00 3.002958192067116741e-02 6.005372524261474609e+00
4.000000000000000000e+01 1.608796738950298314e-03 3.825438772592951864e+01 2.643677299513237156e+00 3.388695826486335522e-02 6.689792633056640625e+00
4.100000000000000000e+01 1.715406720450121918e-03 3.780057122782844914e+01 2.665957770546325101e+00 3.643552604323579275e-02 6.349784612655639648e+00
4.200000000000000000e+01 1.790654269824143311e-03 3.731573742385756987e+01 2.665079947966285445e+00 3.623809877909378585e-02 8.187214851379394531e+00
4.300000000000000000e+01 1.892929769581149467e-03 3.681737701780055261e+01 2.644447749259798641e+00 3.676923740809335400e-02 6.789570093154907227e+00
4.400000000000000000e+01 1.706863540333978602e-03 3.570521097585850612e+01 2.635515297812478064e+00 3.287295732975954732e-02 6.109373092651367188e+00
4.500000000000000000e+01 1.898470785784642408e-03 3.564409825454016101e+01 2.628372826328687850e+00 3.360162021205868182e-02 6.914059638977050781e+00
4.600000000000000000e+01 1.946018260994620110e-03 3.554756300107521838e+01 2.614913055769879868e+00 3.593413519648747112e-02 7.418647289276123047e+00
4.700000000000000000e+01 1.800757903364367304e-03 3.497285077423046573e+01 2.609661341326039441e+00 3.598898264721721307e-02 6.445676088333129883e+00
4.800000000000000000e+01 1.682398643277432720e-03 3.448816133817064156e+01 2.597916312243456094e+00 3.487885602475995772e-02 5.804073333740234375e+00
4.900000000000000000e+01 1.499749801045717045e-03 3.400244369620227047e+01 2.583597245001819864e+00 3.420589963002249045e-02 5.910472869873046875e+00
5.000000000000000000e+01 1.503173013429081857e-03 3.352301599185803838e+01 2.617041250312250877e+00 3.355864666709826305e-02 7.169332504272460938e+00
5.100000000000000000e+01 1.211539180792934635e-03 3.344656380716278932e+01 2.515104125864595197e+00 3.732108098891327025e-02 6.094547748565673828e+00
5.200000000000000000e+01 1.611213867633797935e-03 3.324487125963120349e+01 2.463928066803983352e+00 3.934082025583737069e-02 6.357682228088378906e+00
5.300000000000000000e+01 1.597745859027718774e-03 3.320094325509337096e+01 2.509698575593680037e+00 4.672524608633042004e-02 6.469672203063964844e+00
5.400000000000000000e+01 3.811907992288131775e-04 3.282560550904307206e+01 2.499379301903752904e+00 4.111701197415157383e-02 6.299028635025024414e+00
5.500000000000000000e+01 6.407102842032560454e-04 3.128994397753021417e+01 2.581694032083139412e+00 3.016808976601205450e-02 5.698827028274536133e+00
5.600000000000000000e+01 1.055728406736192605e-03 3.144310282930974765e+01 2.545994401066876911e+00 3.647583475710061696e-02 7.361408233642578125e+00
5.700000000000000000e+01 8.304031986782958860e-04 3.193639746752917574e+01 2.461438900300622734e+00 4.505250147476111411e-02 8.192697048187255859e+00
5.800000000000000000e+01 7.592837160757938495e-04 3.179216423487259036e+01 2.448706148102006708e+00 4.663743451945146640e-02 7.142771720886230469e+00
5.900000000000000000e+01 7.915176921913744676e-04 3.120594271444993240e+01 2.492920060369277380e+00 4.434934594092476007e-02 5.227219581604003906e+00
6.000000000000000000e+01 6.700551614954792286e-04 3.095379571497755933e+01 2.481087810583511910e+00 4.482805838016762356e-02 5.491872549057006836e+00
6.100000000000000000e+01 1.212048173768236203e-03 3.117898988315132414e+01 2.472129499444281731e+00 4.458016746409913106e-02 7.956074714660644531e+00
6.200000000000000000e+01 8.671842381961236430e-04 3.037261587461916079e+01 2.469608762610111086e+00 4.498947772718705357e-02 6.048416852951049805e+00
6.300000000000000000e+01 8.457604479907448493e-04 3.026920114815010265e+01 2.477874878581164175e+00 4.715756937471703852e-02 6.796935081481933594e+00
6.400000000000000000e+01 7.969574507832891076e-04 3.082543099028907108e+01 2.392988477450348039e+00 4.956758334286888446e-02 5.963579177856445312e+00
6.500000000000000000e+01 8.353236628194000719e-04 2.998209232507195310e+01 2.386630274207382829e+00 4.993452138825450054e-02 6.790858030319213867e+00
6.600000000000000000e+01 7.411489487319218670e-04 2.972890243410266464e+01 2.431725623812048820e+00 5.197616793814968661e-02 7.564665794372558594e+00
6.700000000000000000e+01 7.111580735944944684e-04 2.936396028099006017e+01 2.442708104315651774e+00 5.056444995398092640e-02 7.758582353591918945e+00
6.800000000000000000e+01 2.200888794750763809e-04 2.896160733622369321e+01 2.444892661804898726e+00 4.320545808660209569e-02 6.260610818862915039e+00
6.900000000000000000e+01 9.770093805578231386e-04 2.932097136048437136e+01 2.348581558438962880e+00 5.491137190902246196e-02 6.042009115219116211e+00
7.000000000000000000e+01 2.448950623442166141e-04 2.922866778675029309e+01 2.389175479923281831e+00 4.269270534042085563e-02 8.073615074157714844e+00
7.100000000000000000e+01 8.271277274412363548e-04 2.914152001290798921e+01 2.353634880816729336e+00 4.739365676187096837e-02 7.041712284088134766e+00
7.200000000000000000e+01 4.109651313073913988e-04 2.882592722748200842e+01 2.430683894346322482e+00 5.887920429718888210e-02 6.694530248641967773e+00
7.300000000000000000e+01 7.279093249870237283e-04 2.809259577525759966e+01 2.450320661369497444e+00 5.223771025954319219e-02 6.156635522842407227e+00
7.400000000000000000e+01 7.684118202090278521e-04 2.790434601972289386e+01 2.431461176759478260e+00 5.337200736073346996e-02 7.880663394927978516e+00
7.500000000000000000e+01 7.236667054048438914e-04 2.754008497682724155e+01 2.419626768069614631e+00 5.103146457075569131e-02 7.426382541656494141e+00
7.600000000000000000e+01 8.224644965161246202e-04 2.860795591139547156e+01 2.323859617752603413e+00 5.996069741587363444e-02 7.244259119033813477e+00
7.700000000000000000e+01 8.673708923644829916e-04 2.740760556799380865e+01 2.368949306897704776e+00 5.009471831219973470e-02 6.215672969818115234e+00
7.800000000000000000e+01 7.611702719585547753e-04 2.719443209951284857e+01 2.401515746280130870e+00 5.442794697392964315e-02 7.915510177612304688e+00
7.900000000000000000e+01 4.336117430821474967e-04 2.773277018577186226e+01 2.324699274826126594e+00 5.688451198678497883e-02 7.804524421691894531e+00
8.000000000000000000e+01 9.442409554077303051e-04 2.736429625408318600e+01 2.338980832091282380e+00 5.831928282200505437e-02 6.649918556213378906e+00
8.100000000000000000e+01 5.937701393695575362e-04 2.644816571250477111e+01 2.405243863512196878e+00 5.410438979787222935e-02 8.747484683990478516e+00
8.200000000000000000e+01 6.539459823532802786e-04 2.680817499011353178e+01 2.334130687297415463e+00 4.984620644448066462e-02 7.721626758575439453e+00
8.300000000000000000e+01 6.995508932789791696e-04 2.689117579680127434e+01 2.361464249938367121e+00 5.528806136930375370e-02 6.848532676696777344e+00
8.400000000000000000e+01 6.615602185181204838e-05 2.670819177618994189e+01 2.288573960798845341e+00 5.381593271737813988e-02 7.637710571289062500e+00
8.500000000000000000e+01 2.935100731547912256e-04 2.626349917474163931e+01 2.381344643449163634e+00 5.614298743421525240e-02 7.810776472091674805e+00
8.600000000000000000e+01 8.076743385104892580e-04 2.685109335608937542e+01 2.283454809020945220e+00 5.645903092805537593e-02 7.073009729385375977e+00
8.700000000000000000e+01 1.839352644232505277e-04 2.619398543687765013e+01 2.325150039709227734e+00 5.530569203847331833e-02 6.967253684997558594e+00
8.800000000000000000e+01 6.367516667105298451e-04 2.664500453626207488e+01 2.335405695859940511e+00 6.428552686790897641e-02 7.893753051757812500e+00
8.900000000000000000e+01 6.910574050984162045e-04 2.619504825199756937e+01 2.322722356973123681e+00 6.142101186960344239e-02 5.864415407180786133e+00
9.000000000000000000e+01 7.205313451863332424e-04 2.607603373199527752e+01 2.307583858067775218e+00 6.338462327531682594e-02 6.347584486007690430e+00
9.100000000000000000e+01 6.083654499434375772e-04 2.599641551922246308e+01 2.301640748399338854e+00 6.713615389083078810e-02 7.424123287200927734e+00
9.200000000000000000e+01 6.156239684191034105e-04 2.552634912699758374e+01 2.267502969325772000e+00 5.962185943504679647e-02 7.366635084152221680e+00
9.300000000000000000e+01 4.610485215667389027e-05 2.533232694627642090e+01 2.277195939158184856e+00 5.598837015321420085e-02 7.450415372848510742e+00
9.400000000000000000e+01 6.374604562594843619e-04 2.543355815802625486e+01 2.292575075936753581e+00 6.247980575317774177e-02 6.997045993804931641e+00
9.500000000000000000e+01 5.349570981808626042e-04 2.518181918536136266e+01 2.262136141864837136e+00 6.119362972743945528e-02 6.110930681228637695e+00
9.600000000000000000e+01 5.381809819070652867e-04 2.537415424097146044e+01 2.222565291931152931e+00 6.003444899231413084e-02 6.413154602050781250e+00
9.700000000000000000e+01 6.093733450808566524e-04 2.537918191777785992e+01 2.226271825054859654e+00 6.216776585858350274e-02 6.430326223373413086e+00
9.800000000000000000e+01 7.696154814793853020e-04 2.493693183967076266e+01 2.269975304543093042e+00 6.558520866382763770e-02 6.900788784027099609e+00
9.900000000000000000e+01 4.062056993691903046e-04 2.529865678792078398e+01 2.195990609681675920e+00 6.650898657389299473e-02 7.561883926391601562e+00
