2.000000000000000000e+00 -3.222704453154040614e-03 1.066911731058230401e+02 2.553378181739579755e+00 9.982868512793463545e-02 2.078019857406616211e+00
3.000000000000000000e+00 8.887869285644158998e-03 9.889141874737906335e+01 2.657086066270656133e+00 1.163390540134027484e-01 2.620072841644287109e+00
4.000000000000000000e+00 6.465112972254449114e-03 9.428620986317562824e+01 2.313152141004688911e+00 1.179606131929473722e-01 2.026872396469116211e+00
5.000000000000000000e+00 -3.179278885834650650e-03 9.758767753656763944e+01 2.175634719174591503e+00 1.372219820467140694e-01 2.908880472183227539e+00
6.000000000000000000e+00 1.243029220361552669e-03 8.931797700814270513e+01 2.102687694720534406e+00 1.347333680610751649e-01 2.318801164627075195e+00
7.000000000000000000e+00 3.812300369890439695e-03 8.665057283256790299e+01 2.055280348238854859e+00 1.389584925141512384e-01 3.166775226593017578e+00
8.000000000000000000e+00 3.232715301404661800e-03 8.367736373303118569e+01 1.990950726941573379e+00 1.364838991383692801e-01 3.393197536468505859e+00
9.000000000000000000e+00 -6.949958955173280535e-04 8.394661243341138857e+01 1.868607045432903790e+00 1.502631444381626602e-01 2.778692960739135742e+00
1.000000000000000000e+01 1.616217716887756277e-03 7.960477375281647028e+01 1.863752905115518388e+00 1.420789243025944448e-01 2.772835731506347656e+00
1.100000000000000000e+01 -4.032610877822542035e-04 7.970216607182099722e+01 1.798585678190760762e+00 1.479890809374059257e-01 2.603190898895263672e+00
1.200000000000000000e+01 9.972640074422400597e-04 7.570303075873701459e+01 1.827129158111634233e+00 1.443404490692896669e-01 3.363674640655517578e+00
1.300000000000000000e+01 2.526041472410077340e-03 7.292474520250000580e+01 1.838038879858728603e+00 1.403502193001592291e-01 3.020870208740234375e+00
1.400000000000000000e+01 1.930569425990098700e-03 6.896236184457332286e+01 1.878415736381397139e+00 1.372287105434695231e-01 2.569850921630859375e+00
1.500000000000000000e+01 2.080047685734390944e-03 6.588277628949363418e+01 1.899481119459986322e+00 1.397252460300068000e-01 2.249968051910400391e+00
1.600000000000000000e+01 1.406172272563493714e-03 6.444876990295770725e+01 1.920294739920787919e+00 1.388848927975913639e-01 2.572862863540649414e+00
1.700000000000000000e+01 1.603603240606549327e-03 6.309592394217426659e+01 1.862482817532997714e+00 1.403617626283007180e-01 2.216603994369506836e+00
1.800000000000000000e+01 5.042291261822887116e-04 6.162332699677500614e+01 1.785617171535877512e+00 1.546235394478935599e-01 2.549529552459716797e+00
1.900000000000000000e+01 1.619865699571631807e-03 5.975843450923145639e+01 1.848916813613503018e+00 1.396721602897068315e-01 2.052912712097167969e+00
2.000000000000000000e+01 1.631424958089996253e-03 5.786858192574678128e+01 1.862254342903228332e+00 1.410775489162916507e-01 2.502049684524536133e+00
2.100000000000000000e+01 1.102055357501892461e-03 5.686847124343598381e+01 1.867860604645232181e+00 1.415283017021837508e-01 2.831602334976196289e+00
2.200000000000000000e+01 1.928563707455938124e-03 5.464839511362122693e+01 1.856648322370359150e+00 1.415710487003468132e-01 2.365360260009765625e+00
2.300000000000000000e+01 2.376579855380564314e-03 5.352522449240579760e+01 1.852896427659915357e+00 1.381642066242569078e-01 2.088006973266601562e+00
2.400000000000000000e+01 1.520356873793282573e-03 5.359643052722239531e+01 1.823600082185755200e+00 1.496446509708583561e-01 2.459876537322998047e+00
2.500000000000000000e+01 2.509989444425110225e-03 5.149220865171521666e+01 1.839726612045345711e+00 1.458255613899271663e-01 3.469848632812500000e+00
2.600000000000000000e+01 1.398694128078371932e-03 5.036107547875693058e+01 1.782702777362611624e+00 1.505470511883247875e-01 2.199155330657958984e+00
2.700000000000000000e+01 2.036848482580177599e-03 5.006225142483356194e+01 1.851707528733133934e+00 1.449350677486074546e-01 2.268944740295410156e+00
2.800000000000000000e+01 2.111825223356301670e-03 4.974476015159079623e+01 1.773116421986507873e+00 1.527219918632393703e-01 2.644539833068847656e+00
2.900000000000000000e+01 1.823989057196766890e-03 4.754948063086795429e+01 1.832778858773384867e+00 1.371666794623244978e-01 2.442868232727050781e+00
3.000000000000000000e+01 1.751543805050327337e-03 4.841893598945932808e+01 1.823797666546941976e+00 1.515095843214163962e-01 2.190665245056152344e+00
3.100000000000000000e+01 1.118268300275486070e-03 4.740620081113344497e+01 1.757872602697841957e+00 1.489172766217305155e-01 2.686026096343994141e+00
3.200000000000000000e+01 1.510326351070364823e-03 4.611818562917721209e+01 1.725638514500049014e+00 1.400269585917233994e-01 2.491624355316162109e+00
3.300000000000000000e+01 1.456636918091791695e-03 4.626109083071371231e+01 1.801392265651099001e+00 1.512823173152013367e-01 2.465276479721069336e+00
3.400000000000000000e+01 1.454726951019866743e-03 4.436937912728242139e+01 1.813902467555071008e+00 1.459303896110824006e-01 2.487696170806884766e+00
3.500000000000000000e+01 1.966847996999332784e-03 4.384226283922605205e+01 1.894630790393510456e+00 1.491683059127784650e-01 2.773362636566162109e+00
3.600000000000000000e+01 2.101180720108402396e-03 4.381176174474853013e+01 1.741926222449106776e+00 1.477799083448048112e-01 3.130698680877685547e+00
3.700000000000000000e+01 1.461979156411473803e-03 4.315835524166377013e+01 1.769947033755522980e+00 1.482916490520753139e-01 2.388323068618774414e+00
3.800000000000000000e+01 2.333420475384101987e-03 4.228444816974953113e+01 1.789905580546454988e+00 1.414363913811657603e-01 2.617129802703857422e+00
3.900000000000000000e+01 1.750461603696528128e-03 4.217444104756368972e+01 1.773818903422756943e+00 1.561572675920417375e-01 2.580336570739746094e+00
4.000000000000000000e+01 1.706563482777741529e-03 4.102772409423676692e+01 1.768242487895670845e+00 1.425935822840060652e-01 2.417981863021850586e+00
4.100000000000000000e+01 1.737673993380102477e-03 4.154982615109532418e+01 1.708920214707554397e+00 1.485136052233023141e-01 2.825112581253051758e+00
4.200000000000000000e+01 1.951856691187847269e-03 4.069967369243700972e+01 1.760540921019364768e+00 1.453816034372636956e-01 3.254392862319946289e+00
4.300000000000000000e+01 1.397245482585960643e-03 3.998604758342702326e+01 1.769709306343858701e+00 1.496370767111819822e-01 2.757614135742187500e+00
4.400000000000000000e+01 1.622049171887435465e-03 3.898393219192781345e+01 1.743089648032986494e+00 1.370015624515499297e-01 2.579490184783935547e+00
4.500000000000000000e+01 1.604432866114857388e-03 3.877831187780833488e+01 1.730692210124102903e+00 1.395187928153026335e-01 2.568143844604492188e+00
4.600000000000000000e+01 1.837134494774815986e-03 3.845702219164361679e+01 1.708363896798632764e+00 1.574205519430700029e-01 2.427231550216674805e+00
4.700000000000000000e+01 1.442993279477222885e-03 3.822076309703357566e+01 1.726678401459122769e+00 1.518192920783081046e-01 2.479378938674926758e+00
4.800000000000000000e+01 1.753074556989947085e-03 3.774601716994413181e+01 1.708901097047536455e+00 1.498602622323676470e-01 2.459219694137573242e+00
4.900000000000000000e+01 1.754439068615632489e-03 3.682149867902532492e+01 1.765624573356763038e+00 1.386808326315022433e-01 2.851963758468627930e+00
5.000000000000000000e+01 1.489545379523135463e-03 3.635079347573016406e+01 1.751488201931196143e+00 1.428667191294703820e-01 2.486366033554077148e+00
5.100000000000000000e+01 1.527202474493056465e-03 3.653150706657478963e+01 1.712395901558927402e+00 1.499343005780531535e-01 2.345736265182495117e+00
5.200000000000000000e+01 2.137564455248664504e-03 3.615581092428172383e+01 1.732553935348142060e+00 1.553505614965293991e-01 2.885383367538452148e+00
5.300000000000000000e+01 1.415305980152013754e-03 3.585475519832794333e+01 1.774485399403862518e+00 1.389055955572487677e-01 2.799793720245361328e+00
5.400000000000000000e+01 3.531512433866416858e-04 3.545861321153682155e+01 1.729089299221072462e+00 1.410750208333386158e-01 3.268550872802734375e+00
5.500000000000000000e+01 6.494930180619073404e-04 3.519669241784724534e+01 1.742185130904307266e+00 1.472656991982123909e-01 2.553544759750366211e+00
5.600000000000000000e+01 1.372104301874111070e-03 3.519516763943303062e+01 1.699352633285986958e+00 1.442588751747774789e-01 2.599398851394653320e+00
5.700000000000000000e+01 1.250992439649841305e-03 3.465191397141851581e+01 1.788347429626121476e+00 1.407275767067739103e-01 2.624072313308715820e+00
5.800000000000000000e+01 1.559079043241555843e-03 3.407864684001240363e+01 1.675908503061311006e+00 1.491003176754066850e-01 2.508790731430053711e+00
5.900000000000000000e+01 1.914080253481233911e-03 3.409498378157864096e+01 1.681014385538392109e+00 1.510243215930094085e-01 2.448123931884765625e+00
6.000000000000000000e+01 1.307489289970315341e-03 3.379285003397247777e+01 1.677348479868137510e+00 1.490870828639423162e-01 2.608411788940429688e+00
6.100000000000000000e+01 1.365457934296268648e-03 3.347861244349878973e+01 1.670591979448666775e+00 1.493237927651160368e-01 2.637835025787353516e+00
6.200000000000000000e+01 1.832169489608325048e-03 3.318993704692258717e+01 1.662036587304975388e+00 1.435476170838427545e-01 2.810912370681762695e+00
6.300000000000000000e+01 1.049833110901736161e-03 3.304536763550630951e+01 1.636377093064538046e+00 1.449285876980463683e-01 2.782232761383056641e+00
6.400000000000000000e+01 1.567517941471758885e-03 3.276034164593608722e+01 1.665698142377326496e+00 1.442164195832893736e-01 2.821434736251831055e+00
6.500000000000000000e+01 1.429822170609028288e-03 3.237902506634049615e+01 1.655528360887734252e+00 1.455218139243759923e-01 2.464939355850219727e+00
6.600000000000000000e+01 1.354109458895262109e-03 3.209611231196151948e+01 1.640246503745419693e+00 1.501412608531463855e-01 2.521593809127807617e+00
6.700000000000000000e+01 1.210879914837463371e-03 3.207238404055772207e+01 1.651779981309658751e+00 1.465850996082998237e-01 2.872189044952392578e+00
6.800000000000000000e+01 1.283405199216867010e-03 3.164521148277814078e+01 1.635564414545730871e+00 1.513143217811140084e-01 2.572338104248046875e+00
6.900000000000000000e+01 1.049358087250507835e-03 3.180199577328417249e+01 1.606531533511775800e+00 1.511684591841590819e-01 2.326542139053344727e+00
7.000000000000000000e+01 1.064199646501165584e-03 3.144145505030806831e+01 1.647308661784593342e+00 1.499684992584806864e-01 2.854746341705322266e+00
7.100000000000000000e+01 9.775635503903505694e-04 3.103120099941212828e+01 1.648267325735693012e+00 1.417714614567040232e-01 2.799482107162475586e+00
7.200000000000000000e+01 1.652942105020854553e-03 3.052623562021289416e+01 1.655594257308357964e+00 1.482647477469299091e-01 2.439227819442749023e+00
7.300000000000000000e+01 1.314659799659288145e-03 3.057921040100066890e+01 1.639298052498376679e+00 1.483065290326477936e-01 2.534011125564575195e+00
7.400000000000000000e+01 1.468215402727265093e-03 2.976135064212821746e+01 1.702083089772649993e+00 1.418965466095887251e-01 2.844132423400878906e+00
7.500000000000000000e+01 1.224539086551380395e-03 3.062062778520477124e+01 1.615632016288944373e+00 1.479324715519085287e-01 2.797012329101562500e+00
7.600000000000000000e+01 1.122067047255194579e-03 3.006764457485630970e+01 1.642863580965643999e+00 1.474807934163221146e-01 2.794472217559814453e+00
7.700000000000000000e+01 8.696801736883671367e-04 2.963355224671710886e+01 1.637979102870082526e+00 1.495918262986956626e-01 2.580699205398559570e+00
7.800000000000000000e+01 8.136077483845734334e-04 2.926655109918124964e+01 1.567272742435470434e+00 1.486008700244586811e-01 2.434946298599243164e+00
7.900000000000000000e+01 1.160672938669742374e-03 2.942762410706318477e+01 1.640566599358090683e+00 1.436602302781140594e-01 2.673995256423950195e+00
8.000000000000000000e+01 8.608292411743007121e-04 2.939602257614714631e+01 1.603469677363890566e+00 1.483745718548749315e-01 2.865000009536743164e+00
8.100000000000000000e+01 1.081206358138118908e-03 2.915142631126304096e+01 1.621326862034105698e+00 1.444893787414025799e-01 2.540839672088623047e+00
8.200000000000000000e+01 9.513888336930363242e-04 2.830100903979212035e+01 1.646497099768826411e+00 1.379420460460400732e-01 3.004600524902343750e+00
8.300000000000000000e+01 1.393935543268041023e-03 2.876343116202698980e+01 1.598099031609934384e+00 1.457813180603083070e-01 2.994334459304809570e+00
8.400000000000000000e+01 1.261262615530887518e-03 2.842927401303790091e+01 1.590427069058963916e+00 1.442527245457831953e-01 3.012516260147094727e+00
8.500000000000000000e+01 1.194391555537577688e-03 2.839350271682988591e+01 1.568407458489994521e+00 1.486152335873097696e-01 2.898984909057617188e+00
8.600000000000000000e+01 1.053906522036624502e-03 2.801609080877814861e+01 1.568069893027805639e+00 1.458846361878484432e-01 2.489920139312744141e+00
8.700000000000000000e+01 1.621351178838365166e-03 2.774605789340681028e+01 1.593459529643074246e+00 1.394184823701781484e-01 2.722463369369506836e+00
8.800000000000000000e+01 8.584762770936034317e-04 2.810183233537881975e+01 1.606583026340601350e+00 1.427224426068091079e-01 2.981967926025390625e+00
8.900000000000000000e+01 1.255379084651446486e-03 2.771724815076824555e+01 1.585303513890388816e+00 1.444020782407444969e-01 2.681145906448364258e+00
9.000000000000000000e+01 8.916074774861267992e-04 2.768905000064940225e+01 1.561306293226501385e+00 1.487405963195536085e-01 2.954797506332397461e+00
9.100000000000000000e+01 5.753314393770744351e-04 2.726916873457537349e+01 1.519216461749560487e+00 1.496535474603337690e-01 2.818200826644897461e+00
9.200000000000000000e+01 9.579705992406410946e-04 2.750973467894726809e+01 1.601153846862976238e+00 1.407291353727714023e-01 2.819518566131591797e+00
9.300000000000000000e+01 1.289865544012176951e-03 2.689629780644551360e+01 1.606829453027186272e+00 1.414780424057608121e-01 3.042577743530273438e+00
9.400000000000000000e+01 6.046776606985757897e-04 2.672801019296796454e+01 1.526010466515795194e+00 1.438754982793898352e-01 2.949751853942871094e+00
9.500000000000000000e+01 7.337650193491305258e-04 2.681350382079655148e+01 1.561640182319816050e+00 1.365099162271405375e-01 3.113662719726562500e+00
9.600000000000000000e+01 1.275258093958193473e-03 2.665083668904720327e+01 1.567243225934193518e+00 1.423379065147110101e-01 2.942568063735961914e+00
9.700000000000000000e+01 6.479346630556004089e-04 2.648918705412962638e+01 1.536785933206638255e+00 1.444961721002146204e-01 2.923938512802124023e+00
9.800000000000000000e+01 8.761999431249443840e-04 2.625338945712849181e+01 1.553818061521217597e+00 1.435829951548234229e-01 2.835382699966430664e+00
9.900000000000000000e+01 6.022212841770726134e-04 2.609714936049933343e+01 1.519242408927068411e+00 1.433364021211069594e-01 2.838490486145019531e+00
