2.000000000000000000e+00 3.082580028788643386e-02 2.581870593788447081e+02 9.593050292554518022e-01 3.978040060001573619e-01 1.080011129379272461e+00
3.000000000000000000e+00 2.333810656587314430e-02 2.155876092444835024e+02 1.173087501093450724e+00 2.937054025492898957e-01 1.057683706283569336e+00
4.000000000000000000e+00 1.968520689823684278e-02 1.776429724688450733e+02 1.422689858452699019e+00 1.972524611182437659e-01 1.173516988754272461e+00
5.000000000000000000e+00 1.463907889873687293e-02 1.575554515954462431e+02 1.298399016732804778e+00 2.453882656448739541e-01 9.883697032928466797e-01
6.000000000000000000e+00 1.390296911327447600e-02 1.436720687348480965e+02 1.445098289264623803e+00 1.920492507811565885e-01 9.743731021881103516e-01
7.000000000000000000e+00 1.286887641085431022e-02 1.283786983039491645e+02 1.514021009450708499e+00 1.781036971365333732e-01 9.419519901275634766e-01
8.000000000000000000e+00 1.089898127866621713e-02 1.110952229065295427e+02 1.331257126602299001e+00 1.748297495924586997e-01 1.255436897277832031e+00
9.000000000000000000e+00 1.072970509604059645e-02 1.048895187749547944e+02 1.372139288446606153e+00 1.724944932776546203e-01 9.414801597595214844e-01
1.000000000000000000e+01 1.007433531951474996e-02 1.037976152051981273e+02 1.416644981592417141e+00 1.842646386562664107e-01 1.139714956283569336e+00
1.100000000000000000e+01 8.878439427511703244e-03 9.646496246696887056e+01 1.408658284203710531e+00 1.834466026256135196e-01 1.007003068923950195e+00
1.200000000000000000e+01 8.621121594679977823e-03 9.144770667706829670e+01 1.356505363486654403e+00 1.691148969637870092e-01 9.868011474609375000e-01
1.300000000000000000e+01 8.293657965393061784e-03 8.929802927591616424e+01 1.406094610795163957e+00 1.670989729065945062e-01 1.117349624633789062e+00
1.400000000000000000e+01 8.192096379870715886e-03 8.639016920794344401e+01 1.462201103096111510e+00 1.566825815743399519e-01 1.311158180236816406e+00
1.500000000000000000e+01 8.264884286872144215e-03 8.290952452673809603e+01 1.494689374018649319e+00 1.588378565998576908e-01 1.067806482315063477e+00
1.600000000000000000e+01 7.601517595171116727e-03 7.778424400192051280e+01 1.746551467884988940e+00 1.299914533407472983e-01 1.007332563400268555e+00
1.700000000000000000e+01 7.363432901017016689e-03 7.997083553248812393e+01 1.493629338118235284e+00 1.583543772228944435e-01 1.021393060684204102e+00
1.800000000000000000e+01 7.888794335271880759e-03 7.594138694191713057e+01 1.520358588544406864e+00 1.445954307299043007e-01 1.420967578887939453e+00
1.900000000000000000e+01 7.807950285779108844e-03 7.316273187150400759e+01 1.536894898313343916e+00 1.336425042911913996e-01 1.032102823257446289e+00
2.000000000000000000e+01 6.726283406836763498e-03 7.044410494888948904e+01 1.603198170490752972e+00 1.330667037741641301e-01 1.041931629180908203e+00
2.100000000000000000e+01 6.560117426773062928e-03 6.946682707391175882e+01 1.636886277877557916e+00 1.291625748836570386e-01 1.062618732452392578e+00
2.200000000000000000e+01 6.361094306646095098e-03 6.908754986309739365e+01 1.545334740699338738e+00 1.306501371092004815e-01 1.172145366668701172e+00
2.300000000000000000e+01 5.943727233906734471e-03 6.572589355413771273e+01 1.589371611465051348e+00 1.206940659693365031e-01 1.073136806488037109e+00
2.400000000000000000e+01 5.792634433783788034e-03 6.101323603090879999e+01 1.637663424389826483e+00 9.927727706911809724e-02 1.017771005630493164e+00
2.500000000000000000e+01 5.785740946157064309e-03 6.065671258735698501e+01 1.591696017454711898e+00 1.322300762655197470e-01 1.060691833496093750e+00
2.600000000000000000e+01 5.550331297185624561e-03 6.312982850804842627e+01 1.487432172805817743e+00 1.314387193919413499e-01 1.204105615615844727e+00
2.700000000000000000e+01 5.473568257680217278e-03 5.996229126781490493e+01 1.594379639856926323e+00 1.317610642195114479e-01 1.315265893936157227e+00
2.800000000000000000e+01 5.261062461618780904e-03 6.117709704762917511e+01 1.415173099827315095e+00 1.310096211311054804e-01 1.128754138946533203e+00
2.900000000000000000e+01 5.522697993480290245e-03 5.635104569239370420e+01 1.520910369468017276e+00 1.130281876837587740e-01 9.771969318389892578e-01
3.000000000000000000e+01 5.431923319310741002e-03 5.926635948863327741e+01 1.526268536895756034e+00 1.193231130104516480e-01 1.169329643249511719e+00
3.100000000000000000e+01 4.580400715962794356e-03 5.647378271941447991e+01 1.503855047947613821e+00 1.215733010263369412e-01 1.245619773864746094e+00
3.200000000000000000e+01 4.527700700223564849e-03 5.478507421268909638e+01 1.522595191241593149e+00 1.133528409398895376e-01 1.170364618301391602e+00
3.300000000000000000e+01 4.523746791851556044e-03 5.376643444446929010e+01 1.535431624683370577e+00 1.127342821129691947e-01 1.139566898345947266e+00
3.400000000000000000e+01 4.212841636316263724e-03 5.460426457463231031e+01 1.402437347069927176e+00 1.206908178510942425e-01 1.203880310058593750e+00
3.500000000000000000e+01 4.680520082157585936e-03 5.391504569842817318e+01 1.437624817501042873e+00 1.202747079334390706e-01 1.135621547698974609e+00
3.600000000000000000e+01 4.234382427826460099e-03 5.153034458863649547e+01 1.472605213597916851e+00 1.069738257385878522e-01 1.377265453338623047e+00
3.700000000000000000e+01 4.200970882666721015e-03 5.085861808272097306e+01 1.464779683620063278e+00 1.065397825309246510e-01 1.180219173431396484e+00
3.800000000000000000e+01 4.328189111289316819e-03 5.234936875258579647e+01 1.501946040111630021e+00 1.189096941827598036e-01 1.257893800735473633e+00
3.900000000000000000e+01 3.947993722058563450e-03 5.005529915962905818e+01 1.500374229399669801e+00 1.025788933600422226e-01 1.184241056442260742e+00
4.000000000000000000e+01 4.181994402969261768e-03 4.849169500825198753e+01 1.575546400467541686e+00 1.063919182337736968e-01 1.186723709106445312e+00
4.100000000000000000e+01 3.964574328682754847e-03 4.843097487490550179e+01 1.458005709352991452e+00 1.055768544894158389e-01 1.143189668655395508e+00
4.200000000000000000e+01 3.818277034064738572e-03 4.793660814891495647e+01 1.469004794633550715e+00 1.129596081449434353e-01 1.168483734130859375e+00
4.300000000000000000e+01 3.296334598227963850e-03 4.838648930596242081e+01 1.379517742829097005e+00 1.216178022785996959e-01 1.208118200302124023e+00
4.400000000000000000e+01 3.728534099063771437e-03 4.638843379188880789e+01 1.474135299451703629e+00 1.101925103047351612e-01 1.243024587631225586e+00
4.500000000000000000e+01 3.208193484611197768e-03 4.705098806127612221e+01 1.401325114653902526e+00 1.160785794565479118e-01 1.303559064865112305e+00
4.600000000000000000e+01 3.321652653088418439e-03 4.866081555390637448e+01 1.385807718711273173e+00 1.175779484376720530e-01 1.328731060028076172e+00
4.700000000000000000e+01 3.074030851667275931e-03 4.707198318622614863e+01 1.412807449250250258e+00 1.191543697691211240e-01 1.171704292297363281e+00
4.800000000000000000e+01 3.634212507295995955e-03 4.606234478049010761e+01 1.514386335165120334e+00 1.040208365101723542e-01 1.299837827682495117e+00
4.900000000000000000e+01 3.304278309590658567e-03 4.503255115257271513e+01 1.405325753580454640e+00 1.195394140170757541e-01 1.161084890365600586e+00
5.000000000000000000e+01 3.120654884939714005e-03 4.582749115159041509e+01 1.367059900676209194e+00 1.217137512515507197e-01 1.130341053009033203e+00
5.100000000000000000e+01 2.951418029419308926e-03 4.620943424646064557e+01 1.312532297189857866e+00 1.128184858171179944e-01 1.214006900787353516e+00
5.200000000000000000e+01 3.033865452529314107e-03 4.474817395586039481e+01 1.352960184678213107e+00 1.213851755015344924e-01 1.153575420379638672e+00
5.300000000000000000e+01 2.957356318144056199e-03 4.446659187337963459e+01 1.343741745775816732e+00 1.231181713183791410e-01 1.138428449630737305e+00
5.400000000000000000e+01 2.922252407448580700e-03 4.505942664286671118e+01 1.286901985308936736e+00 1.294729561852448196e-01 1.563536167144775391e+00
5.500000000000000000e+01 2.924698590419259805e-03 4.349183713486267777e+01 1.261350891216461267e+00 1.142484228719008871e-01 1.449068069458007812e+00
5.600000000000000000e+01 2.845795210820678978e-03 4.401830245971829214e+01 1.248289147027147772e+00 1.085780134807860370e-01 1.266578912734985352e+00
5.700000000000000000e+01 2.904570422871783578e-03 4.304160661230065443e+01 1.262170110226745523e+00 1.247043984779022119e-01 1.206028699874877930e+00
5.800000000000000000e+01 2.698880165510917761e-03 4.272181114282254555e+01 1.295311359207765634e+00 1.134348283484284264e-01 1.300712347030639648e+00
5.900000000000000000e+01 2.584082313132568618e-03 4.201750288724159788e+01 1.312520209081076805e+00 1.086045715070021594e-01 1.290467500686645508e+00
6.000000000000000000e+01 2.810776449650444122e-03 4.118709120663139345e+01 1.315387560287046398e+00 1.116979476258367771e-01 1.467407226562500000e+00
6.100000000000000000e+01 2.780053593975301014e-03 4.174378612351326012e+01 1.347964594368477043e+00 1.155264109116938276e-01 1.476936578750610352e+00
6.200000000000000000e+01 2.573136370140282313e-03 4.245508282605506167e+01 1.253788424855228900e+00 1.176089079207157245e-01 1.293625354766845703e+00
6.300000000000000000e+01 2.644357158534986312e-03 4.125350882402762664e+01 1.296072608090450551e+00 1.099578560677459543e-01 1.317546844482421875e+00
6.400000000000000000e+01 2.534116968743250001e-03 4.075325521695120301e+01 1.259132641766856686e+00 1.065376779335611424e-01 1.317364692687988281e+00
6.500000000000000000e+01 2.572363822537477619e-03 4.022417848165101617e+01 1.278015667376641851e+00 1.131505460831258442e-01 1.423243522644042969e+00
6.600000000000000000e+01 2.423999003044101461e-03 4.083304608819062054e+01 1.281387776719856486e+00 1.123428097276588516e-01 1.406833887100219727e+00
6.700000000000000000e+01 2.360920613081836893e-03 4.128918694145483670e+01 1.199354598725574039e+00 1.109935039958670766e-01 1.240349054336547852e+00
6.800000000000000000e+01 2.253577389211757539e-03 4.057367280909426910e+01 1.206460471717217375e+00 1.256214069655736676e-01 1.551270961761474609e+00
6.900000000000000000e+01 2.344056132569870190e-03 3.969463079232034630e+01 1.238377384732396447e+00 1.011664655720516809e-01 1.307600736618041992e+00
7.000000000000000000e+01 2.203233218791660758e-03 4.129234937300776664e+01 1.289948289174178031e+00 1.153348300757276318e-01 1.463847398757934570e+00
7.100000000000000000e+01 2.274861991776698077e-03 4.046830837236090161e+01 1.174922532669333997e+00 1.209256130765963971e-01 1.509780883789062500e+00
7.200000000000000000e+01 2.253726961775932500e-03 4.005644567584977978e+01 1.232718303931071846e+00 1.162329338082737917e-01 1.400232315063476562e+00
7.300000000000000000e+01 2.169509864853083701e-03 3.850270386988197657e+01 1.270399253114300242e+00 1.041422941118307216e-01 1.349490642547607422e+00
7.400000000000000000e+01 2.104262107522219399e-03 3.754889288962890959e+01 1.269638448319979407e+00 1.033522142214509387e-01 1.416075229644775391e+00
7.500000000000000000e+01 2.053701402979757427e-03 3.935673219014283575e+01 1.167867805616467747e+00 1.223910690039617666e-01 1.321165800094604492e+00
7.600000000000000000e+01 2.038044616258122364e-03 3.852022486081027353e+01 1.266068483802412770e+00 1.154946846198443011e-01 1.526291847229003906e+00
7.700000000000000000e+01 2.130740952451451366e-03 4.118906885681153796e+01 1.147793690659278276e+00 1.336085083400538887e-01 1.421699762344360352e+00
7.800000000000000000e+01 1.966721523416562530e-03 3.901650172272952233e+01 1.188097705187697528e+00 1.192148996926881699e-01 1.555612802505493164e+00
7.900000000000000000e+01 2.035068010410190191e-03 3.847676567475367193e+01 1.158731232411510881e+00 1.180066634666981640e-01 1.572973012924194336e+00
8.000000000000000000e+01 1.906976056265898521e-03 3.738019221279866144e+01 1.160860446015109071e+00 1.067645496832998336e-01 1.618985176086425781e+00
8.100000000000000000e+01 2.070954759289017361e-03 3.708334486025687227e+01 1.274273153674904790e+00 9.421809029440443573e-02 1.699885368347167969e+00
8.200000000000000000e+01 1.720505207460342953e-03 3.723696424192243626e+01 1.183350420172532447e+00 1.077345130465240802e-01 1.340983629226684570e+00
8.300000000000000000e+01 1.850127269276341047e-03 3.698884777530903278e+01 1.209979664305069536e+00 1.098856926515574262e-01 1.391921281814575195e+00
8.400000000000000000e+01 1.838922582412164716e-03 3.635446303159036319e+01 1.176083666369098779e+00 9.105641834051189654e-02 1.476686000823974609e+00
8.500000000000000000e+01 1.827523321621197291e-03 3.877841410121518351e+01 1.103056778697717455e+00 1.236920236563493897e-01 1.709025144577026367e+00
8.600000000000000000e+01 1.775472599856880909e-03 3.787203187544359650e+01 1.154479023219847411e+00 1.125599367129977019e-01 1.588377237319946289e+00
8.700000000000000000e+01 1.780444247293722125e-03 3.597309610455067030e+01 1.161690496845095177e+00 1.035895343124082629e-01 1.417263031005859375e+00
8.800000000000000000e+01 1.661736981880222123e-03 3.633838302472779702e+01 1.147240582067500902e+00 1.130922242207327427e-01 1.774842023849487305e+00
8.900000000000000000e+01 1.734867650701455788e-03 3.675978265720427629e+01 1.134764559074301182e+00 1.030142390256100215e-01 1.483175992965698242e+00
9.000000000000000000e+01 1.752930919004371283e-03 3.687573595205507360e+01 1.183355717242079885e+00 1.139578571795043793e-01 1.580551385879516602e+00
9.100000000000000000e+01 1.658897778161960105e-03 3.591726766580153196e+01 1.115484051851351355e+00 9.747693691408933214e-02 1.483280658721923828e+00
9.200000000000000000e+01 1.701343253662184266e-03 3.765164848950894338e+01 1.106387640949327178e+00 1.185770260658299130e-01 1.518659830093383789e+00
9.300000000000000000e+01 1.624187881703343392e-03 3.734620346623105291e+01 1.063558246033216470e+00 1.241534656685890914e-01 1.582773447036743164e+00
9.400000000000000000e+01 1.654788209297696931e-03 3.598488730564675819e+01 1.098718276028594065e+00 1.070103681898567916e-01 1.436766147613525391e+00
9.500000000000000000e+01 1.460827270720598328e-03 3.591737232711992789e+01 1.099959799986950371e+00 1.006013520311804937e-01 1.710993051528930664e+00
9.600000000000000000e+01 1.516420357338143761e-03 3.715946837543978631e+01 1.056328852150579367e+00 1.174300810025575154e-01 2.000606060028076172e+00
9.700000000000000000e+01 1.476310834627077946e-03 3.723728230499381908e+01 1.091185626286833354e+00 1.259753979492892750e-01 1.566571950912475586e+00
9.800000000000000000e+01 1.502321184383209477e-03 3.715647458402763448e+01 1.043544023655676556e+00 1.201538325261304052e-01 1.744034528732299805e+00
9.900000000000000000e+01 1.365455525092088311e-03 3.490654257338705690e+01 1.050477607685627923e+00 1.055241863550287484e-01 1.662824630737304688e+00
