2.000000000000000000e+00 2.197410812972340295e-05 1.336520580147959834e+02 5.761077824799508029e+00 2.866720534485689767e-02 1.967619872093200684e+01
3.000000000000000000e+00 4.038819286067437097e-05 1.118168300649213904e+02 5.235033746417461664e+00 2.467458520122275609e-02 3.190013527870178223e+01
4.000000000000000000e+00 9.683943090517894549e-06 1.001032235983891781e+02 4.830609348674681058e+00 2.399745397431253188e-02 2.454007601737976074e+01
5.000000000000000000e+00 -9.711091323782192623e-06 9.143707093538377251e+01 4.539550346314817908e+00 2.408595185318126650e-02 3.406696057319641113e+01
6.000000000000000000e+00 -8.146902777814112902e-07 8.445725054704477941e+01 4.415355538282978998e+00 2.478387683475829356e-02 3.583883380889892578e+01
7.000000000000000000e+00 -8.263365423696719312e-06 7.846915514916962309e+01 4.259461993271754565e+00 2.502823135864998272e-02 3.449016308784484863e+01
8.000000000000000000e+00 -7.075682234824129605e-06 7.359030772551970756e+01 4.158842987901991251e+00 2.540347693307496921e-02 3.473689055442810059e+01
9.000000000000000000e+00 -1.286240628884466446e-05 6.857018802082308184e+01 4.222143910881308138e+00 2.506459052977108234e-02 3.333612966537475586e+01
1.000000000000000000e+01 -6.928769013730095586e-06 6.521319560425561690e+01 4.076490938069698089e+00 2.502681327638420911e-02 4.093383717536926270e+01
1.100000000000000000e+01 2.722550777289964838e-06 6.211534137612174078e+01 3.973942127562760884e+00 2.515140752488861584e-02 2.995590996742248535e+01
1.200000000000000000e+01 -1.602258410644715999e-05 5.924746268873557398e+01 3.992834328693215529e+00 2.450590419861929659e-02 3.550741076469421387e+01
1.300000000000000000e+01 -1.494568318896903905e-05 5.633780918279012440e+01 3.972688557938885534e+00 2.382015673648158610e-02 4.254090523719787598e+01
1.400000000000000000e+01 -2.062171344856608391e-06 5.442759717272861764e+01 3.902642894127065443e+00 2.416930180950575824e-02 3.279360675811767578e+01
1.500000000000000000e+01 -8.595763698637658008e-07 5.268754299747224934e+01 3.797494148854007268e+00 2.416119682177675365e-02 4.302604961395263672e+01
1.600000000000000000e+01 -1.195207504798695273e-05 5.064327001423310293e+01 3.836377294832820084e+00 2.457399369158259558e-02 2.670023512840270996e+01
1.700000000000000000e+01 -3.076064716559065024e-06 4.848564857403872708e+01 3.833533464307555594e+00 2.341029981862583625e-02 4.457009124755859375e+01
1.800000000000000000e+01 5.049612714016333193e-07 4.743087305250091390e+01 3.759683079921588345e+00 2.504583315473090516e-02 3.488795042037963867e+01
1.900000000000000000e+01 -4.834543168536924804e-06 4.568681652093920320e+01 4.116122006590744675e+00 2.386432818035447850e-02 3.531360220909118652e+01
2.000000000000000000e+01 -5.667792941803324233e-06 4.394049972176624408e+01 3.857503408719069604e+00 2.344673434744551366e-02 3.532471680641174316e+01
2.100000000000000000e+01 2.632195080499799326e-06 4.269399621880844364e+01 3.941850729622718319e+00 2.282509836165696332e-02 3.100567221641540527e+01
2.200000000000000000e+01 1.785653471056893294e-06 4.153176540140174211e+01 3.788229996619213225e+00 2.273704768717844243e-02 3.642487049102783203e+01
2.300000000000000000e+01 2.182048514958839646e-06 4.072238215403938710e+01 3.743410240722039095e+00 2.325951808280407596e-02 3.490821909904479980e+01
2.400000000000000000e+01 8.511424712826417659e-07 3.929272989486698719e+01 3.792338838367709908e+00 2.226763548610424456e-02 3.311491775512695312e+01
2.500000000000000000e+01 1.005636122328381451e-06 3.829428454781177749e+01 3.905863434123879152e+00 2.182351951421876782e-02 2.919225049018859863e+01
2.600000000000000000e+01 2.366855488872183523e-06 3.742647569866600321e+01 3.876591349094821837e+00 2.197252201343593767e-02 3.322293639183044434e+01
2.700000000000000000e+01 -1.270684611758438533e-06 3.649062179132688044e+01 3.852225916236149850e+00 2.192539743271572014e-02 3.320383214950561523e+01
2.800000000000000000e+01 -8.842515703485869046e-07 3.556353692343237327e+01 3.839500432062483704e+00 2.175688239800778467e-02 3.341640949249267578e+01
2.900000000000000000e+01 -2.843009575443805704e-06 3.458753171578202057e+01 3.856044952322066344e+00 2.095594263780745786e-02 2.840591907501220703e+01
3.000000000000000000e+01 2.501704011312183687e-07 3.393897058188317573e+01 3.833408759801609111e+00 2.077726301755450020e-02 3.630048537254333496e+01
3.100000000000000000e+01 -4.483196029195744667e-06 3.324160142662326223e+01 3.816661241722557385e+00 2.155638144171595841e-02 2.948219799995422363e+01
3.200000000000000000e+01 -3.954076338297975290e-07 3.271329963880265268e+01 3.791010748744894521e+00 2.140772562927709469e-02 3.828067708015441895e+01
3.300000000000000000e+01 -4.822527594138031568e-06 3.202443117341224621e+01 3.775213872831060247e+00 2.126509937936940306e-02 2.752986431121826172e+01
3.400000000000000000e+01 -2.611910687462189296e-06 3.121608582115469588e+01 3.798156744336990798e+00 2.054251109607800260e-02 3.368696856498718262e+01
3.500000000000000000e+01 -3.538431167069897112e-06 3.066709788974612394e+01 3.820562915317917252e+00 2.007294867398801141e-02 2.797016215324401855e+01
3.600000000000000000e+01 4.255863563887600162e-07 3.014798069458940688e+01 3.772086007186896683e+00 2.098114657642160055e-02 3.418545055389404297e+01
3.700000000000000000e+01 1.186558668567591263e-06 2.976107251626136474e+01 3.689713895040607206e+00 2.106610287832569664e-02 3.187032914161682129e+01
3.800000000000000000e+01 -3.266332100277945756e-06 2.911568691536471931e+01 3.790485129566858458e+00 2.144233845509302058e-02 3.639710736274719238e+01
3.900000000000000000e+01 2.906840991927435640e-07 2.877414039980424221e+01 3.689343393532193538e+00 2.075707232984837919e-02 2.967817068099975586e+01
4.000000000000000000e+01 -4.007086822688532102e-07 2.805953530509077254e+01 3.720908843278501799e+00 2.044529845117435199e-02 3.810060667991638184e+01
4.100000000000000000e+01 -1.645405858214856708e-06 2.778908250777912414e+01 3.658700142692362878e+00 2.074400904094016868e-02 2.847021389007568359e+01
4.200000000000000000e+01 -1.793856787489614626e-06 2.718229942895964513e+01 3.687797182856182854e+00 2.015606971061746980e-02 3.729533600807189941e+01
4.300000000000000000e+01 -8.601798539389690694e-07 2.687779967663784220e+01 3.683693196471313325e+00 2.076722076019244662e-02 3.342794251441955566e+01
4.400000000000000000e+01 -1.236658917598764731e-06 2.638806310283572287e+01 3.712918885502032751e+00 2.046342062814182627e-02 3.556251549720764160e+01
4.500000000000000000e+01 -1.961432211113453745e-06 2.601397737967726798e+01 3.695100058668610021e+00 2.026222756797963626e-02 3.209847807884216309e+01
4.600000000000000000e+01 -2.086320202661473918e-06 2.560406254795118741e+01 3.695162294513323786e+00 2.018170811090171796e-02 2.980620121955871582e+01
4.700000000000000000e+01 9.356538036480311542e-07 2.511051727515624066e+01 3.754396143701806743e+00 2.048599850232346239e-02 2.996872496604919434e+01
4.800000000000000000e+01 -8.553309308938182384e-07 2.489595285479940756e+01 3.621166772847446591e+00 1.999840162975476468e-02 3.271489334106445312e+01
4.900000000000000000e+01 -1.126398134190178519e-06 2.455546924727033442e+01 3.684776348794107648e+00 1.914589595919823431e-02 2.833509826660156250e+01
5.000000000000000000e+01 1.182044991648177260e-06 2.424536609240269414e+01 3.677024265687030447e+00 1.885521385250461465e-02 3.219184374809265137e+01
5.100000000000000000e+01 -3.312056778283290737e-06 2.384164098333430459e+01 3.707262493970696848e+00 1.930133618154909400e-02 2.830247187614440918e+01
5.200000000000000000e+01 -1.923507932782472797e-06 2.346087529259105153e+01 3.603295597380247628e+00 2.022941030400316614e-02 3.524713301658630371e+01
5.300000000000000000e+01 -2.487281092458323929e-06 2.330488334477778878e+01 3.678341863122828848e+00 1.934670792040661669e-02 3.320945668220520020e+01
5.400000000000000000e+01 -6.726019952935358383e-07 2.303293137441770000e+01 3.640417327972500061e+00 1.863101656528281386e-02 3.586514377593994141e+01
5.500000000000000000e+01 -1.337197876718301946e-06 2.278875261802222951e+01 3.617711008690437602e+00 1.963306947401591285e-02 3.040440225601196289e+01
5.600000000000000000e+01 -3.070627629785717122e-06 2.239775913712644950e+01 3.637608312448180392e+00 1.917523266146730146e-02 2.992424750328063965e+01
5.700000000000000000e+01 -1.003492176532200118e-06 2.220242442919674630e+01 3.611644094864442600e+00 2.008646291797339806e-02 2.486606740951538086e+01
5.800000000000000000e+01 -2.320678902788665587e-06 2.194138434033632379e+01 3.620707990076902139e+00 1.969034530150649137e-02 2.904303932189941406e+01
5.900000000000000000e+01 -5.991327829468572878e-07 2.162755186516156058e+01 3.627667108202105251e+00 1.945787650010822115e-02 3.081343555450439453e+01
6.000000000000000000e+01 -2.045000310880673252e-06 2.139646997726588040e+01 3.636692777893462569e+00 2.006442477371832636e-02 3.405597233772277832e+01
6.100000000000000000e+01 9.270771443294296189e-07 2.107738160371474478e+01 3.601645895727191071e+00 1.819259358499034779e-02 3.062642884254455566e+01
6.200000000000000000e+01 -2.733849842088431664e-06 2.089726076883781758e+01 3.572835984107516349e+00 1.927375361411356666e-02 2.775542163848876953e+01
6.300000000000000000e+01 -2.433439831520003724e-06 2.073502662724358458e+01 3.599070914669569632e+00 1.941042435534572064e-02 3.002210187911987305e+01
6.400000000000000000e+01 -1.662565922860052500e-06 2.047904806287153789e+01 3.594178953041055280e+00 1.978178950232620595e-02 2.959631180763244629e+01
6.500000000000000000e+01 -7.382812680205390779e-07 2.025119245352674469e+01 3.534561258029734976e+00 1.867425687778373478e-02 3.074167394638061523e+01
6.600000000000000000e+01 -7.754474503337578611e-07 1.998047786239458290e+01 3.539574776310266291e+00 1.824722207713637759e-02 2.961197304725646973e+01
6.700000000000000000e+01 -3.484659479844819160e-06 1.991793527681775089e+01 3.529197522063190373e+00 1.840964380999787764e-02 3.679114222526550293e+01
6.800000000000000000e+01 -9.951293414307063370e-07 1.959362669752089303e+01 3.570936234804458209e+00 1.893512266809395383e-02 2.717617344856262207e+01
6.900000000000000000e+01 -1.678206668048539144e-06 1.948877199131710114e+01 3.490455558589703244e+00 1.929096179649272130e-02 2.956120300292968750e+01
7.000000000000000000e+01 -1.181793136300825383e-06 1.923214472071255798e+01 3.497834726172302400e+00 1.857597622609777691e-02 2.927506804466247559e+01
7.100000000000000000e+01 -1.992182598163222339e-06 1.908372131247379855e+01 3.544725148319243679e+00 1.943925386738223904e-02 2.964830279350280762e+01
7.200000000000000000e+01 -2.560050808060688346e-06 1.883088292303267508e+01 3.537844157722021876e+00 1.944512300656723799e-02 2.882591366767883301e+01
7.300000000000000000e+01 -2.645224355013959990e-06 1.870629455478120207e+01 3.513939339566308107e+00 1.959364616982400831e-02 3.336044144630432129e+01
7.400000000000000000e+01 -2.788302043103590382e-06 1.867966101727611417e+01 3.488802623834126759e+00 1.963972904471591313e-02 2.982835102081298828e+01
7.500000000000000000e+01 -3.375712382914159411e-06 1.828235077276404041e+01 3.558128114801897279e+00 1.889615608796243323e-02 3.198670864105224609e+01
7.600000000000000000e+01 -2.302064640758846658e-06 1.810199215992046007e+01 3.507419783050391704e+00 1.792697428687454325e-02 2.908906626701354980e+01
7.700000000000000000e+01 -3.114648481856358995e-06 1.798579788268824586e+01 3.470952097479993448e+00 1.816997262807838395e-02 3.254714632034301758e+01
7.800000000000000000e+01 -1.915747295760548627e-06 1.783773984696481207e+01 3.509901917541931038e+00 1.959645665025435898e-02 2.714917182922363281e+01
7.900000000000000000e+01 -3.697608112680353554e-06 1.767609403647299970e+01 3.539649446863250670e+00 1.838611766341573944e-02 3.349334073066711426e+01
8.000000000000000000e+01 -3.670003766181726594e-06 1.747113965552938808e+01 3.473122697624785538e+00 1.836517832305396489e-02 3.529324245452880859e+01
8.100000000000000000e+01 8.041481109972439543e-07 1.737994837483948274e+01 3.510747757496066601e+00 1.992677040026992474e-02 3.410786509513854980e+01
8.200000000000000000e+01 -3.529258019546888622e-06 1.717229155285929920e+01 3.486915104979333435e+00 1.809714351309623520e-02 3.662004160881042480e+01
8.300000000000000000e+01 -7.074926416811150640e-07 1.711372531471181802e+01 3.504005911221447445e+00 1.849226571510551725e-02 3.208759355545043945e+01
8.400000000000000000e+01 -1.343139732727871958e-06 1.697157465882415295e+01 3.493180886001278296e+00 1.950511592015283582e-02 2.899486756324768066e+01
8.500000000000000000e+01 -3.309258452652166530e-06 1.679934684057403871e+01 3.476488511159192552e+00 1.854345700251228482e-02 2.939010787010192871e+01
8.600000000000000000e+01 -3.501640253444430430e-06 1.661988414559849758e+01 3.514284893447751301e+00 1.779078029749395565e-02 3.042176318168640137e+01
8.700000000000000000e+01 -1.206442024747759606e-06 1.660642781560970960e+01 3.427812892708067327e+00 1.806371329309778770e-02 3.244246840476989746e+01
8.800000000000000000e+01 -3.545214685949913325e-06 1.642123328696551354e+01 3.454982697668498304e+00 1.882818896665721872e-02 3.069591808319091797e+01
8.900000000000000000e+01 -2.487119839787217966e-06 1.643881741003983521e+01 3.436415929520239221e+00 1.870950087327256928e-02 3.165488576889038086e+01
9.000000000000000000e+01 -1.101288189325975950e-06 1.607415306532858068e+01 3.465498547981230359e+00 1.801179247944580467e-02 2.811906003952026367e+01
9.100000000000000000e+01 -1.627096216235143006e-06 1.607004815764261707e+01 3.407370065033741735e+00 1.854066520775263585e-02 2.896921873092651367e+01
9.200000000000000000e+01 3.033971674888048969e-07 1.595690743225108932e+01 3.452518519908537531e+00 1.858645433517736381e-02 3.172346544265747070e+01
9.300000000000000000e+01 7.310770368929857558e-07 1.576151963973002701e+01 3.424183076275730375e+00 1.812388452683853096e-02 3.340898132324218750e+01
9.400000000000000000e+01 -5.180172830827540270e-07 1.566533323134406785e+01 3.431312815470194177e+00 1.877868270462518599e-02 3.486623811721801758e+01
9.500000000000000000e+01 -2.110514885027545567e-06 1.556298588793146820e+01 3.433435478689659703e+00 1.887648245088201920e-02 3.393866777420043945e+01
9.600000000000000000e+01 -2.272819744841078852e-06 1.550616422517769166e+01 3.413616954196862618e+00 1.928264612997637392e-02 3.420547461509704590e+01
9.700000000000000000e+01 -4.301084700462854338e-09 1.541934125532787547e+01 3.452823663438406410e+00 1.770064640156136793e-02 3.307458972930908203e+01
9.800000000000000000e+01 -2.597052600725167445e-06 1.522075344109984307e+01 3.424350095928847093e+00 1.832627829127959213e-02 3.282109236717224121e+01
9.900000000000000000e+01 -1.794149942269984985e-06 1.520561849499074469e+01 3.371203959656459137e+00 1.912078474228518649e-02 3.333676481246948242e+01
