2.000000000000000000e+00 3.459385384481054187e-05 2.796164500274738316e+02 4.180280174687156958e+00 5.232271011730654786e-02 2.056789755821228027e+01
3.000000000000000000e+00 7.138289926299752424e-05 2.456218078371567515e+02 3.668782225072298786e+00 4.690370993041114572e-02 1.915754890441894531e+01
4.000000000000000000e+00 1.334697714777905651e-05 2.071730829244123413e+02 3.669520404872448793e+00 4.214988872018005095e-02 2.427744269371032715e+01
5.000000000000000000e+00 1.293260475258015567e-05 1.833548198709133032e+02 3.539626699127668363e+00 4.067747437645007763e-02 3.488067460060119629e+01
6.000000000000000000e+00 1.691093529000791982e-05 1.632421640237439249e+02 3.666115039662445341e+00 3.836403573610790152e-02 4.134028458595275879e+01
7.000000000000000000e+00 9.849519505774233238e-06 1.500177750163858548e+02 3.513515574809853881e+00 3.702758410537428102e-02 4.211876583099365234e+01
8.000000000000000000e+00 1.041417744560390441e-05 1.386002511899527576e+02 3.522396279752391113e+00 3.592751561046744757e-02 3.809848117828369141e+01
9.000000000000000000e+00 4.789902079483658461e-06 1.285587424594143613e+02 3.601752711617789871e+00 3.414929537900263795e-02 5.126100993156433105e+01
1.000000000000000000e+01 3.249611761031875519e-06 1.210356450626939733e+02 3.550983636617638606e+00 3.503325016157495669e-02 3.899790549278259277e+01
1.100000000000000000e+01 7.334636693888855258e-06 1.144135816323324946e+02 3.545676699156528944e+00 3.279563215391757824e-02 4.337795758247375488e+01
1.200000000000000000e+01 6.063341830549799290e-06 1.084377217185792688e+02 3.592427452677374955e+00 2.948365930515788741e-02 4.780677628517150879e+01
1.300000000000000000e+01 1.369148771589937251e-05 1.032187319773305347e+02 3.473910395409930629e+00 2.953326327252935035e-02 3.846328449249267578e+01
1.400000000000000000e+01 6.959850334223160673e-06 9.815329949729104442e+01 3.539882831511334427e+00 3.020529729667367422e-02 3.378334641456604004e+01
1.500000000000000000e+01 1.086180222962553495e-05 9.377589932946553120e+01 3.452797214688120508e+00 2.761372828040611210e-02 3.429388761520385742e+01
1.600000000000000000e+01 7.866427326289764888e-06 9.025702356632666579e+01 3.654363505785489519e+00 2.858544334131069009e-02 3.965775990486145020e+01
1.700000000000000000e+01 5.601390917121219987e-06 8.663418437001918448e+01 3.479048229610280707e+00 2.779343474785970353e-02 4.283239316940307617e+01
1.800000000000000000e+01 5.465567583770692897e-06 8.311938655307493207e+01 3.522416780621959731e+00 2.784174711003003372e-02 3.972890162467956543e+01
1.900000000000000000e+01 3.991034343514676861e-06 8.066589897264118747e+01 3.535524086104425479e+00 2.593205062341765593e-02 4.135980749130249023e+01
2.000000000000000000e+01 1.017325867309394525e-05 7.740809297321028737e+01 3.520993083557818260e+00 2.652282999509198921e-02 3.424849581718444824e+01
2.100000000000000000e+01 3.674628562060986790e-06 7.500220879761134540e+01 3.608507615754264375e+00 2.662426896831401532e-02 3.765736365318298340e+01
2.200000000000000000e+01 6.910790454566624666e-06 7.274868359090052650e+01 3.564212267343418894e+00 2.554733413575634854e-02 3.454774641990661621e+01
2.300000000000000000e+01 5.060395737700247185e-06 7.026383657364932844e+01 3.586015817848146270e+00 2.512382610736957345e-02 4.072888970375061035e+01
2.400000000000000000e+01 9.274868437227976043e-06 6.867535660550156251e+01 3.530104817198979728e+00 2.435233708830028890e-02 3.694210147857666016e+01
2.500000000000000000e+01 5.294173693158273434e-06 6.643983856340651073e+01 3.506576066406009939e+00 2.462232568946661621e-02 4.376012921333312988e+01
2.600000000000000000e+01 4.207439115254660727e-06 6.490833461994361642e+01 3.546735138634351969e+00 2.444082124105369236e-02 4.153355097770690918e+01
2.700000000000000000e+01 5.226018964982519461e-06 6.277856099534091072e+01 3.522235467194761771e+00 2.371636971481148187e-02 3.989513325691223145e+01
2.800000000000000000e+01 6.169459371358596558e-06 6.128751938118053744e+01 3.520349844157143249e+00 2.250737301559245854e-02 3.785663080215454102e+01
2.900000000000000000e+01 6.093847426493090790e-06 6.033245406636793007e+01 3.424723268968233203e+00 2.159451786416609689e-02 4.700743126869201660e+01
3.000000000000000000e+01 4.878538360059470383e-06 5.862146653975257493e+01 3.429538016263721012e+00 2.227716356894729466e-02 3.945764589309692383e+01
3.100000000000000000e+01 9.357010972474277398e-06 5.757999036842926444e+01 3.452315366010845210e+00 2.356279071895276897e-02 4.331802058219909668e+01
3.200000000000000000e+01 7.750420868392959170e-06 5.599524084329880935e+01 3.444528985974684598e+00 2.093850982058717558e-02 3.355536651611328125e+01
3.300000000000000000e+01 5.450207400596017787e-06 5.495940040150730965e+01 3.477288246841629960e+00 2.140429451721783879e-02 3.763028573989868164e+01
3.400000000000000000e+01 3.663680622133245880e-06 5.358861366073644916e+01 3.416092591473970153e+00 2.243889096807060238e-02 2.932354068756103516e+01
3.500000000000000000e+01 7.009164671934504360e-06 5.262209123426526958e+01 3.440154974759823236e+00 2.104569817019680614e-02 3.727697205543518066e+01
3.600000000000000000e+01 7.910560868673896073e-06 5.159485494227469360e+01 3.432367487207633516e+00 2.129975111722679643e-02 3.009315776824951172e+01
3.700000000000000000e+01 4.720516309428348510e-06 5.075313691458009657e+01 3.372002305777009212e+00 2.087690320927854115e-02 3.723501920700073242e+01
3.800000000000000000e+01 2.616774286799654353e-06 4.938904559011585604e+01 3.395923479959879199e+00 1.942816187349639956e-02 3.480215907096862793e+01
3.900000000000000000e+01 4.427054024999352783e-06 4.883526191752123680e+01 3.391746414590454339e+00 2.081373175637014905e-02 3.789101719856262207e+01
4.000000000000000000e+01 4.656995618747400310e-06 4.787000396754608289e+01 3.432627593325372484e+00 1.942209773072057361e-02 4.102157235145568848e+01
4.100000000000000000e+01 4.495916182156678286e-06 4.693858499126098138e+01 3.429538320945868524e+00 1.982528112987671023e-02 4.649033045768737793e+01
4.200000000000000000e+01 7.848622670260418569e-06 4.605905737429785773e+01 3.410137704234383449e+00 2.076237897962353307e-02 4.151275205612182617e+01
4.300000000000000000e+01 4.211112542098707479e-06 4.529890780035174913e+01 3.438694770784003207e+00 1.985359718561705011e-02 3.668576645851135254e+01
4.400000000000000000e+01 1.438450402202631823e-06 4.460637771528168827e+01 3.438343389109590476e+00 1.924003249437090252e-02 3.479420876502990723e+01
4.500000000000000000e+01 5.452120593117880219e-06 4.411514928401372515e+01 3.442273485092198548e+00 2.059647296656710175e-02 3.996473979949951172e+01
4.600000000000000000e+01 4.302385326951514474e-06 4.331058600476040965e+01 3.450109242213329264e+00 2.059547366537930677e-02 3.640807557106018066e+01
4.700000000000000000e+01 3.851054992383094857e-06 4.260619263799230083e+01 3.385335075313371078e+00 2.007512440447771496e-02 3.860112190246582031e+01
4.800000000000000000e+01 2.173561887443580307e-06 4.174282227359287845e+01 3.403657672865882944e+00 1.869140880229987894e-02 4.287240791320800781e+01
4.900000000000000000e+01 4.500545908015949236e-06 4.104109265118656680e+01 3.443063571092388475e+00 1.862531707747934473e-02 3.665575528144836426e+01
5.000000000000000000e+01 3.390128431150590027e-06 4.070326320553819244e+01 3.420214526118153131e+00 1.739898514945860744e-02 3.745247197151184082e+01
5.100000000000000000e+01 3.266670938140917301e-06 3.998688563471595359e+01 3.442297494841898953e+00 1.866821529795608184e-02 4.315566134452819824e+01
5.200000000000000000e+01 5.258155600755543002e-06 3.955052752859650411e+01 3.412376187830678642e+00 1.905103619372557067e-02 4.129879593849182129e+01
5.300000000000000000e+01 5.939516303824535758e-06 3.889032770751320811e+01 3.387528953127227904e+00 1.626681187674929377e-02 3.808877730369567871e+01
5.400000000000000000e+01 4.555171625995703228e-06 3.846334441734247633e+01 3.427015286646883041e+00 1.804617986194848728e-02 3.735567522048950195e+01
5.500000000000000000e+01 3.832324854710303492e-06 3.802384460955261147e+01 3.379636725986840950e+00 1.788591358320405431e-02 3.378027987480163574e+01
5.600000000000000000e+01 4.081034847192433461e-06 3.734320468607423038e+01 3.431598995638022398e+00 1.682856577201048004e-02 2.993280005455017090e+01
5.700000000000000000e+01 4.105113219318248570e-06 3.702181068200453495e+01 3.411488884417049228e+00 1.781311862149561817e-02 3.097483205795288086e+01
5.800000000000000000e+01 5.857221512534817569e-07 3.656732875820318895e+01 3.405863608631307660e+00 1.637018443066291795e-02 4.008197236061096191e+01
5.900000000000000000e+01 4.477393112898589413e-06 3.611678005524412072e+01 3.401109990393914817e+00 1.658452664432850249e-02 4.058366823196411133e+01
6.000000000000000000e+01 4.453302151019410674e-06 3.536901454966479008e+01 3.397041173382476575e+00 1.601480690501965592e-02 4.039466714859008789e+01
6.100000000000000000e+01 2.359846493277808419e-06 3.524335629279794091e+01 3.372042239773485051e+00 1.788102586937322103e-02 4.509011268615722656e+01
6.200000000000000000e+01 2.194777666060318295e-06 3.455851505984065142e+01 3.374246785585705233e+00 1.656257419643499332e-02 3.761097908020019531e+01
6.300000000000000000e+01 2.611855463439163974e-06 3.416480034968880375e+01 3.371013249226751718e+00 1.614052702420764804e-02 3.571232533454895020e+01
6.400000000000000000e+01 3.413568150355908527e-06 3.393490348718864880e+01 3.387948274131561632e+00 1.682040360195033099e-02 4.268897223472595215e+01
6.500000000000000000e+01 1.667210344265104731e-06 3.345557258388146948e+01 3.365797518408756961e+00 1.871353787185685638e-02 3.209262514114379883e+01
6.600000000000000000e+01 4.898403528351056685e-06 3.304992842521834007e+01 3.359294131927959448e+00 1.613415322169482052e-02 2.924019837379455566e+01
6.700000000000000000e+01 1.666660211763571873e-06 3.274047561290985442e+01 3.390304553182028169e+00 1.772875542789800057e-02 4.508312201499938965e+01
6.800000000000000000e+01 3.801719816899422199e-06 3.246645228263523109e+01 3.335814904750856069e+00 1.628827754524325364e-02 4.564454793930053711e+01
6.900000000000000000e+01 2.918899393514002396e-06 3.199337686305786121e+01 3.373825691357986933e+00 1.695349612790619104e-02 4.036858987808227539e+01
7.000000000000000000e+01 4.775151424383564058e-06 3.157388371888497147e+01 3.391728902518383215e+00 1.432807269502094256e-02 3.887936544418334961e+01
7.100000000000000000e+01 3.327618083142708716e-06 3.139650307642394012e+01 3.361515858870049556e+00 1.670666710353276019e-02 4.530274987220764160e+01
7.200000000000000000e+01 2.461620064638995948e-06 3.113991394270717450e+01 3.336064056254370858e+00 1.550085658061292615e-02 3.741223239898681641e+01
7.300000000000000000e+01 3.216191339822980430e-06 3.079905688022523336e+01 3.366979354632448462e+00 1.668037358677955731e-02 3.675647139549255371e+01
7.400000000000000000e+01 2.593898306111963200e-06 3.038289951153694446e+01 3.338437649777173277e+00 1.538309220177240012e-02 4.187670469284057617e+01
7.500000000000000000e+01 3.174796558677605693e-06 3.019434924529035769e+01 3.341951062750229351e+00 1.540411635156525849e-02 3.461526608467102051e+01
7.600000000000000000e+01 4.373655756662326574e-06 2.989104760641744463e+01 3.322305214240894422e+00 1.664260992999136088e-02 3.752705597877502441e+01
7.700000000000000000e+01 2.026791263963386033e-06 2.955527728981191515e+01 3.371345071156334416e+00 1.606552006746123432e-02 4.012105345726013184e+01
7.800000000000000000e+01 2.047078708978229149e-06 2.935056552887316883e+01 3.354843475448278767e+00 1.655304676457722279e-02 3.276401448249816895e+01
7.900000000000000000e+01 3.856831405139646472e-06 2.899332482936588207e+01 3.370548316569451863e+00 1.476713645987545905e-02 3.571775507926940918e+01
8.000000000000000000e+01 5.970725468455021567e-07 2.864566876720907729e+01 3.329329359391462795e+00 1.553843885346694632e-02 3.132396960258483887e+01
8.100000000000000000e+01 1.117255213935031769e-06 2.833621283168123384e+01 3.310273836316337093e+00 1.311815385998841080e-02 3.182569646835327148e+01
8.200000000000000000e+01 2.658676965242413878e-06 2.834899791430395055e+01 3.312839869755922706e+00 1.757458657022838155e-02 3.313125085830688477e+01
8.300000000000000000e+01 1.242822258774361801e-06 2.799046932035686908e+01 3.332702467673459346e+00 1.599660584146610567e-02 4.534987878799438477e+01
8.400000000000000000e+01 2.787438421983233854e-06 2.759300503339501276e+01 3.317490000658958937e+00 1.582130914952951939e-02 4.040289616584777832e+01
8.500000000000000000e+01 2.191735770043713324e-06 2.732837308007392352e+01 3.331520703737442801e+00 1.511320786124747614e-02 3.768175530433654785e+01
8.600000000000000000e+01 2.007931688614411908e-06 2.731918393897348807e+01 3.272484770611498117e+00 1.526939165625031992e-02 3.339650511741638184e+01
8.700000000000000000e+01 3.461368810724361985e-06 2.693332249204551587e+01 3.343047168031617389e+00 1.374345525078867272e-02 3.349958825111389160e+01
8.800000000000000000e+01 1.871500899338694781e-06 2.674272563412139903e+01 3.348482592862991769e+00 1.461948406817909635e-02 3.851202559471130371e+01
8.900000000000000000e+01 -2.992835484507722170e-07 2.651281349218246675e+01 3.287831629227838004e+00 1.624383115992278012e-02 3.786713409423828125e+01
9.000000000000000000e+01 1.867344703640650780e-06 2.627878118789841722e+01 3.327681241138100710e+00 1.493742569541590265e-02 3.911833572387695312e+01
9.100000000000000000e+01 3.464142207245395511e-06 2.604411581326676028e+01 3.324925028823903617e+00 1.369622821374024899e-02 4.189229226112365723e+01
9.200000000000000000e+01 3.278498203875459348e-06 2.584823119678945602e+01 3.295571184192782610e+00 1.555651246732978575e-02 3.468898344039916992e+01
9.300000000000000000e+01 2.858805431526421193e-06 2.566671511781112969e+01 3.301569735841602515e+00 1.437481691528753533e-02 3.758882713317871094e+01
9.400000000000000000e+01 2.256989702081594121e-06 2.551011427160507949e+01 3.314807111261381500e+00 1.480200185378365528e-02 3.970682263374328613e+01
9.500000000000000000e+01 2.345637036001284235e-06 2.526132359283754880e+01 3.305729422900995473e+00 1.554286575715059342e-02 3.638771796226501465e+01
9.600000000000000000e+01 2.264537211181360840e-06 2.505188788492532836e+01 3.282586887716080870e+00 1.532941322441225968e-02 3.657673168182373047e+01
9.700000000000000000e+01 2.982813404092133441e-06 2.478634698537751291e+01 3.284739469194907002e+00 1.526137750725485229e-02 3.580482983589172363e+01
9.800000000000000000e+01 3.794884549319800719e-06 2.461646871855244356e+01 3.326113928104633022e+00 1.371187460954496548e-02 3.586341166496276855e+01
9.900000000000000000e+01 3.656277146256641180e-06 2.447508543652963198e+01 3.320581529892486561e+00 1.406932860615914965e-02 3.854256367683410645e+01
