2.000000000000000000e+00 1.003435130710490231e-01 1.332559854452767638e+02 1.057994157992155460e+00 4.228875197989413470e-01 3.498718738555908203e-01
3.000000000000000000e+00 5.234713405671734265e-02 1.347294842582127217e+02 1.163288944347278919e+00 4.556484143283571209e-01 2.498202323913574219e-01
4.000000000000000000e+00 1.918375764667896999e-02 1.442299544708235999e+02 9.760587149187823774e-01 4.794586428616064433e-01 2.540299892425537109e-01
5.000000000000000000e+00 3.192223614381426572e-02 1.326256749770550130e+02 1.032492139202942028e+00 3.500766653726515298e-01 3.499593734741210938e-01
6.000000000000000000e+00 2.490559364896156522e-02 1.248393964334282629e+02 1.002770669264952286e+00 3.475577083490976604e-01 3.532421588897705078e-01
7.000000000000000000e+00 1.266431159010784381e-02 1.373603746823711163e+02 9.224363325558263549e-01 3.794065592156506961e-01 3.007094860076904297e-01
8.000000000000000000e+00 2.024046481457880339e-02 1.370220061977498176e+02 9.605397748949459080e-01 3.569121635313501906e-01 4.313435554504394531e-01
9.000000000000000000e+00 8.373734364069768121e-03 1.458669441367067634e+02 8.311539981599564975e-01 3.878589278401661233e-01 5.424296855926513672e-01
1.000000000000000000e+01 1.302059747595858338e-02 1.451063328892074935e+02 8.741475326725733908e-01 3.541210360180725991e-01 5.484735965728759766e-01
1.100000000000000000e+01 7.242234029706405909e-03 1.395358655606615628e+02 8.994498241626949220e-01 3.402499557486857173e-01 5.582923889160156250e-01
1.200000000000000000e+01 1.296811958188526064e-02 1.485748683344227743e+02 8.913914077828372085e-01 3.420358657379330980e-01 5.597023963928222656e-01
1.300000000000000000e+01 8.505690091936654249e-03 1.442180364396479888e+02 9.468741984432725856e-01 3.218146457965269658e-01 5.470829010009765625e-01
1.400000000000000000e+01 9.854549338945023731e-03 1.420025917005066560e+02 9.359888948107740747e-01 3.312703199515799057e-01 5.649287700653076172e-01
1.500000000000000000e+01 9.617232843319408961e-03 1.378280810759254393e+02 1.018309820065952165e+00 3.168804523586397637e-01 4.059650897979736328e-01
1.600000000000000000e+01 6.439428699419478576e-03 1.433108636440352086e+02 9.537880932402273970e-01 3.223091575237722606e-01 4.361610412597656250e-01
1.700000000000000000e+01 7.514158948532153812e-03 1.363107997184377211e+02 9.437738190848774522e-01 3.293564528581736095e-01 4.646823406219482422e-01
1.800000000000000000e+01 7.756024792635428898e-03 1.352112076435599306e+02 1.009749655549090352e+00 2.925932229690671460e-01 5.402407646179199219e-01
1.900000000000000000e+01 6.396590527381470700e-03 1.324717803600626667e+02 9.641448452105856326e-01 3.102388618695198219e-01 4.456055164337158203e-01
2.000000000000000000e+01 8.828184535247694462e-03 1.341412368510623310e+02 1.038127744171765343e+00 2.917658894545377968e-01 5.184206962585449219e-01
2.100000000000000000e+01 2.398830967062132429e-03 1.299125603860687477e+02 8.456773460039533896e-01 3.377806637407381185e-01 4.392416477203369141e-01
2.200000000000000000e+01 5.184361771217211798e-03 1.341086857782442792e+02 9.847410202829298687e-01 2.980466814076236926e-01 5.505034923553466797e-01
2.300000000000000000e+01 6.251653930773728302e-03 1.314796237484317203e+02 9.139097403664598884e-01 3.073818192560995310e-01 5.690908432006835938e-01
2.400000000000000000e+01 5.423061337823570187e-03 1.278875712544393082e+02 9.389639164633103441e-01 2.928665080132495380e-01 6.274595260620117188e-01
2.500000000000000000e+01 2.044689059715576809e-03 1.334682250564745232e+02 9.447818304414410395e-01 2.867357169837718711e-01 6.506342887878417969e-01
2.600000000000000000e+01 4.373550742161069066e-03 1.326923147717359370e+02 9.597400225382753947e-01 3.204921132455571531e-01 6.180262565612792969e-01
2.700000000000000000e+01 5.034463974228560977e-03 1.293449958145690744e+02 8.940733862215185512e-01 2.958933178693435306e-01 5.741009712219238281e-01
2.800000000000000000e+01 3.231509668542246333e-03 1.230313682958361454e+02 9.064067947262631764e-01 2.929316511987876126e-01 5.187423229217529297e-01
2.900000000000000000e+01 2.411327604623532232e-03 1.251043870802554920e+02 8.563669918639671419e-01 2.986826307391939883e-01 5.645940303802490234e-01
3.000000000000000000e+01 3.166826110069442465e-03 1.270861482800411579e+02 8.620136965510687421e-01 3.056373944397345888e-01 4.745764732360839844e-01
3.100000000000000000e+01 3.686903048847833819e-03 1.259829834124764858e+02 8.574466192315923774e-01 3.080490670515781404e-01 5.254366397857666016e-01
3.200000000000000000e+01 3.057250513396174169e-03 1.305154320838025797e+02 8.490364364197022784e-01 3.091257090272308550e-01 5.602660179138183594e-01
3.300000000000000000e+01 2.301828485939047802e-03 1.284085281559585496e+02 8.268855185567048904e-01 3.064328518146115510e-01 5.668253898620605469e-01
3.400000000000000000e+01 3.005294561676916283e-03 1.273241031238476779e+02 8.100307456547580776e-01 3.067357671119805840e-01 5.408320426940917969e-01
3.500000000000000000e+01 3.437399935247819997e-03 1.253143968413260581e+02 8.023985018893542431e-01 3.034263010132937088e-01 5.695774555206298828e-01
3.600000000000000000e+01 4.011838223395057003e-03 1.253001128201429282e+02 8.729022996992994443e-01 2.884372882054984655e-01 5.657002925872802734e-01
3.700000000000000000e+01 3.735458691808751872e-03 1.230590819477491493e+02 8.966473086492994238e-01 2.660959784966767661e-01 6.520786285400390625e-01
3.800000000000000000e+01 3.111956550533273407e-03 1.241782598839848788e+02 8.657236049040436532e-01 2.657274384799660494e-01 6.261010169982910156e-01
3.900000000000000000e+01 5.352102238351564038e-04 1.227217460520404444e+02 8.988586514994741927e-01 2.591036556412042446e-01 6.712822914123535156e-01
4.000000000000000000e+01 3.553092073754752188e-03 1.222124969053755166e+02 8.641441389997563949e-01 2.730015730663600260e-01 5.974023342132568359e-01
4.100000000000000000e+01 3.950381256206821588e-03 1.207007354893355284e+02 8.905710974889058384e-01 2.569017559852973531e-01 6.335515975952148438e-01
4.200000000000000000e+01 3.452607512831743983e-03 1.233350155920285545e+02 8.944454587971112369e-01 2.625161596475696357e-01 5.862562656402587891e-01
4.300000000000000000e+01 2.611641687692200543e-03 1.263525415284025684e+02 8.646727908961100439e-01 2.601300863656008100e-01 5.873422622680664062e-01
4.400000000000000000e+01 3.851928060614667054e-03 1.235359728494419898e+02 8.812258528503765787e-01 2.567624858959567935e-01 5.952935218811035156e-01
4.500000000000000000e+01 2.363220859994794205e-03 1.257185406044104923e+02 8.164747214772294370e-01 2.670812762605750401e-01 6.554749011993408203e-01
4.600000000000000000e+01 2.993594719147371457e-03 1.248949016359289743e+02 8.271339863139124393e-01 2.694519223257597074e-01 6.461300849914550781e-01
4.700000000000000000e+01 2.455369396492066824e-03 1.255789733108084505e+02 8.174104838949185492e-01 2.678513473236125986e-01 6.236076354980468750e-01
4.800000000000000000e+01 2.701813714499895405e-03 1.251829992230653374e+02 8.278803245973094249e-01 2.631783507368466446e-01 5.902123451232910156e-01
4.900000000000000000e+01 3.515161404777353716e-03 1.255440581016472379e+02 8.099971030692428853e-01 2.625192122772941339e-01 5.686390399932861328e-01
5.000000000000000000e+01 2.179136859792716978e-03 1.249615713047361965e+02 8.026292375635987186e-01 2.620370447585634865e-01 5.599381923675537109e-01
5.100000000000000000e+01 2.140413169963132408e-03 1.265277758670711563e+02 8.521806831709349828e-01 2.586245386607081698e-01 6.854915618896484375e-01
5.200000000000000000e+01 4.559923372230218451e-03 1.204059371563350140e+02 8.074857180006298485e-01 2.590885407526578033e-01 6.498610973358154297e-01
5.300000000000000000e+01 2.751036328941061128e-03 1.201880380514487285e+02 7.427425668503183642e-01 2.709016008232957295e-01 5.770020484924316406e-01
5.400000000000000000e+01 2.718505178726180090e-03 1.219640102545008347e+02 8.098087698205055363e-01 2.517024440034105748e-01 5.908274650573730469e-01
5.500000000000000000e+01 2.301706495638656570e-03 1.185116702534921416e+02 7.545751102141398103e-01 2.432678070979638896e-01 6.542525291442871094e-01
5.600000000000000000e+01 2.561687302608645599e-03 1.193137184733765110e+02 7.835474560793890264e-01 2.430588774232983751e-01 5.984349250793457031e-01
5.700000000000000000e+01 1.893854030307438787e-03 1.189025618356812117e+02 7.306209286472388209e-01 2.453390615205935099e-01 6.223759651184082031e-01
5.800000000000000000e+01 3.311206269812024851e-03 1.176297790734544009e+02 7.896071780684063013e-01 2.366129971354788419e-01 5.771265029907226562e-01
5.900000000000000000e+01 3.546387235689524124e-03 1.181697421587666526e+02 8.489742484881545037e-01 2.367720230937163106e-01 5.638682842254638672e-01
6.000000000000000000e+01 2.482059131531389948e-03 1.189551975913697390e+02 7.353367740590827095e-01 2.460563881458536772e-01 6.291339397430419922e-01
6.100000000000000000e+01 2.569116943011110366e-03 1.192891914348954856e+02 7.550818587395025094e-01 2.372581957496966709e-01 6.214637756347656250e-01
6.200000000000000000e+01 2.093974601715000924e-03 1.197262217419536228e+02 7.360718496172832248e-01 2.454290641384900273e-01 6.150574684143066406e-01
6.300000000000000000e+01 1.629629648811773681e-03 1.195069081841718344e+02 7.569570020182129211e-01 2.369073257481839889e-01 6.289415359497070312e-01
6.400000000000000000e+01 2.676836033733082012e-03 1.257564517049837463e+02 7.253919505587929084e-01 2.421317146240445084e-01 5.864777565002441406e-01
6.500000000000000000e+01 2.886008251329272734e-03 1.155425976336581186e+02 7.211562269403768433e-01 2.171229232991759572e-01 5.941786766052246094e-01
6.600000000000000000e+01 1.492010826697722859e-03 1.214445367879232691e+02 7.695054789397930417e-01 2.307667567577410539e-01 6.213631629943847656e-01
6.700000000000000000e+01 8.655078820113691661e-04 1.216171778203089673e+02 6.684738734587662989e-01 2.439957521463602397e-01 6.569335460662841797e-01
6.800000000000000000e+01 1.229269186829787816e-03 1.193577541749199753e+02 7.322885331933857156e-01 2.229225967938820996e-01 6.189005374908447266e-01
6.900000000000000000e+01 2.231954383471712686e-03 1.186342425332929906e+02 6.939934968139733762e-01 2.284555022965058801e-01 6.268680095672607422e-01
7.000000000000000000e+01 2.388613394895560196e-03 1.177739063137808557e+02 6.872302586244478650e-01 2.277924086619346478e-01 6.467363834381103516e-01
7.100000000000000000e+01 1.074707941070814857e-03 1.205271041894223032e+02 6.866770129144037504e-01 2.270627738437083487e-01 7.533473968505859375e-01
7.200000000000000000e+01 2.101467866747482038e-03 1.211171089903226061e+02 7.107204583140173115e-01 2.311661959615547990e-01 7.398443222045898438e-01
7.300000000000000000e+01 8.982785657061737126e-04 1.194239672572510642e+02 6.848363322384423135e-01 2.188214896384044206e-01 6.653881072998046875e-01
7.400000000000000000e+01 1.807739059329916027e-03 1.210539610221849216e+02 7.188353045801145758e-01 2.190949821913472650e-01 7.113673686981201172e-01
7.500000000000000000e+01 1.758848247930165469e-03 1.202039322038304050e+02 6.497773245680056320e-01 2.255629530547058059e-01 6.850073337554931641e-01
7.600000000000000000e+01 7.780033219904253011e-04 1.255895280244338181e+02 6.697635467712863555e-01 2.276478304746249459e-01 6.443901062011718750e-01
7.700000000000000000e+01 1.425995737946003129e-03 1.219720845642166580e+02 6.553504023437565218e-01 2.244675745891479279e-01 7.300238609313964844e-01
7.800000000000000000e+01 7.968713679545817285e-04 1.221959240544178158e+02 6.909535379737505867e-01 2.103742367837010963e-01 7.847869396209716797e-01
7.900000000000000000e+01 1.866156052380411315e-03 1.157383894234681776e+02 7.090042414120377723e-01 2.092119163598809561e-01 6.869449615478515625e-01
8.000000000000000000e+01 2.025717281825797737e-03 1.178676274397187882e+02 6.154528059967907527e-01 2.218141947630915822e-01 7.559483051300048828e-01
8.100000000000000000e+01 5.831764142545674181e-04 1.174385406343810700e+02 6.746417001930010704e-01 2.008168527866924791e-01 6.319198608398437500e-01
8.200000000000000000e+01 1.787757977436968664e-03 1.199983605000408318e+02 6.497278721003668656e-01 2.237588071787647015e-01 7.008638381958007812e-01
8.300000000000000000e+01 1.806096644633793701e-04 1.244740423008193488e+02 6.508379553760219594e-01 2.071978473001456211e-01 6.744844913482666016e-01
8.400000000000000000e+01 1.241778036517584768e-03 1.208353047525023669e+02 6.484079317419859656e-01 2.042210106639363310e-01 7.194132804870605469e-01
8.500000000000000000e+01 8.871833998088038409e-04 1.195354035740668053e+02 6.446150617412601536e-01 2.063617646085730006e-01 7.559671401977539062e-01
8.600000000000000000e+01 4.835031238462166839e-04 1.230816472094289935e+02 6.002536915947218610e-01 2.091357788539805196e-01 7.490231990814208984e-01
8.700000000000000000e+01 4.384676556430281520e-04 1.224077752529067027e+02 6.567700138476205707e-01 2.066662936831628050e-01 7.534151077270507812e-01
8.800000000000000000e+01 5.888907413996345101e-04 1.276611889303363796e+02 6.003289208792126352e-01 2.101225188969350066e-01 8.286287784576416016e-01
8.900000000000000000e+01 -7.847161820910355276e-05 1.284289347885669201e+02 6.273189626225379456e-01 2.062119446732229855e-01 7.891502380371093750e-01
9.000000000000000000e+01 5.103279006044200141e-04 1.315238134033358790e+02 5.636189350028051326e-01 2.214415789136057466e-01 7.492234706878662109e-01
9.100000000000000000e+01 4.040434109830844589e-04 1.255429513361904696e+02 5.919875093668626187e-01 2.085646487461914889e-01 7.583987712860107422e-01
9.200000000000000000e+01 7.412672615718868610e-04 1.223987965065804815e+02 5.626019987085605356e-01 1.970226506927812982e-01 7.519345283508300781e-01
9.300000000000000000e+01 3.459060272605236908e-04 1.242571542412867558e+02 6.162334563464583193e-01 1.886024535230815813e-01 7.193126678466796875e-01
9.400000000000000000e+01 5.419113518984917466e-04 1.272916838965557105e+02 6.021740361312103440e-01 2.048615962329488893e-01 7.155995368957519531e-01
9.500000000000000000e+01 2.149576987022516501e-04 1.295913179777120376e+02 5.578670713463682596e-01 2.072974585741066689e-01 8.700804710388183594e-01
9.600000000000000000e+01 7.618359512405032633e-05 1.278322910421358358e+02 5.719245054385991844e-01 1.894071797950838409e-01 8.499414920806884766e-01
9.700000000000000000e+01 3.152019556558590058e-04 1.245344049872924472e+02 5.669251160226120856e-01 1.932939442278976405e-01 8.269839286804199219e-01
9.800000000000000000e+01 3.941806420362954904e-04 1.271916431981735798e+02 5.695204405846504558e-01 2.031575704524344050e-01 8.029704093933105469e-01
9.900000000000000000e+01 7.868079184567962304e-04 1.302230002322565667e+02 5.751383444911327691e-01 2.006768207145000205e-01 8.656229972839355469e-01
