2.000000000000000000e+00 1.721019216326508949e-01 1.319183615178642199e+01 3.849915218758832580e+00 5.705825742865706235e-02 6.321794986724853516e-01
3.000000000000000000e+00 1.400751092438678180e-01 1.068268154178214502e+01 3.671797527981643494e+00 3.126213877437465649e-02 7.201578617095947266e-01
4.000000000000000000e+00 1.167988056757923998e-01 1.066888875495286904e+01 3.334472634428297333e+00 4.690886916173508947e-02 5.873725414276123047e-01
5.000000000000000000e+00 1.021143810045688216e-01 1.265882706591144036e+01 2.678110949478489822e+00 5.190097060515767857e-02 5.301661491394042969e-01
6.000000000000000000e+00 9.319217735807326652e-02 1.062786775224465963e+01 2.897015012724871941e+00 2.255267010733747954e-02 6.804616451263427734e-01
7.000000000000000000e+00 8.115388359503354632e-02 1.163598324212473578e+01 2.665078254935491664e+00 5.055261547368959663e-02 6.511688232421875000e-01
8.000000000000000000e+00 7.400137044573663891e-02 1.044187304315709142e+01 2.709460318088885877e+00 3.330901654293860065e-02 6.235597133636474609e-01
9.000000000000000000e+00 6.834021494808294184e-02 1.069593074052658999e+01 2.555455273872255351e+00 3.950278106395399558e-02 7.291646003723144531e-01
1.000000000000000000e+01 6.594640651766767170e-02 9.745288348285487956e+00 2.572402905251979455e+00 4.160199783716061334e-02 6.573729515075683594e-01
1.100000000000000000e+01 5.940309788550572623e-02 9.063811884642765548e+00 2.435963646781029279e+00 3.627045590745990589e-02 6.278538703918457031e-01
1.200000000000000000e+01 5.909795797798182010e-02 9.171115734601821501e+00 2.537950213913589881e+00 4.298751018256685014e-02 6.118309497833251953e-01
1.300000000000000000e+01 5.503536815394947934e-02 8.871550030837834555e+00 2.449272513773779636e+00 4.325322083906282811e-02 6.534011363983154297e-01
1.400000000000000000e+01 4.940715716034582705e-02 8.954298530450071070e+00 2.374497075698370985e+00 4.264549771860499244e-02 5.655794143676757812e-01
1.500000000000000000e+01 4.751216414050720566e-02 8.286058534886825200e+00 2.292614933667473043e+00 3.344965541770452550e-02 6.440627574920654297e-01
1.600000000000000000e+01 4.097523526415626505e-02 8.177953191195550531e+00 2.202612165250815490e+00 2.491207062321296878e-02 6.907851696014404297e-01
1.700000000000000000e+01 4.297669663522604017e-02 7.377416799350745791e+00 2.229947493791894608e+00 2.001301414826837932e-02 6.686122417449951172e-01
1.800000000000000000e+01 3.784399641859450408e-02 7.516038816306967796e+00 2.303747671426640053e+00 3.782985073319065222e-02 6.365354061126708984e-01
1.900000000000000000e+01 3.871616069836721075e-02 7.253260704904755052e+00 2.182987189565160691e+00 1.673686206632822582e-02 6.369938850402832031e-01
2.000000000000000000e+01 3.489372958381287831e-02 7.350092029657396608e+00 2.244058665923698292e+00 2.304113131354920685e-02 7.378764152526855469e-01
2.100000000000000000e+01 3.254018360241329316e-02 7.329652479666727061e+00 2.208814748092617020e+00 3.005303509864319308e-02 6.311690807342529297e-01
2.200000000000000000e+01 3.138373896455663031e-02 7.170621100117323010e+00 2.248895102379487199e+00 2.953779962080239213e-02 6.482820510864257812e-01
2.300000000000000000e+01 2.923719895475798344e-02 6.931850610807435586e+00 1.962873478046542219e+00 1.978065941768858763e-02 6.274464130401611328e-01
2.400000000000000000e+01 2.992879965460287089e-02 6.774888131524376966e+00 2.167422567726359883e+00 1.406592729165972999e-02 7.056157588958740234e-01
2.500000000000000000e+01 2.908576065012759282e-02 6.623075528403717271e+00 2.164563727202428733e+00 1.122926922758858345e-02 6.532473564147949219e-01
2.600000000000000000e+01 2.977527274865921295e-02 6.559063587054581923e+00 2.017519730286706725e+00 3.140142157514357046e-02 7.451446056365966797e-01
2.700000000000000000e+01 2.693356285780286116e-02 6.449550451675177598e+00 2.043859799977296277e+00 1.584121494134784966e-02 7.360310554504394531e-01
2.800000000000000000e+01 2.614375245141169896e-02 6.738180051500084033e+00 1.878277662152191718e+00 4.376748747075157736e-02 7.706837654113769531e-01
2.900000000000000000e+01 2.389670817041410558e-02 6.646747585998685537e+00 1.971978492217668411e+00 2.504162762033250098e-02 7.737250328063964844e-01
3.000000000000000000e+01 2.312823957185543289e-02 6.394615435727918573e+00 1.895030156957886236e+00 4.175775920722789997e-02 7.529938220977783203e-01
3.100000000000000000e+01 2.276613201510909942e-02 6.495259251721906324e+00 1.863823863131522485e+00 3.273939311823712006e-02 7.387809753417968750e-01
3.200000000000000000e+01 2.186552629016684859e-02 6.181287277023465698e+00 1.907811031338468633e+00 2.448807335243759209e-02 8.481345176696777344e-01
3.300000000000000000e+01 2.220471600321375499e-02 6.178221841327374619e+00 1.824037524033704338e+00 2.588507003822019051e-02 8.238792419433593750e-01
3.400000000000000000e+01 2.167850600381069151e-02 6.009038907619807190e+00 1.903390068453783668e+00 2.489396874972808760e-02 8.010094165802001953e-01
3.500000000000000000e+01 2.318856156820668646e-02 5.754486256702815439e+00 1.966413692129391988e+00 2.345609942396219630e-02 7.943212985992431641e-01
3.600000000000000000e+01 1.976867627843741440e-02 6.192867686562380847e+00 1.748077312469713762e+00 4.091468098427975680e-02 8.852803707122802734e-01
3.700000000000000000e+01 1.769311169494515792e-02 6.229768428801329527e+00 1.643268811487840209e+00 4.327904033873083978e-02 8.100202083587646484e-01
3.800000000000000000e+01 1.937145507786951215e-02 6.065117746630457773e+00 1.695831300935312758e+00 4.077187299319928043e-02 7.614288330078125000e-01
3.900000000000000000e+01 1.863046358770470770e-02 5.731674787126663340e+00 1.803651207326343986e+00 2.736990331839270207e-02 7.719430923461914062e-01
4.000000000000000000e+01 1.878211996599913128e-02 5.649740730039322756e+00 1.835922632021007583e+00 1.278598570251326949e-02 7.642047405242919922e-01
4.100000000000000000e+01 1.782642692754449892e-02 5.804848302411492966e+00 1.654449738022278238e+00 3.615473305998034154e-02 7.047331333160400391e-01
4.200000000000000000e+01 1.766336508878719319e-02 5.518117780147069773e+00 1.671452501175062721e+00 1.613051481479387678e-02 8.715863227844238281e-01
4.300000000000000000e+01 1.756717572808291425e-02 5.478759796906927271e+00 1.674992132872478612e+00 1.831108407690436313e-02 7.226133346557617188e-01
4.400000000000000000e+01 1.551203675754181908e-02 5.786525207366034707e+00 1.690336918021011270e+00 2.733746816721721942e-02 7.708570957183837891e-01
4.500000000000000000e+01 1.550767303008328095e-02 5.471060757050493883e+00 1.632976964197772052e+00 2.633620662903667087e-02 7.741384506225585938e-01
4.600000000000000000e+01 1.536377344488514853e-02 5.668931130725370693e+00 1.662249701747931185e+00 3.061115504921991734e-02 7.435541152954101562e-01
4.700000000000000000e+01 1.431775642123018361e-02 5.464619538054461323e+00 1.550791017023820384e+00 2.643495988205253958e-02 7.324249744415283203e-01
4.800000000000000000e+01 1.425501430244428130e-02 5.270617289240099090e+00 1.609511000257689117e+00 1.197576985079656410e-02 7.504601478576660156e-01
4.900000000000000000e+01 1.421036483219312828e-02 5.236784463427383685e+00 1.592448093605358661e+00 2.075889924054945268e-02 8.468680381774902344e-01
5.000000000000000000e+01 1.414088420670674140e-02 5.420077627562633893e+00 1.626585579910529544e+00 2.375441596705440625e-02 7.645351886749267578e-01
5.100000000000000000e+01 1.374359873000294795e-02 5.159393208810262088e+00 1.558272673144162068e+00 2.246202656300660960e-02 9.069335460662841797e-01
5.200000000000000000e+01 1.373695233987601988e-02 5.141161361059670476e+00 1.618777640743916724e+00 2.226731745041884286e-02 9.377453327178955078e-01
5.300000000000000000e+01 1.309289950469347090e-02 5.262909313730274263e+00 1.523797769713300054e+00 2.724690810013744718e-02 9.045212268829345703e-01
5.400000000000000000e+01 1.255598957456785167e-02 5.374973386163182099e+00 1.509484678507851063e+00 2.987320567578485159e-02 7.459599971771240234e-01
5.500000000000000000e+01 1.311253180277225164e-02 5.179979080367507649e+00 1.498291983954653350e+00 2.979304965787894083e-02 9.364368915557861328e-01
5.600000000000000000e+01 1.165279923222882486e-02 5.534280369566457303e+00 1.472244463426547467e+00 4.438166269651352969e-02 9.409022331237792969e-01
5.700000000000000000e+01 1.112813252988004327e-02 5.318347313766102147e+00 1.395451522630920982e+00 4.325390137914487260e-02 9.561543464660644531e-01
5.800000000000000000e+01 1.213518196622409215e-02 5.246953516898623882e+00 1.443919432969797079e+00 3.680470637483469060e-02 9.157335758209228516e-01
5.900000000000000000e+01 1.092182338122453522e-02 5.344521946928436407e+00 1.440878245575351713e+00 4.386666131362211563e-02 9.167380332946777344e-01
6.000000000000000000e+01 1.090746860216477293e-02 5.365015062667628065e+00 1.444683645784593073e+00 4.133222962520726601e-02 9.934365749359130859e-01
6.100000000000000000e+01 1.005482962226951667e-02 5.318375640549524164e+00 1.408684920606006585e+00 4.116822811752305494e-02 1.008935928344726562e+00
6.200000000000000000e+01 9.804084214435779265e-03 5.338546738560834726e+00 1.399653245663778245e+00 4.386296820023374843e-02 9.002683162689208984e-01
6.300000000000000000e+01 9.953107181763853201e-03 5.377007868849282168e+00 1.360090614440295109e+00 3.423107399673686740e-02 9.081461429595947266e-01
6.400000000000000000e+01 9.308375460163116621e-03 5.270554970400032957e+00 1.355109210278661269e+00 4.347030367818541935e-02 9.316360950469970703e-01
6.500000000000000000e+01 9.726379618664428989e-03 5.212399720757776578e+00 1.375438666273196331e+00 3.837705423288858414e-02 1.023075103759765625e+00
6.600000000000000000e+01 1.025890532452669243e-02 5.197733496356669924e+00 1.353898008333620284e+00 4.252016222770437642e-02 9.426064491271972656e-01
6.700000000000000000e+01 8.947971485230417354e-03 4.977085019575714142e+00 1.310640098409781240e+00 3.453415084339021834e-02 1.020378589630126953e+00
6.800000000000000000e+01 8.837760187205022377e-03 5.363190871465622678e+00 1.307144446699059603e+00 4.718779137243039185e-02 8.764300346374511719e-01
6.900000000000000000e+01 9.635231625347408582e-03 5.081871054538395605e+00 1.281533540241573954e+00 4.488631635287675115e-02 9.506282806396484375e-01
7.000000000000000000e+01 8.877391192315522983e-03 5.182228531619621492e+00 1.239080512685228896e+00 4.083256401919434925e-02 9.564442634582519531e-01
7.100000000000000000e+01 8.536045982583785954e-03 5.280791810643746587e+00 1.278270157262714868e+00 4.481306076890804319e-02 1.000422477722167969e+00
7.200000000000000000e+01 8.510973395680375420e-03 5.084093821993680429e+00 1.313219184729756961e+00 4.645404932722085184e-02 1.001146316528320312e+00
7.300000000000000000e+01 7.967110695898784248e-03 5.270346721822662950e+00 1.263800428100944506e+00 4.648070401263818680e-02 8.862721920013427734e-01
7.400000000000000000e+01 7.813166986963770988e-03 5.286115399725066055e+00 1.197924946503035715e+00 5.496137904462396889e-02 1.006695032119750977e+00
7.500000000000000000e+01 7.549221896013548136e-03 5.091747948056764450e+00 1.244712367219705795e+00 4.881726752569408995e-02 9.999265670776367188e-01
7.600000000000000000e+01 7.695341404401507580e-03 5.104784444938308852e+00 1.207531742253613594e+00 4.436356868630587230e-02 9.522225856781005859e-01
7.700000000000000000e+01 7.563119657800145175e-03 5.081015425182470402e+00 1.200419543343223872e+00 4.840655596954141632e-02 1.101386308670043945e+00
7.800000000000000000e+01 7.152387420227918936e-03 4.959111670904772673e+00 1.209157964948875952e+00 3.597475230003845115e-02 1.071232795715332031e+00
7.900000000000000000e+01 6.972389284980420182e-03 5.062670949217836558e+00 1.229892381333439921e+00 4.579407791229797575e-02 9.675076007843017578e-01
8.000000000000000000e+01 6.558584262658958934e-03 5.186147604784845377e+00 1.209269069787325623e+00 5.521425385041579814e-02 1.061639308929443359e+00
8.100000000000000000e+01 6.682425091763267641e-03 5.056725786605398731e+00 1.190280794831149791e+00 4.619876532122296070e-02 1.015326976776123047e+00
8.200000000000000000e+01 6.414303404726627751e-03 5.112555078591552338e+00 1.159552416791248985e+00 5.382645259294217138e-02 1.029120922088623047e+00
8.300000000000000000e+01 6.257153243637984461e-03 5.005594004258085761e+00 1.120895626566644543e+00 3.802872818806291716e-02 1.075018882751464844e+00
8.400000000000000000e+01 6.260428014393780612e-03 4.952841161110789869e+00 1.130729338899713277e+00 4.015249819250207852e-02 1.136210918426513672e+00
8.500000000000000000e+01 5.669264185332142242e-03 5.065627603738174223e+00 1.176861937445226491e+00 4.717488874238617846e-02 1.064017772674560547e+00
8.600000000000000000e+01 5.770321254106070517e-03 5.241274060974319582e+00 1.104329493503752202e+00 5.685254348442410344e-02 1.042279958724975586e+00
8.700000000000000000e+01 5.572559322674365892e-03 5.136485299986714104e+00 1.119376446875627096e+00 4.731504452603240568e-02 1.041862964630126953e+00
8.800000000000000000e+01 5.586102926905136754e-03 5.123538895550751704e+00 1.117382007670069344e+00 4.744970903511439714e-02 1.073460578918457031e+00
8.900000000000000000e+01 5.338980636083511498e-03 5.053945870301696175e+00 1.112028806152989935e+00 4.967681279975638686e-02 1.001709699630737305e+00
9.000000000000000000e+01 5.289500953756554567e-03 4.965658991944095213e+00 1.098845739867615690e+00 4.588213432004031866e-02 1.136609554290771484e+00
9.100000000000000000e+01 4.968800733692328025e-03 5.310292715434382416e+00 1.075422006712323242e+00 6.677763661654008420e-02 1.077960014343261719e+00
9.200000000000000000e+01 4.964052473774380018e-03 4.966125031478028973e+00 1.056759365235552472e+00 4.836338798349493900e-02 1.252872705459594727e+00
9.300000000000000000e+01 4.987458027525961714e-03 4.922630269427926919e+00 1.073054681050924275e+00 4.324468792547600526e-02 1.176721334457397461e+00
9.400000000000000000e+01 4.566258504484250504e-03 5.216258631399678158e+00 1.017087674499659311e+00 5.308366320410699141e-02 1.184047937393188477e+00
9.500000000000000000e+01 4.403870842205473597e-03 5.304334782406313842e+00 1.019293270252971340e+00 5.737839693296693799e-02 1.255786418914794922e+00
9.600000000000000000e+01 4.434750736193804159e-03 5.170908899603310793e+00 9.993277647657886620e-01 5.322632940760067127e-02 1.075405359268188477e+00
9.700000000000000000e+01 4.406759249591996053e-03 5.050378605928662168e+00 1.035410368208473875e+00 4.620987254075906159e-02 1.019965171813964844e+00
9.800000000000000000e+01 4.258205803591429660e-03 4.947642805921198317e+00 1.008961855827448462e+00 4.334302213103050083e-02 1.259277105331420898e+00
9.900000000000000000e+01 4.162450084997918257e-03 5.099525758775681261e+00 9.988896671470273159e-01 5.660199266353889425e-02 1.033725261688232422e+00
