2.000000000000000000e+00 -1.228780533018826310e-01 3.342419670169100527e+02 1.735416940961964194e+00 3.286125194599592847e-01 1.227594327926635742e+01
3.000000000000000000e+00 -1.089652103468541078e-01 3.126408360841174385e+02 1.586294437934092194e+00 2.193584753585371139e-01 1.073764133453369141e+01
4.000000000000000000e+00 -8.418857271677110399e-02 2.742121643432815290e+02 1.534510742495477364e+00 2.257059884033136565e-01 8.601117372512817383e+00
5.000000000000000000e+00 -7.270897687744914961e-02 2.816434265084708954e+02 1.386324024172601810e+00 2.288004252986516607e-01 1.106925582885742188e+01
6.000000000000000000e+00 -6.311347093827796018e-02 2.619157142330714123e+02 1.466264908001582823e+00 1.761041406589796687e-01 1.197418737411499023e+01
7.000000000000000000e+00 -5.763907064697806892e-02 2.416479518739584194e+02 1.471062844807072167e+00 1.742405459680196611e-01 1.324649071693420410e+01
8.000000000000000000e+00 -5.367897554465108495e-02 2.264398396295296436e+02 1.519384360748559537e+00 1.609382871149771799e-01 1.470587730407714844e+01
9.000000000000000000e+00 -5.014067866210862590e-02 2.110082324441497406e+02 1.558531890123177055e+00 1.616365307149583985e-01 1.795234155654907227e+01
1.000000000000000000e+01 -4.677088681866085201e-02 1.973558996683926239e+02 1.601996758706188073e+00 1.458882430155858667e-01 1.351960015296936035e+01
1.100000000000000000e+01 -4.145816729143806528e-02 1.950596172609502332e+02 1.532599935364748145e+00 1.566674439935874796e-01 1.229439520835876465e+01
1.200000000000000000e+01 -4.010457477974892909e-02 1.886498431622473220e+02 1.518903406009006529e+00 1.533662293260797116e-01 1.398954963684082031e+01
1.300000000000000000e+01 -3.768585800100901495e-02 1.836502061136608575e+02 1.485014454266399220e+00 1.513814475938354276e-01 1.526200509071350098e+01
1.400000000000000000e+01 -3.573643105053007224e-02 1.751256197800516361e+02 1.504177756929311105e+00 1.382527776612602344e-01 1.758408927917480469e+01
1.500000000000000000e+01 -3.367741314879107301e-02 1.678623419114524893e+02 1.521452213452900493e+00 1.459333492562781276e-01 1.438909316062927246e+01
1.600000000000000000e+01 -3.189991378901344682e-02 1.595786783076753181e+02 1.476720492785590810e+00 1.390769697929978566e-01 1.274854898452758789e+01
1.700000000000000000e+01 -3.149195306772348962e-02 1.638165841192553955e+02 1.448176587832385565e+00 1.419013480349509415e-01 1.542556595802307129e+01
1.800000000000000000e+01 -3.084824635137002613e-02 1.637403118575498979e+02 1.437607553322733489e+00 1.450062480121200592e-01 1.683280730247497559e+01
1.900000000000000000e+01 -2.992129461363566764e-02 1.532328413102641207e+02 1.460524186493734833e+00 1.304898706207826276e-01 1.699502491950988770e+01
2.000000000000000000e+01 -2.843600505805077283e-02 1.521009235560948127e+02 1.449565856671574782e+00 1.500615869893520693e-01 1.712826609611511230e+01
2.100000000000000000e+01 -2.927449862916571902e-02 1.458172949527597098e+02 1.390214165204769925e+00 1.483523154618331952e-01 1.914348316192626953e+01
2.200000000000000000e+01 -2.823224136552920580e-02 1.482206903445639057e+02 1.392019286171184200e+00 1.398251863281499974e-01 1.617525172233581543e+01
2.300000000000000000e+01 -2.640308380028532839e-02 1.433280330037831334e+02 1.516752169648838633e+00 1.404246601820508256e-01 1.405183696746826172e+01
2.400000000000000000e+01 -2.562162105020598935e-02 1.415117884639438728e+02 1.420369782399983238e+00 1.353726209772422862e-01 1.537117552757263184e+01
2.500000000000000000e+01 -2.437183753907229064e-02 1.423083316843967623e+02 1.300875752756515125e+00 1.478042609065115254e-01 2.008242368698120117e+01
2.600000000000000000e+01 -2.499102971754537175e-02 1.392563932019847357e+02 1.473662810130319523e+00 1.351842087181312491e-01 2.198085713386535645e+01
2.700000000000000000e+01 -2.346048506828532151e-02 1.340058225835631163e+02 1.414527728636130410e+00 1.282848476262706816e-01 1.746449995040893555e+01
2.800000000000000000e+01 -2.283508558569780078e-02 1.356659401079112968e+02 1.355373072100014342e+00 1.307772130767166918e-01 1.653547692298889160e+01
2.900000000000000000e+01 -2.346005804750748644e-02 1.323752660409703594e+02 1.347116327202439345e+00 1.353017758391720227e-01 1.718839216232299805e+01
3.000000000000000000e+01 -2.286626885391377512e-02 1.290940594936072046e+02 1.521802172035556788e+00 1.118806638885272570e-01 2.096536445617675781e+01
3.100000000000000000e+01 -2.184137041519946740e-02 1.271119924496322682e+02 1.429645971332182075e+00 1.247310326504628558e-01 2.010577559471130371e+01
3.200000000000000000e+01 -2.127440479781707305e-02 1.283195501411918826e+02 1.353617331088236009e+00 1.336142550130310080e-01 1.949315953254699707e+01
3.300000000000000000e+01 -2.114668623984065562e-02 1.251672326141173528e+02 1.377242628933304402e+00 1.213231497002005693e-01 1.945306015014648438e+01
3.400000000000000000e+01 -2.100251294164679969e-02 1.240503915285393362e+02 1.376176266871060205e+00 1.266417042082481903e-01 1.887036538124084473e+01
3.500000000000000000e+01 -2.125960256112474633e-02 1.182801085456351018e+02 1.473328347437996566e+00 1.229066000208483694e-01 1.593162965774536133e+01
3.600000000000000000e+01 -2.012437168617352973e-02 1.219194855357382465e+02 1.380211898760256295e+00 1.153766363431794062e-01 1.944772791862487793e+01
3.700000000000000000e+01 -1.978597469722064017e-02 1.181451482229140879e+02 1.383662953065509571e+00 1.247866307008951986e-01 1.910944151878356934e+01
3.800000000000000000e+01 -1.963414616104544250e-02 1.182349220631686535e+02 1.361469298592255184e+00 1.218607430768564176e-01 2.357011508941650391e+01
3.900000000000000000e+01 -1.865994122267622055e-02 1.185424193173578686e+02 1.357001607365422302e+00 1.223258693740078978e-01 2.095399808883666992e+01
4.000000000000000000e+01 -1.855212281514112896e-02 1.180474558654596109e+02 1.342252970460072747e+00 1.203445012052259400e-01 2.625340867042541504e+01
4.100000000000000000e+01 -1.843535778105241663e-02 1.126592814414255912e+02 1.424253873345131982e+00 1.087268031138780428e-01 2.214134216308593750e+01
4.200000000000000000e+01 -1.776910681721427521e-02 1.135791923414134033e+02 1.400700280169955292e+00 1.127083890327873761e-01 2.580803751945495605e+01
4.300000000000000000e+01 -1.765007432090738571e-02 1.113925659110518609e+02 1.395125964553667330e+00 1.129648401159070864e-01 2.866083788871765137e+01
4.400000000000000000e+01 -1.742069241533333521e-02 1.098207632582184345e+02 1.299924916125381413e+00 1.121688074067547780e-01 2.709301948547363281e+01
4.500000000000000000e+01 -1.622024685466433996e-02 1.107679466861174546e+02 1.306730683706941454e+00 1.158236124667897660e-01 2.138718891143798828e+01
4.600000000000000000e+01 -1.716849972454006709e-02 1.089295296842612544e+02 1.323893527278989790e+00 1.096776561622634372e-01 2.474239969253540039e+01
4.700000000000000000e+01 -1.626383309985726666e-02 1.092102846529073901e+02 1.355463231801176338e+00 1.086493532588225508e-01 2.239540553092956543e+01
4.800000000000000000e+01 -1.582170431559081630e-02 1.070033221951573665e+02 1.362730074613314413e+00 1.081279123404008391e-01 2.301532816886901855e+01
4.900000000000000000e+01 -1.558463763307496065e-02 1.060228600717701966e+02 1.347189807380265947e+00 1.029390096801421906e-01 1.985173296928405762e+01
5.000000000000000000e+01 -1.573793894729652587e-02 1.071228955341369300e+02 1.343064974808864553e+00 1.091307967940578771e-01 2.057635307312011719e+01
5.100000000000000000e+01 -1.534261342924583479e-02 1.056878869915251755e+02 1.337503978112229541e+00 1.044286259683282203e-01 2.639461755752563477e+01
5.200000000000000000e+01 -1.495496462846459575e-02 1.042502856211795148e+02 1.324241508363693365e+00 1.038867153247652053e-01 2.283833718299865723e+01
5.300000000000000000e+01 -1.470457505623765093e-02 1.040664420239220078e+02 1.323913762317862508e+00 1.032913706958606681e-01 2.251513838768005371e+01
5.400000000000000000e+01 -1.489890208462446228e-02 1.022757774398174746e+02 1.322020703914275286e+00 1.024421323931927058e-01 2.204951953887939453e+01
5.500000000000000000e+01 -1.471635154804622897e-02 1.000881488340320402e+02 1.376438442135531126e+00 1.013797185858737043e-01 2.789815759658813477e+01
5.600000000000000000e+01 -1.486453149505083393e-02 1.013985378175061101e+02 1.351699561301148433e+00 1.091314370835443220e-01 2.798842525482177734e+01
5.700000000000000000e+01 -1.463990297253100169e-02 1.006865540111496387e+02 1.363333212825930563e+00 1.068659967402962596e-01 3.030348682403564453e+01
5.800000000000000000e+01 -1.451471591141824218e-02 9.985756588614327711e+01 1.268110164939292073e+00 9.807753442823947954e-02 2.726864862442016602e+01
5.900000000000000000e+01 -1.438175950107712167e-02 9.818252222742059132e+01 1.299423776706789102e+00 1.005528174454847073e-01 2.273107051849365234e+01
6.000000000000000000e+01 -1.419888611395760461e-02 9.874219141908567110e+01 1.296723689641763544e+00 1.061934568213191016e-01 2.841259002685546875e+01
6.100000000000000000e+01 -1.390358409563106044e-02 9.617979137850480242e+01 1.398439366109573978e+00 9.959917686211992860e-02 3.032321691513061523e+01
6.200000000000000000e+01 -1.451427329027067670e-02 9.669473962418707913e+01 1.322497363296320394e+00 1.122604101577768937e-01 3.080499649047851562e+01
6.300000000000000000e+01 -1.350956023554864688e-02 9.528359428420638721e+01 1.385467439555801317e+00 1.029884087032801043e-01 3.258649563789367676e+01
6.400000000000000000e+01 -1.334490730277797070e-02 9.705547720423476221e+01 1.220555554282440891e+00 1.106481232780575641e-01 2.984105753898620605e+01
6.500000000000000000e+01 -1.341356288885600483e-02 9.562038182167337652e+01 1.230143340626045356e+00 1.070688731259709231e-01 2.776086139678955078e+01
6.600000000000000000e+01 -1.378094731495331862e-02 9.492789475369613683e+01 1.223857525989092698e+00 1.025318757854946500e-01 2.970683026313781738e+01
6.700000000000000000e+01 -1.267624480784985096e-02 9.513183537286919034e+01 1.230392310130044242e+00 1.040204811350736447e-01 3.090205407142639160e+01
6.800000000000000000e+01 -1.298130252766113019e-02 9.417167136393489102e+01 1.275130579755372695e+00 1.071736996115882357e-01 2.799055027961730957e+01
6.900000000000000000e+01 -1.287127698499926018e-02 9.243922764107819035e+01 1.282071769526256677e+00 1.041919105072647705e-01 2.807539296150207520e+01
7.000000000000000000e+01 -1.335506060486734564e-02 9.391790316260018301e+01 1.276813886270607101e+00 1.062715259845824628e-01 3.364284229278564453e+01
7.100000000000000000e+01 -1.252717976158127661e-02 9.114092241969733266e+01 1.255064784346552109e+00 1.003768671462522827e-01 3.210273075103759766e+01
7.200000000000000000e+01 -1.271991726343028525e-02 9.265853870161545558e+01 1.235401940445946201e+00 1.082901085239990485e-01 3.041043090820312500e+01
7.300000000000000000e+01 -1.252442931744335991e-02 9.101027308758180823e+01 1.188443090766009069e+00 1.011459304054148634e-01 2.653605723381042480e+01
7.400000000000000000e+01 -1.235876994028089516e-02 9.225617263681925806e+01 1.223864894720987362e+00 1.068322194096874844e-01 2.210236120223999023e+01
7.500000000000000000e+01 -1.236792107907106614e-02 9.087707697425901188e+01 1.283798261945432007e+00 1.010752263025746639e-01 2.952773642539978027e+01
7.600000000000000000e+01 -1.200564786304977524e-02 9.097433784597374995e+01 1.229119354105114414e+00 1.078647101310388906e-01 3.289877915382385254e+01
7.700000000000000000e+01 -1.215935707438743456e-02 8.952224514510740505e+01 1.202750029566266754e+00 1.079570801993516016e-01 2.924117660522460938e+01
7.800000000000000000e+01 -1.238501672871588320e-02 8.900129948000373759e+01 1.290689561330874202e+00 9.623617164866965501e-02 2.960329961776733398e+01
7.900000000000000000e+01 -1.197351816257829007e-02 8.796374051907420721e+01 1.292139342233572519e+00 1.017419182549387374e-01 2.931990051269531250e+01
8.000000000000000000e+01 -1.168901524376477971e-02 8.806150548566184000e+01 1.239325037851218614e+00 1.003038729069585105e-01 2.951577067375183105e+01
8.100000000000000000e+01 -1.175952229413244725e-02 8.698031513503356393e+01 1.226852575838965453e+00 1.006836299670672147e-01 3.347455763816833496e+01
8.200000000000000000e+01 -1.157938365892002483e-02 8.818792256261087914e+01 1.152478429316058151e+00 1.077360706725845468e-01 2.854753684997558594e+01
8.300000000000000000e+01 -1.114441171378343504e-02 8.714824734709992526e+01 1.241383872518555087e+00 9.986602032872954338e-02 3.133045125007629395e+01
8.400000000000000000e+01 -1.118748625796085576e-02 8.695363413340486147e+01 1.225653173548389985e+00 1.047059535740981623e-01 3.226332283020019531e+01
8.500000000000000000e+01 -1.123344508761273987e-02 8.600825818982855253e+01 1.239415626404582360e+00 1.039794758187280316e-01 3.395369148254394531e+01
8.600000000000000000e+01 -1.113166965910310224e-02 8.756571806424908289e+01 1.147992742532715660e+00 1.052554988059230534e-01 2.948863410949707031e+01
8.700000000000000000e+01 -1.083879420185422313e-02 8.691957085162313490e+01 1.157250389664767676e+00 1.062603533801745326e-01 3.079792809486389160e+01
8.800000000000000000e+01 -1.098107389719063694e-02 8.561254525510280189e+01 1.179899095720831959e+00 9.541284054168265583e-02 3.286399865150451660e+01
8.900000000000000000e+01 -1.077585508449934240e-02 8.466410083389361318e+01 1.195899582663021654e+00 9.906522200280400148e-02 3.830942511558532715e+01
9.000000000000000000e+01 -1.083353845050726537e-02 8.472150203302850002e+01 1.221924373350200321e+00 1.035242482409834963e-01 3.136290454864501953e+01
9.100000000000000000e+01 -1.055770539600933873e-02 8.561337672880605965e+01 1.181114207785878056e+00 1.009842271289291132e-01 3.263411808013916016e+01
9.200000000000000000e+01 -1.072658717583705422e-02 8.318972264001142491e+01 1.227231203786671943e+00 9.411972296069881505e-02 3.243746685981750488e+01
9.300000000000000000e+01 -1.048210276210205689e-02 8.420791584909773064e+01 1.168060397715040999e+00 1.050030639187827797e-01 3.058424615859985352e+01
9.400000000000000000e+01 -1.034791344436813282e-02 8.428592352041478364e+01 1.134043431820468184e+00 1.026418511544575363e-01 2.897674250602722168e+01
9.500000000000000000e+01 -1.056837507654029111e-02 8.392645090014971743e+01 1.135340010213110817e+00 9.920890914083119183e-02 3.573816847801208496e+01
9.600000000000000000e+01 -1.041031179235864419e-02 8.467269756860548569e+01 1.234089160552357400e+00 9.962580041991403457e-02 2.899445390701293945e+01
9.700000000000000000e+01 -1.025610211122033461e-02 8.124976265886962778e+01 1.185083117134562603e+00 9.250320003475612229e-02 3.059703588485717773e+01
9.800000000000000000e+01 -9.942399754576886420e-03 8.285862237332005975e+01 1.210058433276674172e+00 9.863841231285844224e-02 3.057595467567443848e+01
9.900000000000000000e+01 -1.003886572862839992e-02 8.152149274264407097e+01 1.161853520416288088e+00 1.038625158229791456e-01 3.415950298309326172e+01
