2.000000000000000000e+00 -1.793023588924622796e-02 1.535636398289925353e+02 1.573652927390586820e+00 2.366432198396223041e-01 1.751865625381469727e+00
3.000000000000000000e+00 -1.729812242678963052e-02 1.457935027175792868e+02 1.466081075204173745e+00 2.384715322046414010e-01 1.807778358459472656e+00
4.000000000000000000e+00 -7.633169352780240328e-03 1.264760559885628908e+02 1.513593384148764764e+00 1.837907256816526114e-01 1.349360466003417969e+00
5.000000000000000000e+00 -4.933493682930329208e-03 1.219810312694147285e+02 1.523324080084806464e+00 1.815465179635579462e-01 1.454936027526855469e+00
6.000000000000000000e+00 -3.496998241302323035e-03 1.097232974499736002e+02 1.695920813831542473e+00 1.521151581717112289e-01 1.568709611892700195e+00
7.000000000000000000e+00 1.107709534360184003e-02 9.917198816430912700e+01 1.535390215375081135e+00 1.617070831209386494e-01 1.747966766357421875e+00
8.000000000000000000e+00 -4.524348379621145042e-04 9.044654022784811787e+01 1.713301225787872362e+00 1.323462147155771429e-01 2.466519832611083984e+00
9.000000000000000000e+00 4.211034912357061754e-04 8.330303104803763858e+01 1.802110565310811374e+00 1.205259484051905139e-01 2.165931701660156250e+00
1.000000000000000000e+01 6.088795025260019048e-03 8.038210595051940288e+01 1.636324709862713167e+00 1.365745309456669609e-01 1.946238279342651367e+00
1.100000000000000000e+01 3.372975262954376000e-03 7.743396241150598769e+01 1.795623824425486736e+00 1.379134316876765576e-01 1.800230026245117188e+00
1.200000000000000000e+01 5.995889631086766952e-03 7.330368071630933002e+01 1.571207522581474114e+00 1.346121957820427262e-01 2.309225320816040039e+00
1.300000000000000000e+01 5.749140748890282059e-03 6.941283012979994282e+01 1.948997231596289348e+00 8.741802399479575714e-02 2.316262722015380859e+00
1.400000000000000000e+01 5.242765248087793289e-03 6.816910926475952692e+01 1.836591141850088871e+00 1.179975315928917662e-01 2.016021728515625000e+00
1.500000000000000000e+01 5.162829439975551507e-03 6.817292446345449264e+01 1.729020625897331742e+00 1.161771228093414904e-01 2.176411867141723633e+00
1.600000000000000000e+01 4.963429129803123216e-03 6.214279007528782017e+01 1.966668187874934581e+00 1.013572082891394804e-01 2.166347503662109375e+00
1.700000000000000000e+01 3.531979584113218492e-03 6.097528709012240000e+01 1.874835059639488932e+00 1.018661602663571558e-01 2.306999683380126953e+00
1.800000000000000000e+01 4.742753553270105671e-03 5.958540394150580255e+01 2.015131502853678036e+00 8.852017589553046184e-02 1.993827581405639648e+00
1.900000000000000000e+01 3.577888791625833884e-03 5.841712923053685813e+01 1.801027252646251853e+00 9.761424985094560580e-02 2.359718322753906250e+00
2.000000000000000000e+01 3.103096747087946694e-03 5.482013857572299287e+01 2.029018327701721081e+00 8.917584486780194553e-02 2.182180166244506836e+00
2.100000000000000000e+01 3.156175401913288454e-03 5.416549308783267236e+01 1.892457381407381289e+00 9.294685284637337064e-02 2.117573976516723633e+00
2.200000000000000000e+01 4.570576193206829681e-03 5.242670816864826122e+01 1.926502442505202417e+00 9.056117549230222052e-02 2.311036825180053711e+00
2.300000000000000000e+01 2.586105832754882847e-03 5.297088228946739719e+01 1.768097272458169389e+00 9.288474316455841429e-02 2.185894966125488281e+00
2.400000000000000000e+01 2.609076295550607529e-03 5.151481462599137018e+01 1.736449144087631735e+00 9.476908436868890229e-02 2.178524017333984375e+00
2.500000000000000000e+01 2.435460938440182303e-03 4.938330848488362790e+01 1.757662120739901246e+00 9.102907493351372614e-02 2.135134220123291016e+00
2.600000000000000000e+01 1.911606768791995715e-03 4.800831177345875744e+01 1.688554762676621301e+00 9.058157763226688808e-02 1.937550306320190430e+00
2.700000000000000000e+01 3.027246677823833450e-03 4.781325009527052572e+01 1.746991157352254298e+00 9.007338269336551129e-02 2.012265682220458984e+00
2.800000000000000000e+01 4.047006097401399140e-03 4.510163054793216730e+01 1.810995462232926512e+00 7.879675632302945987e-02 2.350048542022705078e+00
2.900000000000000000e+01 3.429550667926958493e-03 4.499624968373819911e+01 1.763237842100318975e+00 7.680461147070732908e-02 2.504849672317504883e+00
3.000000000000000000e+01 1.789376694545553089e-03 4.480988444638219903e+01 1.877695483524209008e+00 7.735282692185103948e-02 2.199865341186523438e+00
3.100000000000000000e+01 2.951821904765077401e-03 4.295274693047854697e+01 1.787976344817774565e+00 8.065648160645583209e-02 2.102755784988403320e+00
3.200000000000000000e+01 2.324496861825579765e-03 4.218919353343505207e+01 1.681047654586268703e+00 8.006415182749279658e-02 2.319078207015991211e+00
3.300000000000000000e+01 2.741195744354152624e-03 4.133675057630474470e+01 1.848801069511223139e+00 7.858844293944564074e-02 2.546744108200073242e+00
3.400000000000000000e+01 2.558399960624526803e-03 4.062531647730674678e+01 1.815080459832846271e+00 6.014039457007508416e-02 2.197826862335205078e+00
3.500000000000000000e+01 1.260984823390746577e-03 4.148128702689390934e+01 1.618387749047015767e+00 8.723302402419512436e-02 2.762324094772338867e+00
3.600000000000000000e+01 2.374923289298764336e-03 4.013098101479265978e+01 1.599110436527197088e+00 7.572843402984950900e-02 2.216553211212158203e+00
3.700000000000000000e+01 2.142033605781779992e-03 3.892090402897279233e+01 1.796227798258403618e+00 6.237266787590554917e-02 2.973688602447509766e+00
3.800000000000000000e+01 1.614047614400452137e-03 3.847798703099325479e+01 1.792689572107931451e+00 6.426963013073010156e-02 2.391170501708984375e+00
3.900000000000000000e+01 2.571890718518420830e-03 3.813738096184301440e+01 1.545411390513836913e+00 6.424835746100931999e-02 2.395693540573120117e+00
4.000000000000000000e+01 1.452097154090429719e-03 3.779614378992101820e+01 1.768355652850426507e+00 6.474007613738261280e-02 2.543554306030273438e+00
4.100000000000000000e+01 1.322282982533441687e-03 3.792455328592389918e+01 1.594386273625866712e+00 7.616240525790472782e-02 2.477469682693481445e+00
4.200000000000000000e+01 1.098796384456866273e-03 3.564849506000464174e+01 1.774353961029045301e+00 6.480866673284771395e-02 2.280172109603881836e+00
4.300000000000000000e+01 2.117017734845455437e-03 3.697680389628174424e+01 1.622194671189962412e+00 6.837148257830047426e-02 2.250130176544189453e+00
4.400000000000000000e+01 1.022099356958044557e-03 3.610640644463804705e+01 1.674572219763242664e+00 6.981576423969358680e-02 2.488856554031372070e+00
4.500000000000000000e+01 7.077042313590661002e-04 3.444844667049920872e+01 1.695919909203931208e+00 6.868281119003874502e-02 2.466248989105224609e+00
4.600000000000000000e+01 7.934164444491842915e-04 3.406649862606580825e+01 1.694215299162183941e+00 6.973216192609188457e-02 2.273800134658813477e+00
4.700000000000000000e+01 1.620900923079729829e-03 3.424612935707308736e+01 1.635366590393297015e+00 6.335010460957754552e-02 2.739407539367675781e+00
4.800000000000000000e+01 1.679754368206244674e-03 3.410850828466472962e+01 1.661098522480622508e+00 6.551935149416340809e-02 2.451123237609863281e+00
4.900000000000000000e+01 1.546573694389860153e-03 3.361300423474526866e+01 1.661806244159085288e+00 6.013343559478392247e-02 2.589465141296386719e+00
5.000000000000000000e+01 1.629438578643180660e-03 3.299520547284664218e+01 1.677215453596575090e+00 6.039643202444590353e-02 2.554327726364135742e+00
5.100000000000000000e+01 1.258747655435131898e-03 3.262204583773214495e+01 1.728509463342380759e+00 5.562114835791150125e-02 2.297385692596435547e+00
5.200000000000000000e+01 4.197086937655308912e-04 3.104049239966021290e+01 1.694468960941569291e+00 6.202876022533512085e-02 2.968488216400146484e+00
5.300000000000000000e+01 1.308948550218295070e-03 3.131562699576414133e+01 1.726026313925980160e+00 5.626615613586042480e-02 2.563640117645263672e+00
5.400000000000000000e+01 1.583867339792552906e-03 3.154243863957687211e+01 1.550010862528441002e+00 6.283663817039841781e-02 2.570133447647094727e+00
5.500000000000000000e+01 1.033849940466396696e-03 3.167296614070303207e+01 1.493356217605717351e+00 6.177589104473466680e-02 2.706483602523803711e+00
5.600000000000000000e+01 4.884856722218536848e-04 3.091895654709378505e+01 1.468658788876071819e+00 5.755195448984740808e-02 2.452361106872558594e+00
5.700000000000000000e+01 1.415577824024297476e-03 3.117144671379257304e+01 1.634802028864439816e+00 5.864919126845593439e-02 2.613346815109252930e+00
5.800000000000000000e+01 1.144306385246368326e-03 3.079363922018914579e+01 1.665208524663070566e+00 6.092032301580966452e-02 2.583222150802612305e+00
5.900000000000000000e+01 7.694429621790906983e-04 3.054521729886154802e+01 1.594095115376550797e+00 5.999352039715494939e-02 2.491800069808959961e+00
6.000000000000000000e+01 5.566842574555433193e-04 3.053524488555660454e+01 1.530363782885910018e+00 6.698394920302298827e-02 2.637934923171997070e+00
6.100000000000000000e+01 7.168346429343489500e-04 2.978787838049152015e+01 1.484007730015420634e+00 6.009904707457797840e-02 2.702239274978637695e+00
6.200000000000000000e+01 1.200931337629555307e-03 2.973643742621177566e+01 1.572216176712538660e+00 6.180914454048779677e-02 2.680945396423339844e+00
6.300000000000000000e+01 7.657014191354268116e-04 2.890055069989949033e+01 1.554303392532734085e+00 5.284377366918550228e-02 2.874863147735595703e+00
6.400000000000000000e+01 6.415323995605954352e-04 2.950821959314077958e+01 1.542724527118656486e+00 5.036090907815594930e-02 3.276757478713989258e+00
6.500000000000000000e+01 5.942001749848471650e-04 2.913111084632231140e+01 1.468351688415557632e+00 5.769926027755486325e-02 2.876439571380615234e+00
6.600000000000000000e+01 1.031771695549011953e-03 2.889552685584495251e+01 1.494692322409746588e+00 6.124726640207501377e-02 3.021227598190307617e+00
6.700000000000000000e+01 9.565006763925564329e-04 2.863643071334114509e+01 1.500203323568402025e+00 5.905757214001848554e-02 2.807915925979614258e+00
6.800000000000000000e+01 7.994092920241488431e-04 2.780438691058472145e+01 1.512039140061520071e+00 5.454798613498575838e-02 3.137842893600463867e+00
6.900000000000000000e+01 4.170797036178092491e-04 2.829182848044358067e+01 1.483987675565821673e+00 5.027546436932717189e-02 2.692112207412719727e+00
7.000000000000000000e+01 4.186155429649401558e-04 2.815416556819263505e+01 1.470908573334883229e+00 5.122708607491111010e-02 2.944768905639648438e+00
7.100000000000000000e+01 4.225627585427310390e-04 2.783420591220626505e+01 1.481770827099410770e+00 4.816583079290821107e-02 3.193480014801025391e+00
7.200000000000000000e+01 4.074893489888417597e-04 2.775076145442402620e+01 1.465528453995236013e+00 4.798007255417724437e-02 2.813568830490112305e+00
7.300000000000000000e+01 7.598005481968081887e-04 2.814585917579441698e+01 1.367118689212936111e+00 6.535871011374094763e-02 2.931387186050415039e+00
7.400000000000000000e+01 2.636572826658269836e-04 2.742308447654895076e+01 1.302926865420498181e+00 6.165759788286327703e-02 3.160495281219482422e+00
7.500000000000000000e+01 7.472148225959574473e-04 2.704545494458698585e+01 1.454647568016727677e+00 5.351292667600342917e-02 2.940539121627807617e+00
7.600000000000000000e+01 6.469810551959716315e-04 2.687706052036806170e+01 1.324716668442662337e+00 5.593855187279536678e-02 3.333452939987182617e+00
7.700000000000000000e+01 2.740599421418278233e-05 2.642985101877797049e+01 1.437787872227169528e+00 4.818063256564279057e-02 2.885782003402709961e+00
7.800000000000000000e+01 7.385749451299130058e-04 2.715715520361037960e+01 1.455817403584606540e+00 5.301945866311452010e-02 3.088652372360229492e+00
7.900000000000000000e+01 5.544744700422733373e-04 2.633936124756591468e+01 1.480939178337858708e+00 5.457997189045309117e-02 2.902566909790039062e+00
8.000000000000000000e+01 8.446229136480509379e-04 2.638932867610900601e+01 1.416621471385709707e+00 5.281538523227020249e-02 3.047738313674926758e+00
8.100000000000000000e+01 5.403365577649755754e-04 2.607900728456389317e+01 1.414859126072358420e+00 4.919351928024484621e-02 3.179280757904052734e+00
8.200000000000000000e+01 5.639878636913344409e-04 2.620178778013006848e+01 1.384291400364664026e+00 5.015389987319780057e-02 2.765343189239501953e+00
8.300000000000000000e+01 6.364011726339769727e-04 2.569366231278822355e+01 1.418687912763763936e+00 5.336339499822841115e-02 2.867735624313354492e+00
8.400000000000000000e+01 7.016216784492231625e-04 2.540861538271330033e+01 1.348392237625199330e+00 4.619781062428094526e-02 2.917151451110839844e+00
8.500000000000000000e+01 4.917728285605580752e-04 2.595127123254978585e+01 1.333457920280402220e+00 5.444914844353061084e-02 3.040284156799316406e+00
8.600000000000000000e+01 5.116360526647372549e-04 2.562378648877413667e+01 1.347557062879462864e+00 4.929465974342833734e-02 2.945961713790893555e+00
8.700000000000000000e+01 4.988397928718657634e-04 2.562055606326044810e+01 1.294296926624291855e+00 5.978687356811467762e-02 3.289832592010498047e+00
8.800000000000000000e+01 9.856849086881829848e-04 2.526104724136977708e+01 1.352161208974804518e+00 4.914162564945806499e-02 3.301692485809326172e+00
8.900000000000000000e+01 6.900236864015390180e-04 2.423235946366042626e+01 1.413842895005042566e+00 3.802882521872403415e-02 3.104399204254150391e+00
9.000000000000000000e+01 7.143808441785292999e-04 2.464104606277666676e+01 1.278477508439103572e+00 5.403689631381447533e-02 2.985373258590698242e+00
9.100000000000000000e+01 5.152706254996719873e-04 2.489994750630618725e+01 1.310091484516952010e+00 5.572744809567938690e-02 3.028696775436401367e+00
9.200000000000000000e+01 6.389258521289964193e-04 2.511831367195171794e+01 1.323747371251379645e+00 4.959076598145294168e-02 3.086337566375732422e+00
9.300000000000000000e+01 4.274098051056864512e-04 2.469580485778165979e+01 1.278697141904649337e+00 4.450381178846214009e-02 3.730797052383422852e+00
9.400000000000000000e+01 5.891731174223017184e-04 2.438970335171877579e+01 1.260657622799320032e+00 4.859160255622288482e-02 3.318487882614135742e+00
9.500000000000000000e+01 6.248664011432541023e-04 2.464932242816636077e+01 1.281385992621333791e+00 5.381935135329040526e-02 3.033106088638305664e+00
9.600000000000000000e+01 5.767546749263295202e-04 2.405695994185645858e+01 1.259021956097651662e+00 4.835070757307407402e-02 3.052889823913574219e+00
9.700000000000000000e+01 4.525540907157313991e-04 2.379683079044811223e+01 1.292462811794834243e+00 3.874957492828826067e-02 3.329079627990722656e+00
9.800000000000000000e+01 5.039860972682905314e-04 2.340338601539198748e+01 1.364674231786786818e+00 4.558392525561930780e-02 2.928610801696777344e+00
9.900000000000000000e+01 5.692495946724512260e-04 2.335635900505234019e+01 1.339228532346043776e+00 4.218217309994413966e-02 3.492608070373535156e+00
