2.000000000000000000e+00 4.137203774393023031e-02 7.908244379303195615e+01 1.202888478003721007e+00 2.957966469566528644e-01 3.520607948303222656e-01
3.000000000000000000e+00 3.091505541350061601e-02 6.310559845028428327e+01 1.362907447038028907e+00 2.267039957282381279e-01 3.768470287322998047e-01
4.000000000000000000e+00 2.686049156196441273e-02 5.138072618801248836e+01 1.488920034962153416e+00 1.780176961069797614e-01 3.757543563842773438e-01
5.000000000000000000e+00 2.343649730299756512e-02 4.546587969247418215e+01 1.772203214026659923e+00 1.605947542163065622e-01 4.092485904693603516e-01
6.000000000000000000e+00 2.107384634255816264e-02 3.976884420318192070e+01 1.787218873866225133e+00 1.387559725802134936e-01 4.594919681549072266e-01
7.000000000000000000e+00 1.727203484294214872e-02 3.539938649376653501e+01 1.754458654127747153e+00 1.322448993947170082e-01 3.823859691619873047e-01
8.000000000000000000e+00 1.583171245266796687e-02 3.229979279986968521e+01 1.874384815603478138e+00 1.271827318925545791e-01 3.293194770812988281e-01
9.000000000000000000e+00 1.447502809557559694e-02 2.979187783287067504e+01 1.833615193290911272e+00 1.161351170624521090e-01 3.327701091766357422e-01
1.000000000000000000e+01 1.373596447195636443e-02 2.750684010111706002e+01 1.753614378307654986e+00 1.022655535639785812e-01 3.858964443206787109e-01
1.100000000000000000e+01 1.277578700210435861e-02 2.477071674704633253e+01 1.867778363550282927e+00 7.950806676912820781e-02 3.649387359619140625e-01
1.200000000000000000e+01 1.095500066970553701e-02 2.407644722281684935e+01 1.916460822059018243e+00 8.201409035926751634e-02 3.465957641601562500e-01
1.300000000000000000e+01 1.155213243708901744e-02 2.278727031537361469e+01 2.000223713346680032e+00 6.415301522908101184e-02 3.822803497314453125e-01
1.400000000000000000e+01 9.992535238312148099e-03 1.970863395198503554e+01 2.135461957627831531e+00 5.076914351518183044e-02 3.919355869293212891e-01
1.500000000000000000e+01 1.072233030465516955e-02 2.065184451524844178e+01 1.941373312517284067e+00 6.545486995644707318e-02 3.890559673309326172e-01
1.600000000000000000e+01 9.317217746858433639e-03 1.910837505321515906e+01 2.017812028955643822e+00 5.337219684888523663e-02 3.242957592010498047e-01
1.700000000000000000e+01 8.766595143559829245e-03 1.798128806158095472e+01 1.790389675141038195e+00 2.566705478983773853e-02 3.391287326812744141e-01
1.800000000000000000e+01 7.365422439933299800e-03 1.760390232186646031e+01 1.735359706282792347e+00 6.218306055908128654e-02 3.481597900390625000e-01
1.900000000000000000e+01 7.285494220918776326e-03 1.648508306836649240e+01 2.012164450253251857e+00 3.310220157947038611e-02 4.513030052185058594e-01
2.000000000000000000e+01 7.307776761840520559e-03 1.672700538737321807e+01 1.848317610426079227e+00 6.279341115512412919e-02 4.000809192657470703e-01
2.100000000000000000e+01 7.460134428123385911e-03 1.499537163189088673e+01 1.797728980989130809e+00 3.740948361762957280e-02 3.775568008422851562e-01
2.200000000000000000e+01 6.898345663999816239e-03 1.483629239169089509e+01 1.711067300833537752e+00 2.272094275421085788e-02 4.566726684570312500e-01
2.300000000000000000e+01 6.469771512242870545e-03 1.440159894040949595e+01 1.637931971424277267e+00 2.271508793018217273e-02 3.362941741943359375e-01
2.400000000000000000e+01 6.155924779525113848e-03 1.542092537992033741e+01 1.609019684396970407e+00 5.359085784578943717e-02 3.664996623992919922e-01
2.500000000000000000e+01 5.728434081825019113e-03 1.386865662785348796e+01 1.708609164735718222e+00 1.161270471519510079e-02 3.693413734436035156e-01
2.600000000000000000e+01 5.390338218464518771e-03 1.378101901696025067e+01 1.742057697564545871e+00 2.665255376183088207e-02 4.186789989471435547e-01
2.700000000000000000e+01 5.447210266020107057e-03 1.303909651292917182e+01 1.647660746323036607e+00 5.716215179902410862e-03 4.176466464996337891e-01
2.800000000000000000e+01 4.821594964657653463e-03 1.307908517395665626e+01 1.417046627517158930e+00 5.851115905189921765e-03 4.284470081329345703e-01
2.900000000000000000e+01 4.945834708803724562e-03 1.262014033051131179e+01 1.619558473854142866e+00 2.267766703464297109e-02 4.063558578491210938e-01
3.000000000000000000e+01 4.708707772917907104e-03 1.304221015290087493e+01 1.424708562365254005e+00 4.074025269590180603e-02 3.526186943054199219e-01
3.100000000000000000e+01 4.525396523409510284e-03 1.280333844569650736e+01 1.469711597132460579e+00 3.273403408429626654e-02 3.724677562713623047e-01
3.200000000000000000e+01 4.309582232951317260e-03 1.170696697196579628e+01 1.523346088222104378e+00 -1.065672078321456238e-03 4.568910598754882812e-01
3.300000000000000000e+01 3.975843057517951078e-03 1.146769187028408865e+01 1.568558090259457138e+00 -2.510920656398371240e-03 4.183003902435302734e-01
3.400000000000000000e+01 3.651366729097481681e-03 1.226650570573664112e+01 1.372748709377026088e+00 2.831829866303115645e-02 4.032671451568603516e-01
3.500000000000000000e+01 3.957040996128651997e-03 1.143384149140755746e+01 1.558418189474150894e+00 1.298235777175858752e-02 3.646037578582763672e-01
3.600000000000000000e+01 3.625258207193984752e-03 1.165521805088467744e+01 1.420884329171966831e+00 9.270979710715819902e-03 3.922028541564941406e-01
3.700000000000000000e+01 3.639989632818977066e-03 1.076119506770706025e+01 1.500318913598951864e+00 -2.392776277241513705e-03 3.870551586151123047e-01
3.800000000000000000e+01 3.116486088094793522e-03 1.142577631377898761e+01 1.428696847529776548e+00 2.267689861245787350e-02 4.195804595947265625e-01
3.900000000000000000e+01 2.768753429443661720e-03 1.086824513474603648e+01 1.516152721577790130e+00 6.228161317684195210e-04 5.493686199188232422e-01
4.000000000000000000e+01 2.890512721316306193e-03 1.047786118856207693e+01 1.336355028365032949e+00 1.312857249795568865e-02 5.332241058349609375e-01
4.100000000000000000e+01 2.985082021858205363e-03 1.066658811176297483e+01 1.312677217322956169e+00 1.485221909996142439e-02 4.329750537872314453e-01
4.200000000000000000e+01 3.138592146454058027e-03 1.090932449088185052e+01 1.338607129576800947e+00 1.982312701178243555e-02 3.904542922973632812e-01
4.300000000000000000e+01 2.560878643170418339e-03 1.061901175906232098e+01 1.304639900048035095e+00 1.321259474390003991e-02 4.489350318908691406e-01
4.400000000000000000e+01 2.436347992025030863e-03 1.074822629664807394e+01 1.287347424431749099e+00 1.177174509955401793e-02 4.554483890533447266e-01
4.500000000000000000e+01 2.656826252759566468e-03 9.894204153308688632e+00 1.323439974190139923e+00 4.454284469649305751e-03 4.618477821350097656e-01
4.600000000000000000e+01 2.563568520701515769e-03 1.028570946295126909e+01 1.353866406889753682e+00 4.214916246070061871e-03 4.192006587982177734e-01
4.700000000000000000e+01 2.539804567994478814e-03 1.003246058886663583e+01 1.288914978319982030e+00 9.280673349223087648e-03 4.169909954071044922e-01
4.800000000000000000e+01 2.147236394458411097e-03 9.972605380013932930e+00 1.176913874090231849e+00 1.860200459573611853e-02 4.337451457977294922e-01
4.900000000000000000e+01 2.151725127569302076e-03 1.000754473747366724e+01 1.185311430574316427e+00 1.328939254808268397e-02 4.290215969085693359e-01
5.000000000000000000e+01 2.020222947951747818e-03 1.064335312711956405e+01 1.149435328476426488e+00 1.728630797075566758e-02 4.901010990142822266e-01
5.100000000000000000e+01 1.976757000048729243e-03 9.891422908984031537e+00 1.178500086953764070e+00 6.434724697256708273e-03 4.845182895660400391e-01
5.200000000000000000e+01 1.651162094871052059e-03 9.538105295027090591e+00 1.103116246298437630e+00 -8.874511066627281675e-03 5.214459896087646484e-01
5.300000000000000000e+01 1.820960556974845958e-03 9.939823345468917992e+00 1.114679481697282482e+00 1.483406987876991802e-02 4.645760059356689453e-01
5.400000000000000000e+01 1.689692330741594285e-03 9.510077435046135008e+00 1.095122997428716882e+00 2.150688924531695551e-02 5.044028759002685547e-01
5.500000000000000000e+01 1.678654366812300062e-03 9.740612630138322459e+00 1.117999092610658440e+00 1.480692231932981794e-02 4.665107727050781250e-01
5.600000000000000000e+01 1.727698303540305472e-03 9.768482640834532660e+00 1.089657737038105978e+00 1.477458345782974893e-02 4.885745048522949219e-01
5.700000000000000000e+01 1.585011803291481612e-03 9.392807426229014212e+00 1.085834390292920837e+00 -2.071439617124463083e-03 4.732968807220458984e-01
5.800000000000000000e+01 1.595431301381170907e-03 9.398676363049787597e+00 1.155898451261888615e+00 2.015943731137632283e-04 5.512862205505371094e-01
5.900000000000000000e+01 1.372509371485824796e-03 9.438793537179435589e+00 1.046109815032521650e+00 1.011653283195265880e-02 5.783133506774902344e-01
6.000000000000000000e+01 1.421647430977371254e-03 9.468926430805019834e+00 1.050357913985995317e+00 1.215664711153668226e-02 5.519666671752929688e-01
6.100000000000000000e+01 1.351732781633291965e-03 8.651435649849986476e+00 1.049226638565237568e+00 5.364497930585020689e-03 4.863381385803222656e-01
6.200000000000000000e+01 1.243814743190766077e-03 9.393422746601244100e+00 1.036042688586567451e+00 1.611683096232377141e-02 4.998118877410888672e-01
6.300000000000000000e+01 1.210123547906821707e-03 9.084503827521563935e+00 1.023965744930542821e+00 2.412824751488714184e-03 6.155760288238525391e-01
