2.000000000000000000e+00 1.409332651424780036e-01 2.051076486722097911e+02 1.495681014840176681e+00 3.408609147198599643e-01 2.925706148147583008e+00
3.000000000000000000e+00 1.222832884311056550e-01 1.634841477560356680e+02 1.796772765456314369e+00 1.625163151761663261e-01 3.060714244842529297e+00
4.000000000000000000e+00 1.052521321874386045e-01 1.501890296577384447e+02 1.723021697305924471e+00 1.795814950297865142e-01 2.940414428710937500e+00
5.000000000000000000e+00 8.228742281307996342e-02 1.673171099573756919e+02 1.447242314202179303e+00 2.334948797008616628e-01 3.102089881896972656e+00
6.000000000000000000e+00 8.366882756327508053e-02 1.582422016309075161e+02 1.401730741188530693e+00 2.356550283490899400e-01 2.984150409698486328e+00
7.000000000000000000e+00 7.771814265609859607e-02 1.426079941890185410e+02 1.541960794381908695e+00 1.932862539514392797e-01 3.507341384887695312e+00
8.000000000000000000e+00 7.438878188782348244e-02 1.325809347942726788e+02 1.658684513329069077e+00 1.703288932494878283e-01 3.412623167037963867e+00
9.000000000000000000e+00 6.548438185739877127e-02 1.394668448019858715e+02 1.584483666358004861e+00 1.845760482227302990e-01 3.497999429702758789e+00
1.000000000000000000e+01 6.131826290983418554e-02 1.193110542742805791e+02 1.687863852272014187e+00 1.617781061590642389e-01 3.311048984527587891e+00
1.100000000000000000e+01 5.790367224506102334e-02 1.314793600688839490e+02 1.502921246082972395e+00 1.883498348798916533e-01 3.512128829956054688e+00
1.200000000000000000e+01 5.517222250576476333e-02 1.245539273108550447e+02 1.519183924823096943e+00 1.765495569833452072e-01 3.619731187820434570e+00
1.300000000000000000e+01 5.197584132490387643e-02 1.211251659137396501e+02 1.561641624630367708e+00 1.816725397283566468e-01 3.319660902023315430e+00
1.400000000000000000e+01 4.784721044010439850e-02 1.194327416701848676e+02 1.629709588573083012e+00 1.665112281605355682e-01 4.221875667572021484e+00
1.500000000000000000e+01 4.633210448289790812e-02 1.105889585698010791e+02 1.657191547673395826e+00 1.464944704218228144e-01 3.660485267639160156e+00
1.600000000000000000e+01 4.361436447002497996e-02 1.123878558732796478e+02 1.639727092070085934e+00 1.589845617053682603e-01 3.240446567535400391e+00
1.700000000000000000e+01 4.172007887676259380e-02 1.046445167746983032e+02 1.693434609050356032e+00 1.542313479590856351e-01 3.618170261383056641e+00
1.800000000000000000e+01 3.883657776458521171e-02 1.036339339982671959e+02 1.619635717070596392e+00 1.533410781842752535e-01 3.795895099639892578e+00
1.900000000000000000e+01 3.909197415346857968e-02 1.022145398914556012e+02 1.692442965776183250e+00 1.380543641105706210e-01 3.359561681747436523e+00
2.000000000000000000e+01 3.765788217830660228e-02 9.864767472311342544e+01 1.651614822909677871e+00 1.413253505013387923e-01 4.322131156921386719e+00
2.100000000000000000e+01 3.281824808563060802e-02 1.008604594583445220e+02 1.536747429045768998e+00 1.448947969496879595e-01 3.773180723190307617e+00
2.200000000000000000e+01 3.251815414643289409e-02 9.748951699814224980e+01 1.605365550137694441e+00 1.406866539068413746e-01 4.062134027481079102e+00
2.300000000000000000e+01 3.178261252547651822e-02 1.053222722514357486e+02 1.514392262898479169e+00 1.630644595746476022e-01 4.873662233352661133e+00
2.400000000000000000e+01 3.237473417318016689e-02 9.664432617391848623e+01 1.468656640092723009e+00 1.534922485295332484e-01 5.356940269470214844e+00
2.500000000000000000e+01 2.983313310834802626e-02 1.008759623497517879e+02 1.528155779554308147e+00 1.557191483079997663e-01 4.036638736724853516e+00
2.600000000000000000e+01 2.923566579890901976e-02 9.520495950709215549e+01 1.519527903467623453e+00 1.567337739287230358e-01 4.443780660629272461e+00
2.700000000000000000e+01 2.776292622157451595e-02 9.605993252577299302e+01 1.530174168593459116e+00 1.558925749731421562e-01 4.453106880187988281e+00
2.800000000000000000e+01 2.713078748703019044e-02 9.173772873160807251e+01 1.565062338779744433e+00 1.468331966001245881e-01 4.848055839538574219e+00
2.900000000000000000e+01 2.856054590238319910e-02 8.801668387501074164e+01 1.590151891688045271e+00 1.460197837248156938e-01 5.426032781600952148e+00
3.000000000000000000e+01 2.747659123033843742e-02 8.794755804255493103e+01 1.583420540470729998e+00 1.514004693849553274e-01 4.737991094589233398e+00
3.100000000000000000e+01 2.503498435551552992e-02 8.924069823741552909e+01 1.537460618761357090e+00 1.550900095617307184e-01 4.575747728347778320e+00
3.200000000000000000e+01 2.576959319197999823e-02 8.712338406849659123e+01 1.595296927878812721e+00 1.517443235668818613e-01 5.090118885040283203e+00
3.300000000000000000e+01 2.370647726450779424e-02 8.695758246591699958e+01 1.549872333471472574e+00 1.547714084102037313e-01 5.822716236114501953e+00
3.400000000000000000e+01 2.318872193915707050e-02 8.949257280717230856e+01 1.517787687166675781e+00 1.575065242236170782e-01 5.334643840789794922e+00
3.500000000000000000e+01 2.332449901126431788e-02 8.543146715612212461e+01 1.540260969595417029e+00 1.564962833991062063e-01 4.579544782638549805e+00
3.600000000000000000e+01 2.281954930984238933e-02 8.365877543615114575e+01 1.564398845356032686e+00 1.541848129047486138e-01 5.336300611495971680e+00
3.700000000000000000e+01 2.269680496301432551e-02 8.213223420642444239e+01 1.562247417756704948e+00 1.497657120109982531e-01 6.063302516937255859e+00
3.800000000000000000e+01 2.251425699517345044e-02 8.266308775618568916e+01 1.495407946408804811e+00 1.486708373750466050e-01 5.374236106872558594e+00
3.900000000000000000e+01 2.180694566991573519e-02 8.121410442603603030e+01 1.485724765525824997e+00 1.476713525721282672e-01 5.069143295288085938e+00
4.000000000000000000e+01 2.149368491920623445e-02 8.013284948588092504e+01 1.499887091213526702e+00 1.481603597304859132e-01 4.818551301956176758e+00
4.100000000000000000e+01 2.036619843724204668e-02 8.002130798646918208e+01 1.508366788735390873e+00 1.465667205666348061e-01 4.468295097351074219e+00
4.200000000000000000e+01 2.067344414277446502e-02 8.050897120789713313e+01 1.463237438479829233e+00 1.532116647514225882e-01 4.659986495971679688e+00
4.300000000000000000e+01 1.918606642116659280e-02 8.029822510835099081e+01 1.450651569411051778e+00 1.492293423605950964e-01 5.072176933288574219e+00
4.400000000000000000e+01 2.058202920530939270e-02 7.841569868155997369e+01 1.456828568447179784e+00 1.519624881718341092e-01 4.390537023544311523e+00
4.500000000000000000e+01 1.943315353106555080e-02 7.509342126156634833e+01 1.561489739289188217e+00 1.345079387054942954e-01 4.719079494476318359e+00
4.600000000000000000e+01 2.045808731421757884e-02 7.657213436508922655e+01 1.445330323031146724e+00 1.488980867941279151e-01 5.514530181884765625e+00
4.700000000000000000e+01 1.898102253024406411e-02 7.447138738815722547e+01 1.598476033602378887e+00 1.330839326078981921e-01 4.962678432464599609e+00
4.800000000000000000e+01 1.802666547967671923e-02 7.370479054061516422e+01 1.518682926762496166e+00 1.442956010501871833e-01 5.581498622894287109e+00
4.900000000000000000e+01 1.720152584499363979e-02 7.653550484243416463e+01 1.487861591107369597e+00 1.479208257913531555e-01 5.600500106811523438e+00
5.000000000000000000e+01 1.888589096231466438e-02 7.183186939319196540e+01 1.521011535360996980e+00 1.375404576731451001e-01 5.195777177810668945e+00
5.100000000000000000e+01 1.769747860531817318e-02 7.290922901490127117e+01 1.443106389545329327e+00 1.450473538740586210e-01 4.813631296157836914e+00
5.200000000000000000e+01 1.802102943902583049e-02 6.963182536035745329e+01 1.576547312847132343e+00 1.246786437766360389e-01 5.501064062118530273e+00
5.300000000000000000e+01 1.787816358538096145e-02 7.175583161705098689e+01 1.425821265542029259e+00 1.434381137348379465e-01 5.563616275787353516e+00
5.400000000000000000e+01 1.743010356940735001e-02 7.115886209767182891e+01 1.458697917131396071e+00 1.358293966319291390e-01 5.593483448028564453e+00
5.500000000000000000e+01 1.735980420715028602e-02 7.171857088565757010e+01 1.480064760427967752e+00 1.431740859457062975e-01 5.644040584564208984e+00
5.600000000000000000e+01 1.687877998539052612e-02 6.818785408665728198e+01 1.548054757197599551e+00 1.294351158404216662e-01 5.595050334930419922e+00
5.700000000000000000e+01 1.490292040262644439e-02 6.753250646396108436e+01 1.499864101901735358e+00 1.282876122919982265e-01 5.788405656814575195e+00
5.800000000000000000e+01 1.603888930716460340e-02 6.751773632125592428e+01 1.509462715131402399e+00 1.380376254937622504e-01 5.446490764617919922e+00
5.900000000000000000e+01 1.566470389766869142e-02 6.666840406190567592e+01 1.566108047957316174e+00 1.350543010474198613e-01 5.917499065399169922e+00
6.000000000000000000e+01 1.503249036792111450e-02 6.696589402965557269e+01 1.504219716693794284e+00 1.293591842561860605e-01 6.063113927841186523e+00
6.100000000000000000e+01 1.467612037731594148e-02 6.783708505852271742e+01 1.472182650084426836e+00 1.368352681519670322e-01 5.863849639892578125e+00
6.200000000000000000e+01 1.452633543993121432e-02 6.691135192353620198e+01 1.417103815625838426e+00 1.309208755810653546e-01 5.636816501617431641e+00
6.300000000000000000e+01 1.541015732749965658e-02 6.455770298722239886e+01 1.552165498787770659e+00 1.236305232790646663e-01 5.973807096481323242e+00
6.400000000000000000e+01 1.460958943516608814e-02 6.507239592200043887e+01 1.468566277302053136e+00 1.296920984638326446e-01 6.209768533706665039e+00
6.500000000000000000e+01 1.513030032661159124e-02 6.411409397281728673e+01 1.527643155942257858e+00 1.289573004990223204e-01 6.423654556274414062e+00
6.600000000000000000e+01 1.378367100476127378e-02 6.706096678554412449e+01 1.473653933888455780e+00 1.372547635522397280e-01 6.143206596374511719e+00
6.700000000000000000e+01 1.470023389917475207e-02 6.481338171327156772e+01 1.505293552671919777e+00 1.292871676934623515e-01 5.527424097061157227e+00
6.800000000000000000e+01 1.452572563404407741e-02 6.408480657498662936e+01 1.515508172038056323e+00 1.263875938713254765e-01 6.936086416244506836e+00
6.900000000000000000e+01 1.444648345212877841e-02 6.424519551027843534e+01 1.489046483374929952e+00 1.291970093548993614e-01 5.864396810531616211e+00
7.000000000000000000e+01 1.392800813863239763e-02 6.428788150951291414e+01 1.439164261973385317e+00 1.290936706197190198e-01 5.859273433685302734e+00
7.100000000000000000e+01 1.378390637458718274e-02 6.413909921701116446e+01 1.453500303284116280e+00 1.311847787072669969e-01 5.830107212066650391e+00
7.200000000000000000e+01 1.381425128014706141e-02 6.371077979246694412e+01 1.442189463491086787e+00 1.318329290602830717e-01 5.653648376464843750e+00
7.300000000000000000e+01 1.349457718602243943e-02 6.360444066321377932e+01 1.429967858623719223e+00 1.326297303271677941e-01 6.321950435638427734e+00
7.400000000000000000e+01 1.338779727542517041e-02 6.309943827147349538e+01 1.426034313182280133e+00 1.336077617849067145e-01 5.762148618698120117e+00
7.500000000000000000e+01 1.228455253231525678e-02 6.138976642106574388e+01 1.484153892487335202e+00 1.272245000401082682e-01 6.081599473953247070e+00
7.600000000000000000e+01 1.300632015766067448e-02 6.195709231578303644e+01 1.427873350285209897e+00 1.327727035236821729e-01 6.479807138442993164e+00
7.700000000000000000e+01 1.282486117542813199e-02 6.136901076868572602e+01 1.439401702947340045e+00 1.320137722996758689e-01 6.193686962127685547e+00
7.800000000000000000e+01 1.241269914345847006e-02 6.124513578504780043e+01 1.379757553849471963e+00 1.350283045654495362e-01 6.275992631912231445e+00
7.900000000000000000e+01 1.230442069037979320e-02 6.005032532127328437e+01 1.436874370209074714e+00 1.282167853653757017e-01 6.586660861968994141e+00
8.000000000000000000e+01 1.196278840330048006e-02 6.068794126999643623e+01 1.387614728435821565e+00 1.360051489784711853e-01 6.726319551467895508e+00
8.100000000000000000e+01 1.196513103966664882e-02 5.915157945994764077e+01 1.440403576538291208e+00 1.274088776132422940e-01 5.472337007522583008e+00
8.200000000000000000e+01 1.128478160204708300e-02 5.902224632346924693e+01 1.430591661880804777e+00 1.311285513573670902e-01 6.549200534820556641e+00
8.300000000000000000e+01 1.173011443172725272e-02 5.877590786317782090e+01 1.440368314671674588e+00 1.267837574071196405e-01 6.124168872833251953e+00
8.400000000000000000e+01 1.174688983251855924e-02 5.800769143178351328e+01 1.460021554790331022e+00 1.245432750407349382e-01 6.054119586944580078e+00
8.500000000000000000e+01 1.199349819194133610e-02 5.782798055368635204e+01 1.408516905125748453e+00 1.265075856637547513e-01 5.857517480850219727e+00
8.600000000000000000e+01 1.189684823403154047e-02 5.882602665244473883e+01 1.382125738943869919e+00 1.339890445372858285e-01 6.269858837127685547e+00
8.700000000000000000e+01 1.190865042513548216e-02 5.750072821116617661e+01 1.475909021476819571e+00 1.283900288219533281e-01 6.301625013351440430e+00
8.800000000000000000e+01 1.106508868528009726e-02 5.900991179620979210e+01 1.432631317638779711e+00 1.355191228314756025e-01 6.556146860122680664e+00
8.900000000000000000e+01 1.101675345857521318e-02 5.693518541086181983e+01 1.423896446793926129e+00 1.270948633697908670e-01 6.520843982696533203e+00
9.000000000000000000e+01 1.088213824299595449e-02 5.760517962325741337e+01 1.459077564859406984e+00 1.255837389948884220e-01 6.092761993408203125e+00
9.100000000000000000e+01 1.097213940827471666e-02 5.642030396407302106e+01 1.403236540118314890e+00 1.277906177584264003e-01 5.966225624084472656e+00
9.200000000000000000e+01 1.077872265484795984e-02 5.713218476477124597e+01 1.454462451242745313e+00 1.288394261321234024e-01 6.506494998931884766e+00
9.300000000000000000e+01 1.045826390985716767e-02 5.601274771805701391e+01 1.399181383311373317e+00 1.277379396318505111e-01 6.446189880371093750e+00
9.400000000000000000e+01 1.040424792553642543e-02 5.601074140494560538e+01 1.383904564035222329e+00 1.305574416164113072e-01 6.243941307067871094e+00
9.500000000000000000e+01 1.036702563233034280e-02 5.543434409385547212e+01 1.442530912427564260e+00 1.338414610277466887e-01 6.685791492462158203e+00
9.600000000000000000e+01 1.016624129704008297e-02 5.514869473815898715e+01 1.401871892453703028e+00 1.279976993838356225e-01 6.752330780029296875e+00
9.700000000000000000e+01 9.980419604497501457e-03 5.484348302755496007e+01 1.387219441237246054e+00 1.268115475377932788e-01 6.557741880416870117e+00
9.800000000000000000e+01 9.736446292109150399e-03 5.476221249118695056e+01 1.467628508786749997e+00 1.259901684946236056e-01 6.638901710510253906e+00
9.900000000000000000e+01 9.552523641355238279e-03 5.510766341065725982e+01 1.376913965446836308e+00 1.282372417050172964e-01 7.472752094268798828e+00
