2.000000000000000000e+00 6.208521290046498803e-02 2.454266349366329791e+02 2.876911974661746640e+00 1.336798946742931704e-01 2.979315996170043945e+00
3.000000000000000000e+00 7.150967624460427552e-02 2.355885927667689828e+02 2.412165658967015958e+00 1.181423987417974247e-01 9.033342838287353516e+00
4.000000000000000000e+00 6.666048069539315390e-02 2.686763698316344744e+02 2.002565833000016671e+00 1.581404376780209398e-01 4.152998208999633789e+00
5.000000000000000000e+00 6.638788803616220424e-02 2.584564188589153559e+02 1.838366581389670129e+00 1.560313923542485659e-01 5.423715591430664062e+00
6.000000000000000000e+00 6.070785252956112377e-02 2.568739750876587209e+02 1.765460736175478607e+00 1.675930398255920939e-01 6.900748491287231445e+00
7.000000000000000000e+00 5.826373873444595092e-02 2.515561727699770529e+02 1.716068169175007485e+00 1.787568570071680629e-01 6.549359321594238281e+00
8.000000000000000000e+00 5.568596898454239441e-02 2.379158248298884359e+02 1.709734711780654060e+00 1.729552941971903568e-01 5.656065464019775391e+00
9.000000000000000000e+00 5.112429541250837484e-02 2.447314528463670058e+02 1.652391348532014081e+00 1.844749322110455225e-01 8.756194353103637695e+00
1.000000000000000000e+01 4.967531624316165462e-02 2.354843640445768642e+02 1.595971323517034079e+00 1.877181608939182678e-01 5.592767000198364258e+00
1.100000000000000000e+01 4.685746677668427285e-02 2.323296506610201959e+02 1.582895741993885164e+00 1.886522976377740246e-01 8.670540332794189453e+00
1.200000000000000000e+01 4.598552882083618842e-02 2.213675332650174141e+02 1.651387804985561258e+00 1.739891101661005246e-01 6.666343450546264648e+00
1.300000000000000000e+01 4.391304734231918361e-02 2.168782577352414762e+02 1.605813600348492853e+00 1.767258729036392528e-01 5.951470613479614258e+00
1.400000000000000000e+01 4.298414907497200704e-02 2.089681098492539491e+02 1.655584444324216919e+00 1.711547562692369573e-01 7.252949714660644531e+00
1.500000000000000000e+01 4.035211518729143326e-02 2.047782545883238470e+02 1.657885746103609836e+00 1.576015831905416831e-01 7.403762817382812500e+00
1.600000000000000000e+01 3.898457031483433533e-02 1.944153223818912295e+02 1.654502719686251400e+00 1.542174108276328781e-01 9.202697277069091797e+00
1.700000000000000000e+01 3.792351133663498380e-02 1.926697905619441542e+02 1.662251220729801249e+00 1.542099730948404412e-01 1.090783596038818359e+01
1.800000000000000000e+01 3.702886266093138173e-02 1.921162393895828870e+02 1.632903058480581482e+00 1.535562808340860119e-01 8.224349737167358398e+00
1.900000000000000000e+01 3.522076048197573389e-02 1.903361737531798497e+02 1.600271648536043756e+00 1.624508107107689447e-01 7.485908269882202148e+00
2.000000000000000000e+01 3.496151263188457259e-02 1.820380758730256048e+02 1.630383373136470526e+00 1.500757849259063137e-01 9.661379814147949219e+00
2.100000000000000000e+01 3.378943058167602903e-02 1.793632409648961925e+02 1.662959771778630413e+00 1.450327971013699868e-01 7.914432525634765625e+00
2.200000000000000000e+01 3.101610982154934595e-02 1.830936821288077567e+02 1.584464680753968402e+00 1.596436302200234802e-01 7.373307228088378906e+00
2.300000000000000000e+01 3.118890286790797911e-02 1.739064963118215985e+02 1.642060754047947491e+00 1.461360677578096012e-01 9.710817098617553711e+00
2.400000000000000000e+01 2.989589100815043601e-02 1.711031878610533852e+02 1.657978308888950592e+00 1.455714720327710987e-01 7.543689727783203125e+00
2.500000000000000000e+01 2.936626295873723605e-02 1.671697343844410568e+02 1.654079876144892047e+00 1.402550032841496652e-01 9.244708776473999023e+00
2.600000000000000000e+01 2.801313914244897910e-02 1.653202794776460394e+02 1.659102838720184714e+00 1.418057099999868453e-01 9.040559768676757812e+00
2.700000000000000000e+01 2.728508570701191835e-02 1.644448263161833665e+02 1.650531151577914413e+00 1.399177555103748027e-01 8.311085224151611328e+00
2.800000000000000000e+01 2.713816783806705449e-02 1.626093428611515321e+02 1.639074797729502597e+00 1.445124885556195171e-01 7.760338544845581055e+00
2.900000000000000000e+01 2.607805244566476638e-02 1.585335696483505785e+02 1.696337746810979485e+00 1.351652382093141147e-01 7.136670589447021484e+00
3.000000000000000000e+01 2.586245683830145498e-02 1.599071608085593255e+02 1.622199727352084286e+00 1.381488604597108372e-01 9.143607139587402344e+00
3.100000000000000000e+01 2.475152532596039748e-02 1.548974844332540783e+02 1.653521690628406482e+00 1.463668402221734444e-01 8.567261934280395508e+00
3.200000000000000000e+01 2.490850068053896207e-02 1.536992599200335405e+02 1.634552919006052152e+00 1.398095964373388955e-01 8.264137744903564453e+00
3.300000000000000000e+01 2.412076131324749836e-02 1.511291117709484979e+02 1.659781483835805149e+00 1.417681924111180158e-01 7.149593353271484375e+00
3.400000000000000000e+01 2.375082471412987006e-02 1.489279217062432110e+02 1.653576322857125636e+00 1.365451231195201620e-01 1.093758487701416016e+01
3.500000000000000000e+01 2.356501394735782337e-02 1.443116862563906864e+02 1.697792265998713024e+00 1.329155053014053067e-01 7.924219131469726562e+00
3.600000000000000000e+01 2.295079474723563800e-02 1.435830761998185778e+02 1.710250133334271672e+00 1.305850587594296619e-01 8.871469736099243164e+00
3.700000000000000000e+01 2.238938338605848954e-02 1.428053970807524422e+02 1.679523996658673690e+00 1.344869902340473655e-01 7.424522399902343750e+00
3.800000000000000000e+01 2.228320867449569420e-02 1.408378524396351850e+02 1.652619554119723055e+00 1.354965877159488297e-01 7.651130437850952148e+00
3.900000000000000000e+01 2.154411496794547340e-02 1.408269437142762115e+02 1.664395086326980966e+00 1.375688358281242363e-01 8.863437891006469727e+00
4.000000000000000000e+01 2.182700530911730816e-02 1.348135995752113274e+02 1.700177857164864692e+00 1.299490728980938203e-01 8.100356817245483398e+00
4.100000000000000000e+01 2.155016746231934802e-02 1.366138184344999331e+02 1.672932623413352804e+00 1.296633381063839463e-01 8.778537273406982422e+00
4.200000000000000000e+01 2.075706139205452452e-02 1.335525947037955916e+02 1.689131474133145794e+00 1.297611483888002903e-01 7.743617534637451172e+00
4.300000000000000000e+01 2.083305705283059958e-02 1.329409006236136861e+02 1.693931090648243654e+00 1.317382477767473914e-01 7.392207622528076172e+00
4.400000000000000000e+01 2.032584125665867769e-02 1.289254818441046666e+02 1.733940650484617541e+00 1.219162760978760862e-01 7.865740060806274414e+00
4.500000000000000000e+01 1.907196545688226094e-02 1.301791542438682825e+02 1.703544309279624969e+00 1.290340412509073664e-01 8.079827547073364258e+00
4.600000000000000000e+01 2.025297278599160269e-02 1.260224897710673702e+02 1.756103362673493873e+00 1.227794558560381388e-01 7.462030649185180664e+00
4.700000000000000000e+01 1.898759877110215918e-02 1.280897191922422849e+02 1.677310360647637610e+00 1.287509185666217415e-01 7.830589056015014648e+00
4.800000000000000000e+01 1.888121979627381888e-02 1.219743576298105268e+02 1.753577451977871959e+00 1.191595235217983717e-01 9.349627733230590820e+00
4.900000000000000000e+01 1.862228115149990731e-02 1.228161671842923823e+02 1.721516064152027958e+00 1.191825705684057546e-01 7.922413349151611328e+00
5.000000000000000000e+01 1.813867946654477287e-02 1.197706582064660381e+02 1.717148851369610707e+00 1.218941548147979420e-01 8.873825311660766602e+00
5.100000000000000000e+01 1.822339228848246853e-02 1.199918217904041171e+02 1.715052764012528597e+00 1.239024973199096546e-01 8.119616270065307617e+00
5.200000000000000000e+01 1.756365612336953375e-02 1.184477689886665104e+02 1.719195300101240997e+00 1.240550300284191249e-01 1.068264842033386230e+01
5.300000000000000000e+01 1.771192581829784951e-02 1.190373168016703573e+02 1.699813084271343477e+00 1.228495135700800323e-01 8.211689233779907227e+00
5.400000000000000000e+01 1.778687681366859091e-02 1.154681291754419163e+02 1.760368092355151015e+00 1.179646611016338664e-01 8.002189636230468750e+00
5.500000000000000000e+01 1.753218176723395083e-02 1.162546239186397656e+02 1.744804957035265058e+00 1.185728313702662656e-01 8.079957962036132812e+00
5.600000000000000000e+01 1.781430455582841410e-02 1.147849185622986710e+02 1.709812536977107111e+00 1.186174265828667390e-01 9.348255634307861328e+00
5.700000000000000000e+01 1.717753251086747215e-02 1.139041607502275326e+02 1.739617326027468991e+00 1.193427867242870255e-01 8.033124923706054688e+00
5.800000000000000000e+01 1.703459880820259661e-02 1.117845551324130895e+02 1.775787255771738238e+00 1.157724448087458224e-01 8.194055080413818359e+00
5.900000000000000000e+01 1.588837806495763116e-02 1.101806253212893978e+02 1.749603102813880762e+00 1.198131215525399390e-01 6.465980768203735352e+00
6.000000000000000000e+01 1.608834067139719090e-02 1.086882732877887179e+02 1.750947090875027978e+00 1.160050351017442444e-01 7.922954797744750977e+00
6.100000000000000000e+01 1.622865686242360925e-02 1.085916692880855550e+02 1.812334778149669923e+00 1.136844316869631000e-01 9.295741796493530273e+00
6.200000000000000000e+01 1.584122978954876151e-02 1.059883503882641804e+02 1.827840665579056001e+00 1.142761481399625079e-01 8.746501445770263672e+00
6.300000000000000000e+01 1.653125543767373917e-02 1.053907549367118293e+02 1.776926884705140042e+00 1.138623089832219992e-01 7.272063493728637695e+00
6.400000000000000000e+01 1.541711590622293730e-02 1.049889046471792113e+02 1.752391653880324585e+00 1.131437499828404358e-01 7.290329217910766602e+00
6.500000000000000000e+01 1.604388083376395019e-02 1.043672280812673847e+02 1.751833453566316257e+00 1.144532283139136075e-01 9.194152593612670898e+00
6.600000000000000000e+01 1.474447365842057080e-02 1.036370684885274329e+02 1.744051773867603350e+00 1.088199497138735844e-01 7.862493276596069336e+00
6.700000000000000000e+01 1.459141888709380129e-02 1.039788769862850444e+02 1.744840505198037794e+00 1.125612740359164532e-01 9.994737386703491211e+00
6.800000000000000000e+01 1.496731965793094733e-02 1.010547982798444053e+02 1.820323220164649314e+00 1.087566242249981552e-01 7.244692087173461914e+00
6.900000000000000000e+01 1.512707744459513594e-02 1.004864526195580510e+02 1.812767578397173951e+00 1.110185671415743480e-01 6.816349267959594727e+00
7.000000000000000000e+01 1.496703103898382355e-02 9.960449970188497559e+01 1.801646652184076602e+00 1.042914319534667955e-01 7.886055707931518555e+00
7.100000000000000000e+01 1.469437730974189858e-02 9.883578843137519243e+01 1.809893778833996381e+00 1.072069022855398901e-01 7.406236171722412109e+00
7.200000000000000000e+01 1.401925036745668360e-02 9.891342532891805206e+01 1.767172210684503142e+00 1.129073448278299502e-01 1.079309773445129395e+01
7.300000000000000000e+01 1.396588850176596133e-02 9.631361000830803221e+01 1.842312448428627514e+00 1.056364042046884222e-01 7.635059356689453125e+00
7.400000000000000000e+01 1.447373626596298000e-02 9.527626812419221380e+01 1.848626739218332204e+00 1.035077110931781064e-01 7.475858449935913086e+00
7.500000000000000000e+01 1.378636231212097829e-02 9.599638282675988421e+01 1.808427510415401285e+00 1.044047885591701252e-01 9.100368022918701172e+00
7.600000000000000000e+01 1.406015217657879089e-02 9.433344325619086135e+01 1.823746269778855789e+00 1.109037013170640767e-01 9.367209911346435547e+00
7.700000000000000000e+01 1.289549638901781210e-02 9.427936645202267130e+01 1.771368498993061369e+00 1.099723771076551032e-01 9.037017345428466797e+00
7.800000000000000000e+01 1.329751799563012524e-02 9.450868906567968963e+01 1.845915473470704615e+00 1.038721020844601828e-01 9.417668104171752930e+00
7.900000000000000000e+01 1.333358102744401641e-02 9.310730583413106842e+01 1.826626981667753613e+00 1.056716096766334989e-01 1.155752801895141602e+01
8.000000000000000000e+01 1.369081578916922504e-02 9.137365637405071084e+01 1.822779940993185521e+00 9.981732274189757115e-02 8.367780923843383789e+00
8.100000000000000000e+01 1.360329874870965655e-02 9.104662848481662252e+01 1.823286223491421776e+00 9.970341868987049605e-02 8.851443290710449219e+00
8.200000000000000000e+01 1.327021874294614413e-02 8.890105908302578541e+01 1.872398368790812784e+00 1.014310269369329415e-01 8.493709087371826172e+00
8.300000000000000000e+01 1.375331242627220868e-02 8.797144291054854648e+01 1.888013234100241799e+00 1.007440239432546569e-01 7.796361684799194336e+00
8.400000000000000000e+01 1.294834451564113274e-02 8.883765520519666836e+01 1.816112119286576121e+00 1.030329432596047423e-01 8.144334077835083008e+00
8.500000000000000000e+01 1.305576912618220189e-02 8.756733100409694259e+01 1.867597443207018815e+00 1.015748238535814224e-01 8.422364473342895508e+00
8.600000000000000000e+01 1.304017829588035790e-02 8.666858718983787924e+01 1.885960623365482869e+00 1.004510492176163144e-01 7.256122112274169922e+00
8.700000000000000000e+01 1.298963395191500385e-02 8.607233035484163963e+01 1.881075773076830382e+00 9.985217305039058300e-02 7.439961194992065430e+00
8.800000000000000000e+01 1.270335338289388556e-02 8.580054291556703561e+01 1.876285849648965609e+00 1.002064523736945906e-01 8.182761669158935547e+00
8.900000000000000000e+01 1.260231436982813848e-02 8.526369646078799747e+01 1.871165790044417410e+00 9.993867603992373505e-02 7.937366962432861328e+00
9.000000000000000000e+01 1.248725645829173482e-02 8.466947054929619298e+01 1.864068509538268525e+00 9.962433217694091625e-02 7.198426961898803711e+00
9.100000000000000000e+01 1.240671282761489531e-02 8.420696654016850857e+01 1.856657154609571370e+00 9.850352807502310570e-02 8.188200950622558594e+00
9.200000000000000000e+01 1.235280631886610109e-02 8.425854317304514041e+01 1.833496953247534478e+00 9.575878314129114555e-02 9.453214168548583984e+00
9.300000000000000000e+01 1.226254213211695754e-02 8.266971455594952545e+01 1.878347188806610779e+00 9.812425903773140667e-02 9.001211643218994141e+00
9.400000000000000000e+01 1.191088556477098472e-02 8.249801068644147506e+01 1.857726081833300791e+00 9.824165736612409938e-02 9.046692848205566406e+00
9.500000000000000000e+01 1.216194733984351031e-02 8.134906862116385184e+01 1.890964990399603529e+00 9.333804598081082982e-02 7.664202928543090820e+00
9.600000000000000000e+01 1.182247195105263354e-02 8.137042323524281073e+01 1.909380014934643599e+00 9.415026428611569798e-02 9.541084289550781250e+00
9.700000000000000000e+01 1.174323730552695629e-02 8.133991269917308387e+01 1.855169616783057807e+00 9.249280482103897083e-02 8.003553628921508789e+00
9.800000000000000000e+01 1.157155023005178480e-02 8.123208267873010868e+01 1.888004108586760488e+00 9.735848053889704923e-02 8.878033161163330078e+00
9.900000000000000000e+01 1.185460128150211609e-02 7.999809531030555831e+01 1.864988011981583593e+00 9.721766300128668881e-02 1.014625430107116699e+01
