2.000000000000000000e+00 -1.102613064170029772e-01 9.983470135898373883e+02 8.730700351051622343e-01 5.430743835675033715e-01 1.046931505203247070e+00
3.000000000000000000e+00 -7.872181298205173372e-02 7.531376936163757136e+02 1.199427171861079167e+00 3.082127554438507944e-01 1.277108430862426758e+00
4.000000000000000000e+00 -6.335244534736232669e-02 7.263696317635345849e+02 1.167058439120298274e+00 3.187263400967860760e-01 1.080024003982543945e+00
5.000000000000000000e+00 -5.257629342324731531e-02 7.583466434496668853e+02 1.022944126637119977e+00 3.495880840807877865e-01 1.879698514938354492e+00
6.000000000000000000e+00 -4.878804923685530620e-02 7.259994558436587795e+02 1.051239806908117469e+00 3.554900946130768458e-01 1.652455806732177734e+00
7.000000000000000000e+00 -4.247902670071524583e-02 6.638618344000494744e+02 1.157484815325745320e+00 3.227328096227010668e-01 2.063451766967773438e+00
8.000000000000000000e+00 -3.981486258099763836e-02 6.166843431102980730e+02 1.307972273819473008e+00 3.072104386396026232e-01 1.643656492233276367e+00
9.000000000000000000e+00 -3.345257697007918835e-02 5.833143544410577306e+02 1.235587565401140786e+00 3.088117771082036223e-01 1.711458206176757812e+00
1.000000000000000000e+01 -3.135369679873790255e-02 5.661346987184882664e+02 1.181085492649540658e+00 3.048993914081169487e-01 1.908613681793212891e+00
1.100000000000000000e+01 -3.258473301871012834e-02 5.535937851635510469e+02 1.288303846840269662e+00 2.669193267147454973e-01 1.907465696334838867e+00
1.200000000000000000e+01 -3.096779945156574385e-02 5.404370560226806219e+02 1.219061587483014852e+00 2.746055192205746343e-01 1.833441972732543945e+00
1.300000000000000000e+01 -2.957913226396413631e-02 5.246203115148060760e+02 1.244318679551419837e+00 2.750943647047864316e-01 1.683788776397705078e+00
1.400000000000000000e+01 -2.816698614590962615e-02 5.044710500486497153e+02 1.303624659002814878e+00 2.752467395803645522e-01 1.302564382553100586e+00
1.500000000000000000e+01 -2.775023729801319797e-02 4.904997176705506376e+02 1.289241806367584564e+00 2.532840709821014835e-01 1.778548479080200195e+00
1.600000000000000000e+01 -2.446892702737731365e-02 4.683202131748437864e+02 1.278723004286572706e+00 2.753297557394021045e-01 2.385431766510009766e+00
1.700000000000000000e+01 -2.311785883084693793e-02 4.682604445658054715e+02 1.287778511182342545e+00 2.516860884774351215e-01 1.880415678024291992e+00
1.800000000000000000e+01 -2.502811527870167640e-02 4.423329937920121893e+02 1.458593494176119387e+00 2.180828693429298915e-01 1.948689460754394531e+00
1.900000000000000000e+01 -2.288835088881421842e-02 4.369441552483880287e+02 1.391565125861124796e+00 2.346313806096645138e-01 1.821152210235595703e+00
2.000000000000000000e+01 -2.273776290080797846e-02 4.154771402441643318e+02 1.410466243870368785e+00 2.439596059436134612e-01 1.644979238510131836e+00
2.100000000000000000e+01 -2.086492080060453266e-02 4.136439098313780391e+02 1.396811485720131252e+00 2.258780445429458272e-01 2.020081043243408203e+00
2.200000000000000000e+01 -2.025497338486693596e-02 4.026833944333675959e+02 1.426738445336406036e+00 2.233021172960778233e-01 2.060284137725830078e+00
2.300000000000000000e+01 -1.839792835786363545e-02 3.923334614121245068e+02 1.472164196083028953e+00 2.114383468438007230e-01 2.103646516799926758e+00
2.400000000000000000e+01 -1.900940186344608068e-02 3.725238747332482490e+02 1.540826596883857258e+00 2.028587993139855106e-01 1.883165836334228516e+00
2.500000000000000000e+01 -1.905957851169326825e-02 3.664090301231370859e+02 1.513775218317820581e+00 2.091592343886571892e-01 2.184971094131469727e+00
2.600000000000000000e+01 -1.743993198688213384e-02 3.613015490353776045e+02 1.568146263942664431e+00 1.851777265929109018e-01 1.794587135314941406e+00
2.700000000000000000e+01 -1.748346393515155459e-02 3.526743274183564836e+02 1.481536231177823959e+00 1.922447221046305610e-01 1.831183910369873047e+00
2.800000000000000000e+01 -1.733082921530186560e-02 3.497739679505392587e+02 1.481858263547799703e+00 1.932155686577617382e-01 2.273737668991088867e+00
2.900000000000000000e+01 -1.638006063277119492e-02 3.391358668099395572e+02 1.545381063106525454e+00 1.852448588253901296e-01 2.236405849456787109e+00
3.000000000000000000e+01 -1.586975340474658727e-02 3.307889703795726177e+02 1.593122855861327958e+00 1.836480367874470943e-01 1.922197580337524414e+00
3.100000000000000000e+01 -1.606540684953915860e-02 3.164155255416945920e+02 1.561722723349293851e+00 1.764235898253672941e-01 1.830695152282714844e+00
3.200000000000000000e+01 -1.553299933844184619e-02 3.067549351676676679e+02 1.714263851628369029e+00 1.708256070573501428e-01 1.734157800674438477e+00
3.300000000000000000e+01 -1.382495468137517718e-02 3.098547110498768689e+02 1.583153458089433752e+00 1.864742917122314547e-01 1.867815494537353516e+00
3.400000000000000000e+01 -1.429891402189003430e-02 3.017134970650952823e+02 1.600609688263842756e+00 1.780313161747869022e-01 2.021056890487670898e+00
3.500000000000000000e+01 -1.482066390792896593e-02 2.937281256091260957e+02 1.603730045398520376e+00 1.658656186833266655e-01 2.159840106964111328e+00
3.600000000000000000e+01 -1.494490776190542623e-02 2.908900168164921070e+02 1.609396280974780158e+00 1.618987592977659262e-01 2.008524179458618164e+00
3.700000000000000000e+01 -1.382357068476248833e-02 2.822673389730050530e+02 1.556252660299942248e+00 1.734237609421467874e-01 2.127626895904541016e+00
3.800000000000000000e+01 -1.402947484555414591e-02 2.812898259768612093e+02 1.695934476924339185e+00 1.524629130067614857e-01 2.248010635375976562e+00
3.900000000000000000e+01 -1.384721911708023008e-02 2.752631857055229716e+02 1.676737497551699096e+00 1.534694257689661612e-01 2.106022119522094727e+00
4.000000000000000000e+01 -1.313347276194464300e-02 2.713427162893515856e+02 1.642349404856181305e+00 1.518944874386495003e-01 2.178754091262817383e+00
4.100000000000000000e+01 -1.261505287947172621e-02 2.651796682659773978e+02 1.619547817643030241e+00 1.659443185695573530e-01 2.366727590560913086e+00
4.200000000000000000e+01 -1.249140129694708765e-02 2.634006518117187170e+02 1.652110827798337622e+00 1.510550220093964668e-01 2.212544441223144531e+00
4.300000000000000000e+01 -1.220115473631852923e-02 2.571288208107919786e+02 1.674043626102132087e+00 1.569264047339295198e-01 2.798804998397827148e+00
4.400000000000000000e+01 -1.116659888153932918e-02 2.477238915372949464e+02 1.655112101192697915e+00 1.417160048180012566e-01 2.160718679428100586e+00
4.500000000000000000e+01 -1.152062635040910013e-02 2.483916490990113175e+02 1.712666729869454896e+00 1.411211728832477696e-01 2.377977848052978516e+00
4.600000000000000000e+01 -1.182119369515356559e-02 2.497663182881695718e+02 1.652893982469879841e+00 1.538153490407387913e-01 2.425694942474365234e+00
4.700000000000000000e+01 -1.090935674921688324e-02 2.441662848733421356e+02 1.660517802927104603e+00 1.502767019864544584e-01 2.972171306610107422e+00
4.800000000000000000e+01 -1.058665657137903768e-02 2.405371797819725543e+02 1.623993289171915100e+00 1.458824621935297383e-01 2.149324893951416016e+00
4.900000000000000000e+01 -1.059847468074686695e-02 2.359149982087281217e+02 1.622234192474154790e+00 1.551623844310957845e-01 2.307605504989624023e+00
5.000000000000000000e+01 -1.056019420120227897e-02 2.305994565551017672e+02 1.638617141751252282e+00 1.424173088483594307e-01 2.191537141799926758e+00
5.100000000000000000e+01 -1.035302469154498854e-02 2.323753783175960450e+02 1.666236906974064569e+00 1.404231064565749643e-01 2.304183483123779297e+00
5.200000000000000000e+01 -1.094195248867002937e-02 2.272457316865470887e+02 1.725074389883091364e+00 1.292288950470755482e-01 2.320184469223022461e+00
5.300000000000000000e+01 -1.036333070325730354e-02 2.251439763014121525e+02 1.644070678193507051e+00 1.350444255853792130e-01 2.266856908798217773e+00
5.400000000000000000e+01 -9.998790633002317685e-03 2.210133083956116025e+02 1.673155876176204426e+00 1.433948968676395652e-01 2.395269632339477539e+00
5.500000000000000000e+01 -9.951074903631377047e-03 2.160682061976929731e+02 1.747736218634439176e+00 1.283177531248401448e-01 2.393534660339355469e+00
5.600000000000000000e+01 -9.674504545122466700e-03 2.167795072331601318e+02 1.639903366664497542e+00 1.297389430014974920e-01 3.147715330123901367e+00
5.700000000000000000e+01 -9.174136486461413956e-03 2.149226290452866124e+02 1.671026184423982874e+00 1.317442642236089645e-01 3.021900653839111328e+00
5.800000000000000000e+01 -1.036748126728264004e-02 2.120395658734189794e+02 1.663469914179147580e+00 1.355722564398208763e-01 2.467309474945068359e+00
5.900000000000000000e+01 -9.888097451553006997e-03 2.096906993277233653e+02 1.609629840748683094e+00 1.391542413751499230e-01 2.249321937561035156e+00
6.000000000000000000e+01 -9.684628170722778609e-03 2.052968685595044462e+02 1.698706688473827553e+00 1.249384175542830183e-01 2.516015768051147461e+00
6.100000000000000000e+01 -8.880600870790882756e-03 2.047008054894731970e+02 1.686219026357141937e+00 1.269548035412109144e-01 2.227315664291381836e+00
6.200000000000000000e+01 -8.362726495313251365e-03 2.030585520390550585e+02 1.556907296102248761e+00 1.351659334669521040e-01 2.658331632614135742e+00
6.300000000000000000e+01 -8.476672812396215603e-03 1.974695727376609398e+02 1.750456013909792441e+00 1.247653694359305149e-01 3.298996448516845703e+00
6.400000000000000000e+01 -8.711109850433372895e-03 1.995002967259497098e+02 1.577136624433578049e+00 1.276903327977893798e-01 3.036586523056030273e+00
6.500000000000000000e+01 -7.674159987787153997e-03 1.958833002348528964e+02 1.517410848243806454e+00 1.329717961452870634e-01 3.471166610717773438e+00
6.600000000000000000e+01 -7.541355455924745460e-03 1.933289345811160160e+02 1.536673830614391667e+00 1.326013817313199949e-01 2.504976987838745117e+00
6.700000000000000000e+01 -8.358670273575195819e-03 1.939488462000588243e+02 1.705611540604892395e+00 1.248820475383340817e-01 2.688697099685668945e+00
6.800000000000000000e+01 -7.581574983918877575e-03 1.909876979620067914e+02 1.554359009698009553e+00 1.301790045718555500e-01 2.971063137054443359e+00
6.900000000000000000e+01 -7.537058189053314795e-03 1.889601958169872375e+02 1.550587826695406291e+00 1.282484494123803942e-01 2.648015499114990234e+00
7.000000000000000000e+01 -7.497735052942523792e-03 1.872028714323852796e+02 1.551963621257084647e+00 1.280821601138557864e-01 2.556848287582397461e+00
7.100000000000000000e+01 -8.151189370112138510e-03 1.863080991718340158e+02 1.628438676499725180e+00 1.215202469910726113e-01 2.958746194839477539e+00
7.200000000000000000e+01 -7.964855129697310035e-03 1.853417026728330654e+02 1.606500040524749151e+00 1.241776278924862781e-01 2.547695875167846680e+00
7.300000000000000000e+01 -7.069569736822082888e-03 1.819213594000477769e+02 1.562771731901525740e+00 1.225589785845981050e-01 2.793154954910278320e+00
7.400000000000000000e+01 -6.977362948055985253e-03 1.803346927420409713e+02 1.545593393633809542e+00 1.223498891637099933e-01 2.587548732757568359e+00
7.500000000000000000e+01 -8.006728043266183453e-03 1.806986424720682294e+02 1.528524127747671990e+00 1.281323659802274251e-01 2.532160043716430664e+00
7.600000000000000000e+01 -8.071441338780868321e-03 1.775018302274590667e+02 1.611143597781865777e+00 1.166459080487950301e-01 2.862988233566284180e+00
7.700000000000000000e+01 -7.620950371681590486e-03 1.744454446002257271e+02 1.625547542161480230e+00 1.177939716353756244e-01 2.743518590927124023e+00
7.800000000000000000e+01 -7.443736538211682095e-03 1.738122688585162052e+02 1.657641569777932089e+00 1.193732942129685365e-01 3.189893007278442383e+00
7.900000000000000000e+01 -7.114928373610209140e-03 1.736352301252752284e+02 1.572442425561613843e+00 1.157589248153673422e-01 2.563182353973388672e+00
8.000000000000000000e+01 -6.462827647877518109e-03 1.717609773837200748e+02 1.550738210743569878e+00 1.221644438531863663e-01 3.427653789520263672e+00
8.100000000000000000e+01 -6.447139674294068666e-03 1.709614308301014489e+02 1.524285339733652211e+00 1.194909415646993600e-01 2.722824811935424805e+00
8.200000000000000000e+01 -7.302566939497150134e-03 1.678011335269470692e+02 1.648446810381379857e+00 1.142886052889658111e-01 2.720956802368164062e+00
8.300000000000000000e+01 -6.573823237300751438e-03 1.670714058377907634e+02 1.554875661685938271e+00 1.174331056467116802e-01 2.521465063095092773e+00
8.400000000000000000e+01 -7.007604824460904672e-03 1.669143841588438306e+02 1.580194573080326181e+00 1.113766935529254126e-01 3.130304574966430664e+00
8.500000000000000000e+01 -6.201061520465581990e-03 1.649276652840715940e+02 1.535989149640220264e+00 1.093493400349767886e-01 2.529798030853271484e+00
8.600000000000000000e+01 -7.249663523214193266e-03 1.624961854074895768e+02 1.609027795256062099e+00 1.105145915066562401e-01 2.556811094284057617e+00
8.700000000000000000e+01 -7.273384155705275855e-03 1.635627626145025602e+02 1.581094807375588163e+00 1.118134120217630506e-01 2.409933805465698242e+00
8.800000000000000000e+01 -7.097008214898436855e-03 1.637889789810113541e+02 1.543789401265931893e+00 1.171175819948565427e-01 2.218224525451660156e+00
8.900000000000000000e+01 -6.632856743753595512e-03 1.623172099452045245e+02 1.563155588737646040e+00 1.081806538948695412e-01 2.901888370513916016e+00
9.000000000000000000e+01 -6.028656899730745061e-03 1.605293251237995094e+02 1.512388431257371879e+00 1.076297485333546355e-01 2.402075529098510742e+00
9.100000000000000000e+01 -6.177750663477350399e-03 1.580328074356048091e+02 1.544726623153559020e+00 1.088201454624800613e-01 3.066468000411987305e+00
9.200000000000000000e+01 -6.245100121713355497e-03 1.558170093225610344e+02 1.550144824995605575e+00 1.026057893336824040e-01 2.835636615753173828e+00
9.300000000000000000e+01 -6.284096346135749703e-03 1.589045453006297635e+02 1.518352241740840380e+00 1.136197662493885902e-01 2.597615957260131836e+00
9.400000000000000000e+01 -5.652338221953867418e-03 1.558541720840295568e+02 1.500775302120642252e+00 1.058714487946858102e-01 2.671118497848510742e+00
9.500000000000000000e+01 -5.587884083739985859e-03 1.546349165792498184e+02 1.489912976447830939e+00 1.055880764362989443e-01 3.468597650527954102e+00
9.600000000000000000e+01 -5.561488827302924799e-03 1.535347640675883270e+02 1.490895945294359315e+00 1.045344026933796022e-01 3.156637907028198242e+00
9.700000000000000000e+01 -6.414246043985477770e-03 1.522561109119577623e+02 1.564666778735727570e+00 1.038665428131058527e-01 2.525213718414306641e+00
9.800000000000000000e+01 -6.124711207775817949e-03 1.520263492561026339e+02 1.560652184008002763e+00 1.063852927632350232e-01 2.992290973663330078e+00
9.900000000000000000e+01 -6.464091562490541926e-03 1.496388937035866320e+02 1.545202019589597242e+00 1.127386309163295186e-01 3.496385335922241211e+00
