2.000000000000000000e+00 1.811900763384761970e-02 1.657896034569336052e+01 5.417005316181865204e+00 -1.447548780273590768e-02 1.729767799377441406e+00
3.000000000000000000e+00 1.964420654606860092e-02 1.756226989331742416e+01 5.258434983675855712e+00 -1.509327593805011303e-02 2.224940299987792969e+00
4.000000000000000000e+00 2.272117688549162365e-02 1.611680408481110049e+01 4.567665598402867566e+00 -1.410312475999153312e-02 1.842900753021240234e+00
5.000000000000000000e+00 2.083695390390672905e-02 1.689542548108254039e+01 4.549473219830701076e+00 -4.515949319221286562e-03 2.170615434646606445e+00
6.000000000000000000e+00 2.615139444847347158e-02 1.597214494917963101e+01 4.286840631246697342e+00 -6.181433115039183974e-03 2.191878318786621094e+00
7.000000000000000000e+00 2.695957615108787384e-02 1.574488667716933499e+01 4.236563092054544732e+00 2.955937363677256340e-03 2.337259054183959961e+00
8.000000000000000000e+00 2.534035926266011915e-02 1.539533220394447000e+01 4.045319523669176576e+00 1.242684058421056684e-02 2.744721412658691406e+00
9.000000000000000000e+00 2.174661811165583616e-02 1.587204113405135075e+01 3.808151827102137510e+00 1.826577125716948372e-02 2.410547018051147461e+00
1.000000000000000000e+01 2.135468965248224493e-02 1.520817491276826772e+01 3.863039009237065891e+00 1.397193992221486269e-02 2.609327077865600586e+00
1.100000000000000000e+01 2.167280447775474933e-02 1.526392716161343976e+01 3.643451230078877945e+00 2.495728771224194412e-02 2.453293561935424805e+00
1.200000000000000000e+01 1.894378926983824110e-02 1.450100264729068300e+01 3.436802364848281943e+00 9.954465746281370916e-03 3.427917480468750000e+00
1.300000000000000000e+01 1.644258390773456480e-02 1.485909386561837131e+01 3.288704211084488183e+00 3.340685389843001812e-02 2.852964878082275391e+00
1.400000000000000000e+01 2.225198223993695573e-02 1.380466649621189390e+01 3.405141874323532214e+00 3.729094543061360623e-02 2.277687072753906250e+00
1.500000000000000000e+01 1.609269318148505781e-02 1.436496648496351369e+01 3.355157727135939627e+00 3.579657157510630905e-02 2.621874809265136719e+00
1.600000000000000000e+01 1.994431107459851762e-02 1.352779225990691536e+01 3.289876590272908352e+00 3.710069441064788726e-02 2.407214164733886719e+00
1.700000000000000000e+01 2.134185295272896660e-02 1.294385563936584127e+01 3.260522620811632244e+00 3.195627665983104271e-02 2.605555534362792969e+00
1.800000000000000000e+01 1.445727641326680600e-02 1.376476125683246821e+01 3.076480450630378005e+00 4.397510023673463497e-02 2.504024505615234375e+00
1.900000000000000000e+01 2.116163378783461266e-02 1.185090525042546439e+01 3.191025248724480790e+00 2.752059700736507464e-02 2.788337945938110352e+00
2.000000000000000000e+01 1.518929083172651864e-02 1.288321811841132281e+01 3.074398375466711908e+00 4.149788044040712137e-02 2.377979040145874023e+00
2.100000000000000000e+01 1.475278045420707132e-02 1.229942526202059838e+01 2.863901293642565182e+00 3.801873402267443719e-02 2.561379909515380859e+00
2.200000000000000000e+01 1.912658601765623856e-02 1.197382044046673499e+01 3.023857392809849109e+00 4.401258899092246046e-02 2.408993244171142578e+00
2.300000000000000000e+01 1.370398300677260796e-02 1.211287573481155100e+01 3.083431347807697342e+00 4.350638046128985775e-02 2.429961204528808594e+00
2.400000000000000000e+01 1.519589772729099467e-02 1.205048763273684109e+01 2.855567945234163574e+00 4.754592945876064819e-02 2.638840198516845703e+00
2.500000000000000000e+01 1.503460934323094279e-02 1.160960455761919796e+01 2.801837901079039739e+00 4.713959565760796749e-02 2.656365871429443359e+00
2.600000000000000000e+01 9.777961620378802093e-03 1.241268531966859712e+01 2.757221254662975962e+00 5.116003765222053995e-02 2.506470918655395508e+00
2.700000000000000000e+01 1.713358082040051383e-02 1.110099964268484740e+01 2.867055896234983692e+00 5.043905250898765569e-02 2.641235351562500000e+00
2.800000000000000000e+01 1.192292619537891826e-02 1.145993585927568681e+01 2.656734329547551621e+00 4.869857859244353798e-02 2.791939020156860352e+00
2.900000000000000000e+01 1.261128381542611469e-02 1.151639353251091968e+01 2.697354004483409895e+00 5.628393177210015696e-02 2.411133527755737305e+00
3.000000000000000000e+01 1.552781250389457558e-02 1.075795951067735423e+01 2.770652992444744278e+00 5.318239830095028431e-02 2.747044086456298828e+00
3.100000000000000000e+01 1.106008517615835775e-02 1.107143237262830127e+01 2.629580607119959446e+00 5.788227494728748201e-02 2.841290473937988281e+00
3.200000000000000000e+01 7.918697627630361460e-03 1.152908326783936666e+01 2.511210110181634647e+00 5.628474794940974135e-02 2.564936399459838867e+00
3.300000000000000000e+01 1.170459589271913119e-02 1.081564827411321339e+01 2.520623021484679871e+00 5.702295020480283028e-02 2.793087244033813477e+00
3.400000000000000000e+01 8.880928320290106676e-03 1.111104888556299208e+01 2.680262864536285150e+00 4.668439085395911792e-02 2.637620687484741211e+00
3.500000000000000000e+01 1.283984346606912262e-02 1.044556019731843399e+01 2.634545562497306204e+00 5.876571132138203035e-02 3.016019344329833984e+00
3.600000000000000000e+01 8.989208109486867757e-03 1.063722500925968539e+01 2.386571466344999948e+00 4.945350517515963162e-02 2.628089427947998047e+00
3.700000000000000000e+01 1.283768126396775920e-02 1.004652504011291114e+01 2.639451640797300769e+00 5.549838295128126098e-02 2.961255073547363281e+00
3.800000000000000000e+01 9.175178400995687156e-03 1.060150861129112698e+01 2.387836478037844046e+00 6.546668293345214718e-02 3.117511987686157227e+00
3.900000000000000000e+01 7.889558538853310571e-03 1.050978140890994617e+01 2.425054479618153014e+00 6.159044743299604135e-02 3.226537704467773438e+00
4.000000000000000000e+01 9.992035180094227531e-03 9.676337642269476902e+00 2.508385795574608945e+00 5.584470099907411916e-02 2.887095212936401367e+00
4.100000000000000000e+01 6.212143901863515123e-03 1.046643343955140537e+01 2.337330704341566978e+00 6.450736240695217893e-02 3.211476802825927734e+00
4.200000000000000000e+01 1.102516993057241039e-02 9.828608384538242149e+00 2.557437171174021806e+00 5.826401716680720821e-02 3.330250740051269531e+00
4.300000000000000000e+01 9.478729568489023191e-03 9.671807259950435665e+00 2.586235974131765314e+00 6.214635003274748826e-02 2.786396026611328125e+00
4.400000000000000000e+01 4.995538532803031617e-03 1.023857420501742332e+01 2.329810885389672404e+00 6.367311949661251524e-02 3.170395851135253906e+00
4.500000000000000000e+01 9.755283885188944723e-03 9.379485920106652941e+00 2.521340519171492822e+00 6.246871279060352972e-02 3.011608362197875977e+00
4.600000000000000000e+01 1.104884298723602352e-02 9.216627128427477444e+00 2.497242541695474216e+00 6.178280132965288662e-02 3.199058055877685547e+00
4.700000000000000000e+01 4.637565235727563948e-03 1.005198109003331730e+01 2.268945139974895664e+00 6.882110263715694731e-02 3.012559413909912109e+00
4.800000000000000000e+01 4.783084708343581654e-03 9.929121850510790992e+00 2.253008940564078078e+00 6.838550924801467534e-02 3.601351499557495117e+00
4.900000000000000000e+01 7.290474574557591521e-03 9.421441564689317261e+00 2.479792300278131911e+00 6.231377190850594799e-02 3.203401565551757812e+00
5.000000000000000000e+01 9.509861882934123045e-03 9.045870706967688690e+00 2.417889222325265486e+00 5.884759733572099416e-02 3.050226449966430664e+00
5.100000000000000000e+01 8.579941624225883440e-03 9.040424662139791678e+00 2.342166131064841395e+00 6.177852779001096611e-02 3.167805671691894531e+00
5.200000000000000000e+01 8.223155999767117405e-03 8.588737721884079690e+00 2.339574222908524792e+00 5.779023617651398576e-02 3.104545354843139648e+00
5.300000000000000000e+01 6.733502998737370300e-03 9.044193442606946576e+00 2.322269339680536504e+00 6.390561161337138252e-02 2.776135921478271484e+00
5.400000000000000000e+01 6.941894626295540272e-03 8.977517817804004707e+00 2.255850833934539779e+00 5.960874341231284235e-02 3.360520601272583008e+00
5.500000000000000000e+01 5.857727017306942410e-03 9.234246188398758548e+00 2.234802632140098666e+00 6.185338389770662915e-02 2.975586175918579102e+00
5.600000000000000000e+01 6.356749840481655707e-03 9.233314558754370793e+00 2.152640793131460395e+00 7.520593948184116362e-02 2.548993349075317383e+00
5.700000000000000000e+01 8.838175169762761338e-03 8.491648122795236731e+00 2.403525283110448107e+00 6.437567895146852071e-02 3.081717967987060547e+00
5.800000000000000000e+01 4.485993490262500487e-03 9.105262104282308755e+00 2.179642139877798535e+00 6.464996055447262691e-02 3.110893726348876953e+00
5.900000000000000000e+01 4.599058487641183995e-03 9.024577248613994129e+00 2.072664613221753882e+00 7.388318011096746407e-02 3.261543273925781250e+00
6.000000000000000000e+01 7.967125674023054632e-03 8.257347560549833432e+00 2.377744753947801382e+00 6.179450131406410973e-02 2.820969820022583008e+00
6.100000000000000000e+01 7.416464323334851297e-03 8.382197891644695531e+00 2.245023736149245330e+00 7.057079183826421576e-02 3.271945476531982422e+00
6.200000000000000000e+01 5.084395059970563471e-03 8.682176237368514293e+00 2.195002156946155747e+00 6.794861416634945250e-02 3.202420949935913086e+00
6.300000000000000000e+01 5.882599948427253041e-03 8.447376745169124845e+00 2.138406994540642092e+00 5.619781800329741450e-02 3.544884681701660156e+00
6.400000000000000000e+01 4.143977041533393989e-03 8.772738292580203989e+00 2.121052084095748302e+00 6.592601616306524581e-02 3.194015264511108398e+00
6.500000000000000000e+01 5.126906410938832960e-03 8.565048715368833498e+00 2.189709280731649166e+00 6.420015726839850556e-02 3.260586977005004883e+00
6.600000000000000000e+01 4.851008807435153863e-03 8.347621580639868810e+00 2.188861432849623423e+00 6.394266120198885406e-02 3.025511264801025391e+00
6.700000000000000000e+01 5.996507654647423823e-03 8.130871837217942044e+00 2.212344012823753481e+00 6.184164271847717581e-02 3.213424444198608398e+00
6.800000000000000000e+01 5.178241161016249906e-03 8.322882366206629356e+00 2.176447401381830460e+00 6.494482215499340627e-02 3.016664266586303711e+00
6.900000000000000000e+01 4.407128439963462103e-03 8.513412990835043104e+00 2.089929745121290150e+00 7.735337046623991242e-02 3.028386354446411133e+00
7.000000000000000000e+01 6.574676837155576416e-03 7.831228833514762400e+00 2.198368136907435488e+00 6.168626601312907770e-02 3.211156606674194336e+00
7.100000000000000000e+01 3.354051321344433956e-03 8.276082907263370814e+00 2.095856729060985746e+00 6.736400667096156814e-02 3.103293180465698242e+00
7.200000000000000000e+01 4.661593477551830879e-03 8.000453819900748442e+00 2.099424539286354197e+00 6.807845161717840377e-02 3.019055128097534180e+00
7.300000000000000000e+01 3.611515631620321621e-03 8.302003208889285446e+00 2.072339440443701886e+00 6.655025176252267471e-02 3.356881618499755859e+00
7.400000000000000000e+01 4.693069866817918025e-03 7.870815655180422254e+00 2.091639963478636233e+00 6.487597130272297619e-02 3.232941389083862305e+00
7.500000000000000000e+01 4.148349893123261939e-03 7.851775516933807708e+00 2.054229556009744329e+00 6.077162429602204347e-02 3.312787055969238281e+00
7.600000000000000000e+01 4.635817369150846586e-03 7.822874561598937682e+00 2.048500937865739946e+00 6.488665303187078626e-02 3.348594188690185547e+00
7.700000000000000000e+01 3.887173631227297272e-03 8.093922362162880191e+00 2.053346574810094083e+00 6.160093953750496454e-02 3.330028057098388672e+00
7.800000000000000000e+01 4.015188764516681129e-03 7.951265683405606133e+00 2.008523685580106743e+00 6.862760304614021201e-02 3.201402902603149414e+00
7.900000000000000000e+01 2.821341922354771766e-03 8.248803905396741243e+00 2.061473454860147658e+00 7.506834655630018061e-02 3.480945348739624023e+00
8.000000000000000000e+01 4.363741733954796219e-03 7.767753435969267706e+00 2.048169431478731983e+00 7.149246300081289751e-02 3.886992931365966797e+00
8.100000000000000000e+01 5.634718653899316136e-03 7.355177649213699098e+00 2.146573997182882998e+00 6.138430640556899465e-02 3.339820384979248047e+00
8.200000000000000000e+01 3.551877909223852183e-03 7.891723679549761172e+00 1.990933736158547962e+00 7.185419674383035360e-02 3.130776882171630859e+00
8.300000000000000000e+01 3.945517311709479356e-03 7.555676864157980788e+00 2.078570577600147296e+00 6.412806256685905926e-02 3.429158210754394531e+00
8.400000000000000000e+01 3.406636234133678370e-03 7.846498225517539282e+00 2.011414186894798117e+00 7.423166057375939209e-02 3.110674619674682617e+00
8.500000000000000000e+01 3.777490053141646566e-03 7.614142932507476758e+00 2.026794889004916111e+00 6.944966794931986542e-02 3.171594142913818359e+00
8.600000000000000000e+01 3.215437019053313424e-03 7.710109195011218830e+00 1.913515435173874790e+00 7.375546319587794608e-02 3.198678255081176758e+00
8.700000000000000000e+01 3.695204570855401254e-03 7.509365070219745419e+00 2.011614058660284865e+00 6.370367352067612954e-02 3.264890432357788086e+00
8.800000000000000000e+01 1.786573710986596054e-03 7.945710645103303271e+00 2.002998286447225773e+00 6.414666152412690225e-02 3.130048513412475586e+00
8.900000000000000000e+01 3.494465672762443829e-03 7.379696042235575071e+00 1.975401012297801850e+00 6.887322221630683139e-02 3.347348928451538086e+00
9.000000000000000000e+01 3.312875794696574453e-03 7.495118380817448411e+00 1.990469382376169216e+00 6.587886800294645573e-02 3.496911764144897461e+00
9.100000000000000000e+01 3.405707276379178229e-03 7.478680160919770614e+00 1.968930412546676667e+00 6.510321660265692978e-02 3.383546829223632812e+00
9.200000000000000000e+01 3.255147379551067126e-03 7.512481290221198371e+00 1.948523815200090104e+00 7.396172339514155147e-02 3.237688779830932617e+00
9.300000000000000000e+01 3.346550544946077631e-03 7.373003665703341980e+00 1.965607450056532812e+00 6.690108802085174833e-02 3.447942018508911133e+00
9.400000000000000000e+01 3.410933467289408230e-03 7.258970616686330146e+00 1.970181836987492163e+00 6.685642942755708196e-02 3.286166191101074219e+00
9.500000000000000000e+01 2.664892160133080275e-03 7.498560875705789108e+00 1.877205234667017164e+00 7.043827547458797467e-02 3.409297466278076172e+00
9.600000000000000000e+01 3.417514819540864394e-03 7.413670994373173784e+00 1.979995783019681044e+00 7.216249544768131574e-02 3.356078624725341797e+00
9.700000000000000000e+01 2.321165608290701697e-03 7.362189395119918878e+00 1.934286917181990306e+00 6.435666807293073666e-02 3.341387510299682617e+00
9.800000000000000000e+01 2.253605820221171036e-03 7.730780114190314301e+00 1.939152559287740996e+00 7.446844881422980122e-02 3.315418004989624023e+00
9.900000000000000000e+01 2.552391843742206085e-03 7.315397522288870746e+00 1.948571204153064729e+00 6.741387281139554766e-02 3.254357337951660156e+00
