2.000000000000000000e+00 2.679813114112748057e-02 2.625016437597566110e+01 2.243930813944133185e+00 1.507360283225588626e-01 2.567403316497802734e-01
3.000000000000000000e+00 2.221523220814938804e-02 2.401384790715771800e+01 2.061908941134309448e+00 1.467769203543044521e-01 3.673524856567382812e-01
4.000000000000000000e+00 2.507713613248162624e-02 2.107287451203578499e+01 2.134077633029040300e+00 1.028827786530383953e-01 3.415348529815673828e-01
5.000000000000000000e+00 2.827362938742305695e-02 1.772148239317619201e+01 2.200557635977283599e+00 8.038564947550295992e-02 2.922773361206054688e-01
6.000000000000000000e+00 2.409498404855228010e-02 1.665715911359347245e+01 2.055345170118747067e+00 8.653072888510224270e-02 2.617297172546386719e-01
7.000000000000000000e+00 1.711995580466904934e-02 1.709324322439426780e+01 1.880890503344623266e+00 9.212266278855578416e-02 2.800393104553222656e-01
8.000000000000000000e+00 1.151135685312744406e-02 1.456540050150697851e+01 2.116147030090039571e+00 8.870155645804916889e-02 2.798042297363281250e-01
9.000000000000000000e+00 1.039901574929125855e-02 1.285625986976512181e+01 2.200704173900577487e+00 8.191573998933851519e-02 3.312733173370361328e-01
1.000000000000000000e+01 1.523212589164550657e-02 1.308436087813264059e+01 2.110442972457809319e+00 6.107765507169654606e-02 4.032106399536132812e-01
1.100000000000000000e+01 9.187936845749729645e-03 1.262836977483307166e+01 2.114058810983662884e+00 5.854434217147117675e-02 2.814633846282958984e-01
1.200000000000000000e+01 1.363943484767405484e-02 1.247201658825470005e+01 2.137075401573811373e+00 8.246654006327071296e-02 2.687740325927734375e-01
1.300000000000000000e+01 1.229843296800849778e-02 1.121858870854476287e+01 1.936441262721314782e+00 8.807030074234653561e-02 4.444854259490966797e-01
1.400000000000000000e+01 1.320628057128481539e-02 1.083344782573681186e+01 2.182145457229623720e+00 5.212151150117936421e-02 3.808453083038330078e-01
1.500000000000000000e+01 1.267062756388323899e-02 1.039736793387479885e+01 2.001460434993271864e+00 6.669420217075493207e-02 3.142113685607910156e-01
1.600000000000000000e+01 1.212518689484051553e-02 1.008458015226316640e+01 1.905940125496738746e+00 5.707307379966097827e-02 3.791494369506835938e-01
1.700000000000000000e+01 6.072214545238804016e-03 1.019387794819680515e+01 1.982787935671481261e+00 7.799390304988780553e-02 3.011853694915771484e-01
1.800000000000000000e+01 7.588286394734416671e-03 9.538782481446414607e+00 2.000363675396119145e+00 6.471223641692566697e-02 2.914676666259765625e-01
1.900000000000000000e+01 1.126180121157175848e-02 8.502910416050214693e+00 1.776789379823202397e+00 4.749686911913956339e-02 2.965943813323974609e-01
2.000000000000000000e+01 1.126565680645581595e-02 8.478334063015486421e+00 1.951430033367576922e+00 4.770759491013086551e-02 2.902257442474365234e-01
2.100000000000000000e+01 5.916596233310748854e-03 8.416544463102709983e+00 1.968291974225720109e+00 5.937586639940741623e-02 3.119716644287109375e-01
2.200000000000000000e+01 1.234975754659600224e-02 7.898268590993856364e+00 1.863830336922916553e+00 3.171133659049833742e-02 3.427407741546630859e-01
2.300000000000000000e+01 6.755513274612274209e-03 8.475947307018957488e+00 1.781855011186060933e+00 5.851167728690254838e-02 3.754634857177734375e-01
2.400000000000000000e+01 8.328939556478669182e-03 8.103845192643396089e+00 1.647913852620088493e+00 5.227153253607787903e-02 3.721907138824462891e-01
2.500000000000000000e+01 3.075707351318094848e-03 8.310872186696572683e+00 1.653548862985011025e+00 6.425777824897882518e-02 3.577663898468017578e-01
2.600000000000000000e+01 8.555270843637378941e-03 7.318675834789831747e+00 1.767190905216498464e+00 4.576149531537181819e-02 4.236800670623779297e-01
2.700000000000000000e+01 5.942520771265212033e-03 7.599430697561190939e+00 1.740099957530259367e+00 5.146356665651005691e-02 4.297564029693603516e-01
2.800000000000000000e+01 6.419709489249812544e-03 7.347092654748255569e+00 1.716893950397144097e+00 3.958654165043092032e-02 3.369395732879638672e-01
2.900000000000000000e+01 6.297291075042382898e-03 7.211823864106992943e+00 1.676334806215578954e+00 3.656847387711367747e-02 4.063467979431152344e-01
3.000000000000000000e+01 6.032720215974430276e-03 7.402405113408169868e+00 1.610457304801328204e+00 4.504365345593509817e-02 3.916046619415283203e-01
3.100000000000000000e+01 6.380612468506604087e-03 7.242870612967798216e+00 1.569242284530496745e+00 4.799528019192811357e-02 4.174442291259765625e-01
3.200000000000000000e+01 5.269450385836803655e-03 7.132512444078421332e+00 1.573380809045674011e+00 4.211094933631038401e-02 3.822820186614990234e-01
3.300000000000000000e+01 5.036960513951967838e-03 6.983335892031511172e+00 1.540533523487774836e+00 3.747026094218028347e-02 4.054427146911621094e-01
3.400000000000000000e+01 3.787226758149231636e-03 6.866877399114870606e+00 1.522891082951487673e+00 3.235642650271969289e-02 3.938341140747070312e-01
3.500000000000000000e+01 3.165403423277310131e-03 6.860672555656363691e+00 1.529225052003360341e+00 3.490875484657363081e-02 4.394063949584960938e-01
3.600000000000000000e+01 3.740027415203442743e-03 6.749350287556065808e+00 1.529574555942851966e+00 2.418481163214522556e-02 4.474251270294189453e-01
3.700000000000000000e+01 3.856826358878157057e-03 6.694421616921191642e+00 1.478157867749713805e+00 2.571839213320784717e-02 4.560348987579345703e-01
3.800000000000000000e+01 3.791307299081922693e-03 6.642769161341667505e+00 1.440265604594817672e+00 2.466200539225790397e-02 4.028799533843994141e-01
3.900000000000000000e+01 4.032769059406135677e-03 6.499310339457641916e+00 1.411233974868788321e+00 2.523102657343364794e-02 3.729715347290039062e-01
4.000000000000000000e+01 4.236297569024776929e-03 6.370693410169725901e+00 1.399819920280461982e+00 2.725228655201998584e-02 4.540159702301025391e-01
4.100000000000000000e+01 4.312710045264067649e-03 6.208239621536706387e+00 1.379863830024491422e+00 2.467707122512585727e-02 4.231679439544677734e-01
4.200000000000000000e+01 3.979342408098964640e-03 6.433267773082530283e+00 1.405922971864405291e+00 2.719665353114973302e-02 4.431087970733642578e-01
4.300000000000000000e+01 4.413852035116960781e-03 5.942524000211586888e+00 1.379815082698521600e+00 1.793240357933341758e-02 4.552819728851318359e-01
4.400000000000000000e+01 5.575368267561955048e-03 6.397410531406794831e+00 1.330321952091778837e+00 3.529956489856623386e-02 4.434225559234619141e-01
4.500000000000000000e+01 2.519678694004962461e-03 5.994349017544309710e+00 1.328532968527977420e+00 2.199777930344433072e-02 4.224975109100341797e-01
4.600000000000000000e+01 3.037643872628868064e-03 5.882567268186893905e+00 1.349295223538944599e+00 1.726807906399018683e-02 4.847226142883300781e-01
4.700000000000000000e+01 3.055443024536067757e-03 6.073609140809777429e+00 1.335841410538824103e+00 2.691163266122103756e-02 5.502140522003173828e-01
4.800000000000000000e+01 2.575910773118555985e-03 6.120204974804368980e+00 1.333623367335691201e+00 3.005357905307017019e-02 4.603681564331054688e-01
4.900000000000000000e+01 2.844422333273217279e-03 6.031891406577797987e+00 1.325616647316417263e+00 2.681566380153466156e-02 4.559037685394287109e-01
5.000000000000000000e+01 2.530091770584118153e-03 5.985438789752446809e+00 1.298953934110482100e+00 2.416014162573543178e-02 5.250711441040039062e-01
5.100000000000000000e+01 2.549503301060231705e-03 5.882717745459215664e+00 1.275662465718254923e+00 2.173085697600732683e-02 4.020256996154785156e-01
5.200000000000000000e+01 1.930314547081772060e-03 5.893521361264667746e+00 1.250366559670119226e+00 1.851331063242535324e-02 4.997107982635498047e-01
5.300000000000000000e+01 1.769863419017856212e-03 6.054998219694498474e+00 1.220945616031768877e+00 2.208599267303168467e-02 5.205955505371093750e-01
5.400000000000000000e+01 1.884756476331381691e-03 5.999820047638208642e+00 1.204401191548869487e+00 2.308346732498653062e-02 4.297108650207519531e-01
5.500000000000000000e+01 1.348222622424511503e-03 6.230746615077629613e+00 1.168375693064367837e+00 3.061570042668350020e-02 4.944143295288085938e-01
5.600000000000000000e+01 1.315084685576257441e-03 6.281012590841673848e+00 1.122424990073957352e+00 3.346816437500695768e-02 5.129611492156982422e-01
5.700000000000000000e+01 1.482181846209332807e-03 6.275513419492356526e+00 1.134211370498572569e+00 3.441568432623670626e-02 5.088183879852294922e-01
5.800000000000000000e+01 1.730957044122456105e-03 6.065856136883518879e+00 1.088807294006261861e+00 3.069907385561768468e-02 4.923760890960693359e-01
5.900000000000000000e+01 1.237203701909462064e-03 6.247296186255533179e+00 1.095599649002997333e+00 3.883628445168622184e-02 5.272183418273925781e-01
6.000000000000000000e+01 1.388755839877319799e-03 6.150577611760406960e+00 1.090102365246806482e+00 3.773379016443938888e-02 5.227410793304443359e-01
6.100000000000000000e+01 2.745121369910941394e-03 6.061159350439412563e+00 1.018879534522837416e+00 2.917887807997896626e-02 4.858107566833496094e-01
6.200000000000000000e+01 1.275976688422618670e-03 5.902758633231144358e+00 1.108119708198164854e+00 2.983572933463145629e-02 5.119061470031738281e-01
6.300000000000000000e+01 1.302539178564818007e-03 5.882238100956215909e+00 1.089696930349301596e+00 2.950503617327209296e-02 5.337715148925781250e-01
6.400000000000000000e+01 2.110698028834314538e-03 5.725828492523041824e+00 1.046501753806417412e+00 1.493863162305453414e-02 5.825574398040771484e-01
6.500000000000000000e+01 6.974069746938705606e-04 5.809485227936026064e+00 1.065642089061817455e+00 2.261114748444816719e-02 4.828534126281738281e-01
6.600000000000000000e+01 1.324577689574726923e-03 6.207548626673398573e+00 9.577284434776609512e-01 2.760792562438306452e-02 5.416712760925292969e-01
6.700000000000000000e+01 9.285118952145867332e-04 5.999507471185083318e+00 9.935639696085883932e-01 4.411422818537773238e-02 4.652466773986816406e-01
6.800000000000000000e+01 1.948082712277892877e-04 6.105913652448768936e+00 9.917865642298279161e-01 2.751418084219144425e-02 5.111896991729736328e-01
6.900000000000000000e+01 2.293058985798892223e-04 6.076754111235930012e+00 9.712321990060615029e-01 2.920624598398167265e-02 6.255311965942382812e-01
7.000000000000000000e+01 9.649088030257789005e-04 5.989838115436893595e+00 9.504193311786689469e-01 2.997579804332244774e-02 6.210920810699462891e-01
7.100000000000000000e+01 1.484140644716306929e-03 5.771039319740792983e+00 9.570388337939114143e-01 1.541892852021803026e-02 6.177062988281250000e-01
