2.000000000000000000e+00 5.985734117599351978e-02 2.050963304376845997e+01 2.301310214683227162e+00 1.426881140558197703e-01 3.479366302490234375e-01
3.000000000000000000e+00 4.502874935526907790e-02 1.779611673780902237e+01 2.166501598781814142e+00 1.207127187277896446e-01 2.883443832397460938e-01
4.000000000000000000e+00 4.421522606389294979e-02 1.393392544930513210e+01 2.288977973755879525e+00 6.238230201926484725e-02 3.061847686767578125e-01
5.000000000000000000e+00 4.415495698117204160e-02 1.133852090192062967e+01 2.776279721249076626e+00 5.230614783769307885e-02 3.285689353942871094e-01
6.000000000000000000e+00 2.886481222880062092e-02 1.317310167680180655e+01 2.142721129060515040e+00 7.131353456360652043e-02 3.885750770568847656e-01
7.000000000000000000e+00 2.347300586094610078e-02 1.192307267124580683e+01 2.142766715432305791e+00 7.221710895436808664e-02 2.874169349670410156e-01
8.000000000000000000e+00 2.672844152346247337e-02 1.016048685305370824e+01 2.284219136494169522e+00 4.146161426806212191e-02 3.363180160522460938e-01
9.000000000000000000e+00 2.731924539149912373e-02 1.040470832215056696e+01 2.316494744220034985e+00 3.554783399666250343e-02 3.237810134887695312e-01
1.000000000000000000e+01 2.616705822864488426e-02 8.687007702210490123e+00 2.255613528978333893e+00 1.472331000540956156e-02 3.723404407501220703e-01
1.100000000000000000e+01 2.526263544030870126e-02 7.896600602335442254e+00 2.181858597520139220e+00 9.920671310569392082e-03 3.378727436065673828e-01
1.200000000000000000e+01 1.862822701128976841e-02 8.503033356244602103e+00 2.246059362392887504e+00 3.524399648373171406e-02 3.996598720550537109e-01
1.300000000000000000e+01 1.072722118801813958e-02 7.891563651292665682e+00 2.105927809884163171e+00 5.400057819758950772e-02 3.992314338684082031e-01
1.400000000000000000e+01 1.510968051431025097e-02 8.260040198918103371e+00 2.063477288216854166e+00 5.448698400563706246e-02 4.356954097747802734e-01
1.500000000000000000e+01 2.117279780638033418e-02 7.394886746724815829e+00 2.043367561145887024e+00 1.629196425468754442e-02 3.622367382049560547e-01
1.600000000000000000e+01 1.628238861956559161e-02 7.088253715973183766e+00 2.060862303520542671e+00 2.262835826650343857e-02 3.547396659851074219e-01
1.700000000000000000e+01 1.458889223433922598e-02 6.856994797186780843e+00 1.723531248004548377e+00 3.871855367834075440e-02 3.834538459777832031e-01
1.800000000000000000e+01 1.477352048406833235e-02 7.147780511893417454e+00 1.988475812812154242e+00 3.841161795992869415e-02 3.721911907196044922e-01
1.900000000000000000e+01 1.512122368445451177e-02 5.807161997517132690e+00 1.867075728867084949e+00 4.234327890633376480e-03 3.745150566101074219e-01
2.000000000000000000e+01 1.336953616454643508e-02 5.960533277692105614e+00 1.857163949723861451e+00 1.558097694499773270e-02 4.757153987884521484e-01
2.100000000000000000e+01 9.231778086678561410e-03 6.234789667481757114e+00 1.817352299619801270e+00 1.067606067152866191e-02 3.515496253967285156e-01
2.200000000000000000e+01 1.373071734494009551e-02 6.334976740163535958e+00 1.642902918539979940e+00 3.121275119290866512e-02 4.400548934936523438e-01
2.300000000000000000e+01 1.246196459308578953e-02 5.841287741236213193e+00 1.627356308806279017e+00 2.328359431188581005e-02 4.037797451019287109e-01
2.400000000000000000e+01 1.121207407858296375e-02 6.005310183964835957e+00 1.571135995519793438e+00 2.757452828512141699e-02 4.139823913574218750e-01
2.500000000000000000e+01 1.224723230472518805e-02 5.616351206729225609e+00 1.778808818876142173e+00 9.931042586954891976e-03 4.037976264953613281e-01
2.600000000000000000e+01 1.018725734367367103e-02 6.258655581936808154e+00 1.658641409067064698e+00 3.815923127827357958e-02 4.097621440887451172e-01
2.700000000000000000e+01 9.317928568306547282e-03 5.505115404762939590e+00 1.565843932459720866e+00 2.909163906221716445e-02 4.670250415802001953e-01
2.800000000000000000e+01 1.089912323810126281e-02 5.929163684534000112e+00 1.403671809227674983e+00 3.820692272182025367e-02 3.927836418151855469e-01
2.900000000000000000e+01 8.050270500431860876e-03 6.022513915919713412e+00 1.390009144544072983e+00 4.174245791828404273e-02 4.200971126556396484e-01
3.000000000000000000e+01 8.782834732831094199e-03 5.465183781168101440e+00 1.407867289047060266e+00 2.250281745718458321e-02 5.886809825897216797e-01
3.100000000000000000e+01 7.839744890311693346e-03 5.809138631626779237e+00 1.352028667156856212e+00 4.027853286997098992e-02 4.916915893554687500e-01
3.200000000000000000e+01 8.773726976300050273e-03 5.609421106574486338e+00 1.372467607504337384e+00 5.175384969978520655e-02 5.365884304046630859e-01
3.300000000000000000e+01 7.222684335265390151e-03 5.518331559603842251e+00 1.316712777751182673e+00 3.471856421465247672e-02 4.342792034149169922e-01
3.400000000000000000e+01 7.390114851218939664e-03 5.393693911223217619e+00 1.358375810559880881e+00 2.331447624432420387e-02 3.887214660644531250e-01
3.500000000000000000e+01 7.497083794189907287e-03 5.262959569295553308e+00 1.393295221166335196e+00 2.217500234618230773e-02 3.945245742797851562e-01
3.600000000000000000e+01 7.828294361818064623e-03 5.487042547557089200e+00 1.418679054757891134e+00 3.193666167344810097e-02 5.665302276611328125e-01
3.700000000000000000e+01 4.954883695209462251e-03 4.883883843495800292e+00 1.365939454509454976e+00 -1.038808524927628280e-03 3.954117298126220703e-01
3.800000000000000000e+01 6.983615977089660358e-03 4.991482258972288477e+00 1.357541751126122076e+00 1.695856165670405966e-02 5.138802528381347656e-01
3.900000000000000000e+01 7.219314199511258322e-03 4.936971158889384981e+00 1.424797617271318151e+00 4.146057465028205047e-03 3.853781223297119141e-01
4.000000000000000000e+01 5.967116248392430496e-03 5.111908217530715781e+00 1.310417858501802701e+00 2.489645606747593540e-02 4.020214080810546875e-01
4.100000000000000000e+01 4.215539731140995755e-03 5.012582675714705616e+00 1.173623867299173007e+00 2.763199485987946971e-02 4.538240432739257812e-01
4.200000000000000000e+01 3.514169602211003433e-03 5.186123592959376083e+00 1.309639981853493840e+00 1.484167127642189131e-02 4.442555904388427734e-01
4.300000000000000000e+01 6.622793585638200344e-03 4.747000195158243230e+00 1.245622953246418696e+00 1.924041486566578987e-02 4.530153274536132812e-01
4.400000000000000000e+01 3.551711436699016289e-03 5.289728339188096484e+00 1.193552611053764645e+00 2.836233786679048102e-02 5.319001674652099609e-01
4.500000000000000000e+01 4.951534571319950173e-03 4.820223626874316381e+00 1.265654334593796282e+00 2.986755772246398044e-02 5.449621677398681641e-01
4.600000000000000000e+01 4.144931479237118875e-03 4.815475134954492198e+00 1.220098375805945157e+00 1.811439786759015680e-02 5.351645946502685547e-01
4.700000000000000000e+01 5.384253120819547378e-03 5.000847724613978862e+00 1.162201663742346680e+00 2.435366163273278844e-02 5.211448669433593750e-01
4.800000000000000000e+01 5.142717185817851332e-03 5.035982178490573169e+00 1.150191731728928524e+00 3.062675859378839391e-02 5.366306304931640625e-01
4.900000000000000000e+01 5.425935434761228540e-03 4.920677137371733068e+00 1.142868479136121662e+00 2.791240969458731735e-02 5.370535850524902344e-01
5.000000000000000000e+01 5.473818733002062779e-03 4.810122664606755194e+00 1.135677064324525753e+00 2.394357237543824971e-02 5.962519645690917969e-01
5.100000000000000000e+01 5.451009055492772419e-03 4.880600890967353500e+00 1.119234299820137002e+00 2.475085178827319404e-02 5.580089092254638672e-01
5.200000000000000000e+01 5.202107001561591219e-03 4.855105600544560751e+00 1.090424182864916158e+00 2.330800400961407018e-02 6.627459526062011719e-01
5.300000000000000000e+01 5.248558988837559100e-03 4.788451876291292209e+00 1.057450877051708149e+00 2.241078740802760275e-02 6.461179256439208984e-01
5.400000000000000000e+01 4.980105847561734633e-03 4.870136395835080734e+00 1.059102641758963070e+00 2.277131887977009925e-02 6.870453357696533203e-01
5.500000000000000000e+01 3.698010690764450686e-03 4.792055682724904564e+00 1.051583009350656184e+00 2.478783901087761726e-03 5.570850372314453125e-01
5.600000000000000000e+01 2.080706514809118821e-03 4.636440645394364957e+00 1.028187068734228271e+00 9.496769187013641075e-03 5.661482810974121094e-01
5.700000000000000000e+01 1.966734562788776883e-03 4.875268556417186261e+00 1.022678129872305108e+00 8.392585934550580301e-03 6.960446834564208984e-01
5.800000000000000000e+01 2.817596956695139678e-03 4.741716659753048901e+00 9.991776871426567563e-01 -4.519841684918993185e-03 6.459825038909912109e-01
5.900000000000000000e+01 1.608200400461171119e-03 5.192333313987876231e+00 9.493540815618060069e-01 1.791454261693417593e-02 6.234850883483886719e-01
6.000000000000000000e+01 1.768897515702888557e-03 4.912181836340537622e+00 9.627207859941847579e-01 2.010242618327315670e-02 7.148332595825195312e-01
