2.000000000000000000e+00 7.675303219977847036e-02 1.120502674241399063e+03 1.409853715918724326e+00 3.061342258768048330e-01 4.325442552566528320e+00
3.000000000000000000e+00 6.455223470782139872e-02 1.535917152743997804e+03 1.055193922310983634e+00 4.068325264555026632e-01 5.242837190628051758e+00
4.000000000000000000e+00 5.896412604231678761e-02 1.117646611681670720e+03 1.347003131897034356e+00 3.419372060527541279e-01 7.965124845504760742e+00
5.000000000000000000e+00 5.265878542580246235e-02 1.199405792440383266e+03 1.265560430852500362e+00 3.719704899327335168e-01 6.131711721420288086e+00
6.000000000000000000e+00 4.622534173149704662e-02 1.130918006086434389e+03 1.395360853470859253e+00 3.078174503149485042e-01 7.260685443878173828e+00
7.000000000000000000e+00 4.184133342638708675e-02 1.030194357199558681e+03 1.491146511718193235e+00 2.889187437455031371e-01 5.901001930236816406e+00
8.000000000000000000e+00 3.842929881386197843e-02 9.493671621644466541e+02 1.598530045681796130e+00 2.784032181308286336e-01 6.700254917144775391e+00
9.000000000000000000e+00 3.666004962044543125e-02 8.652414153019913101e+02 1.763550095821086794e+00 2.115862646090585497e-01 7.286410570144653320e+00
1.000000000000000000e+01 3.537618099921667481e-02 7.752390239648918850e+02 2.463348361949625254e+00 1.838347447686579372e-01 6.224874496459960938e+00
1.100000000000000000e+01 3.351398666590517383e-02 7.188184064643221518e+02 2.475301742216311496e+00 1.849961000598417116e-01 6.979558706283569336e+00
1.200000000000000000e+01 3.102008944678907865e-02 6.673810743492150550e+02 2.589455614951271745e+00 1.610774082122592710e-01 8.077386140823364258e+00
1.300000000000000000e+01 2.936128542390846821e-02 6.158077057043169589e+02 2.866245675640837209e+00 1.352589357944775361e-01 7.352456092834472656e+00
1.400000000000000000e+01 2.945225240902897557e-02 5.705860618048433253e+02 3.135594832124780407e+00 1.081994433100148673e-01 9.634380817413330078e+00
1.500000000000000000e+01 2.913869227258311309e-02 5.369471338152583257e+02 2.965729453254659642e+00 1.155825631838161421e-01 9.982362031936645508e+00
1.600000000000000000e+01 2.684400002387692108e-02 5.051951688809598977e+02 3.043832116106655938e+00 1.210593407397587418e-01 1.196304655075073242e+01
1.700000000000000000e+01 2.627157609465885155e-02 4.805015336872699550e+02 3.090523074518438662e+00 8.604461025626877757e-02 1.040165972709655762e+01
1.800000000000000000e+01 2.473545465945135163e-02 4.510896245592211358e+02 2.906322843367560083e+00 1.361703090228722490e-01 9.305287599563598633e+00
1.900000000000000000e+01 2.362841739497030177e-02 4.328996339497788313e+02 2.935126159013271785e+00 1.246868947624078794e-01 1.303304791450500488e+01
2.000000000000000000e+01 2.316542788302071790e-02 4.121503367813874092e+02 3.188457271435858775e+00 1.188761802677288648e-01 1.233033990859985352e+01
2.100000000000000000e+01 2.304987816266903730e-02 3.957787679218826611e+02 3.508774560863966663e+00 7.384209647773500029e-02 1.011311841011047363e+01
2.200000000000000000e+01 2.315633947216389973e-02 3.842200460683309871e+02 3.246893384602665744e+00 7.775279901357234902e-02 1.271633195877075195e+01
2.300000000000000000e+01 2.269274450342454244e-02 3.605367971103578952e+02 3.550163958768597361e+00 5.145484027293063811e-02 1.371990513801574707e+01
2.400000000000000000e+01 2.235463017808826322e-02 3.482294121813782226e+02 3.559971747224437433e+00 5.310555117983631335e-02 1.208927702903747559e+01
2.500000000000000000e+01 2.099804482338684525e-02 3.385256149209840260e+02 3.170723266038155685e+00 5.277107467493524773e-02 1.220319175720214844e+01
2.600000000000000000e+01 2.080173198547468488e-02 3.292078252277156594e+02 3.299922560753185241e+00 6.095684937669017950e-02 1.430453348159790039e+01
2.700000000000000000e+01 1.988801139562492923e-02 3.143696246764974944e+02 3.371125035369308076e+00 5.132866063106140270e-02 1.230812716484069824e+01
2.800000000000000000e+01 1.967130585794303610e-02 3.104827506005454438e+02 3.197183602472024599e+00 5.943912208682414905e-02 1.245687699317932129e+01
2.900000000000000000e+01 1.956906269522739120e-02 2.980935261850929123e+02 3.443736108145910357e+00 5.161137756814643263e-02 1.254763031005859375e+01
3.000000000000000000e+01 1.811317128695046422e-02 2.894603955776216253e+02 3.399045879403643333e+00 5.686006786956190190e-02 1.068205904960632324e+01
3.100000000000000000e+01 1.838169861914531328e-02 2.805534050614385819e+02 3.384465748191838763e+00 5.484746647999564489e-02 1.203273344039916992e+01
3.200000000000000000e+01 1.822764931148972839e-02 2.750083133435472860e+02 3.141807647531623449e+00 4.884341972559212708e-02 1.192618036270141602e+01
3.300000000000000000e+01 1.727734277573135524e-02 2.673114586532610701e+02 3.274018064880405365e+00 5.696758305125759758e-02 1.209032106399536133e+01
3.400000000000000000e+01 1.699793982010508117e-02 2.565287140029137163e+02 3.331225165254544152e+00 5.042420428617098993e-02 1.017079949378967285e+01
3.500000000000000000e+01 1.693763688553563684e-02 2.509081739844127412e+02 3.340859622130806894e+00 4.731632824286188116e-02 1.415793108940124512e+01
3.600000000000000000e+01 1.675451821050908882e-02 2.440841042779530028e+02 3.374463133484585597e+00 4.637434629078057702e-02 1.351198196411132812e+01
3.700000000000000000e+01 1.692627158425862033e-02 2.402432410624163310e+02 3.199297622151848763e+00 4.698196753368306250e-02 1.682253193855285645e+01
3.800000000000000000e+01 1.637283947463291298e-02 2.332632410674935386e+02 3.387118365385814567e+00 4.453245603421932680e-02 1.227434730529785156e+01
3.900000000000000000e+01 1.613453218620912802e-02 2.277455901310954403e+02 3.362693078384585643e+00 4.411176033392679580e-02 1.314268207550048828e+01
4.000000000000000000e+01 1.597283489150718924e-02 2.258811428548540903e+02 3.207125378127943183e+00 4.638259699237255035e-02 1.507925724983215332e+01
4.100000000000000000e+01 1.533585769367329030e-02 2.207078775680651574e+02 3.291609461178156781e+00 4.923560035892956405e-02 1.329472970962524414e+01
4.200000000000000000e+01 1.520453198399347727e-02 2.193793282194298229e+02 3.207476899191585407e+00 5.384143737481949382e-02 1.465100979804992676e+01
4.300000000000000000e+01 1.553714574106815349e-02 2.122980612298284200e+02 3.180844195951436859e+00 4.753894870485964735e-02 1.516598153114318848e+01
4.400000000000000000e+01 1.479518885649905302e-02 2.081731173817791785e+02 3.170133601758735598e+00 5.026716919671680300e-02 1.385745620727539062e+01
4.500000000000000000e+01 1.495292220944913035e-02 2.029582025972439112e+02 3.127209424205531274e+00 4.747091926044453430e-02 1.636706066131591797e+01
4.600000000000000000e+01 1.514425017166147816e-02 1.993710086180535370e+02 3.162293671172859533e+00 4.061410333437580344e-02 1.562770819664001465e+01
4.700000000000000000e+01 1.405210049869647093e-02 2.016716353146485119e+02 3.038629341457079303e+00 5.644636968939553689e-02 1.397809505462646484e+01
4.800000000000000000e+01 1.468833311693901536e-02 1.947633772254976634e+02 3.045930508114123469e+00 5.105742971670724356e-02 1.581895828247070312e+01
4.900000000000000000e+01 1.417539021461661393e-02 1.913320479688315743e+02 3.064539948350178289e+00 4.190715999503930728e-02 1.577466893196105957e+01
5.000000000000000000e+01 1.402468975987303766e-02 1.872414266688955706e+02 3.095887518746703204e+00 4.412257658964225532e-02 1.557219123840332031e+01
5.100000000000000000e+01 1.365008544702098377e-02 1.865061967307380257e+02 3.028260600793413637e+00 5.629069368736582674e-02 1.336255478858947754e+01
5.200000000000000000e+01 1.368943202310584327e-02 1.805589176234938691e+02 3.140959432976723864e+00 4.508598977681437664e-02 1.629234814643859863e+01
5.300000000000000000e+01 1.320075954463373509e-02 1.782162281448997589e+02 2.972931303513622225e+00 5.103860839107613595e-02 1.667050838470458984e+01
5.400000000000000000e+01 1.342322036959702446e-02 1.759236934824340608e+02 2.975122382284326239e+00 5.123574697475106327e-02 1.476473665237426758e+01
5.500000000000000000e+01 1.359064232199113861e-02 1.735093969783056309e+02 3.036363058270830528e+00 4.658606689278760316e-02 1.655453991889953613e+01
5.600000000000000000e+01 1.327200828018183440e-02 1.686189536572498184e+02 3.144457414595237310e+00 4.201927251909362560e-02 1.774960422515869141e+01
5.700000000000000000e+01 1.286795519465207434e-02 1.720009007460930945e+02 2.906339916968164960e+00 6.073208185149134297e-02 1.534233403205871582e+01
5.800000000000000000e+01 1.299269496824658268e-02 1.653719308118905928e+02 3.040175546871482837e+00 4.653870553416593336e-02 1.864974856376647949e+01
5.900000000000000000e+01 1.273613335567865858e-02 1.651960244269104692e+02 2.938095395366348228e+00 5.280547874409702996e-02 1.906827902793884277e+01
6.000000000000000000e+01 1.244832727997358460e-02 1.630419409899859886e+02 3.000385966952143324e+00 5.603585785940157216e-02 1.830891418457031250e+01
6.100000000000000000e+01 1.250761726864911029e-02 1.584311172798344955e+02 3.052182105558140179e+00 4.682906594552477958e-02 1.858279347419738770e+01
6.200000000000000000e+01 1.207466187154264750e-02 1.601328856739817752e+02 2.940050789973685408e+00 5.076039179675224944e-02 1.934617137908935547e+01
6.300000000000000000e+01 1.199904452344187529e-02 1.575962646458152960e+02 2.899341879318315662e+00 5.364829996982300314e-02 1.789676356315612793e+01
6.400000000000000000e+01 1.196337445525537738e-02 1.563445238362964744e+02 2.784915285164609955e+00 5.498123284182601656e-02 1.925154685974121094e+01
6.500000000000000000e+01 1.161073993416490355e-02 1.544836209883809204e+02 2.811598804181613787e+00 6.034151853526042997e-02 1.649244475364685059e+01
6.600000000000000000e+01 1.178044631037422629e-02 1.513409624113508016e+02 2.866852891546520787e+00 5.716679282956251690e-02 1.979783868789672852e+01
6.700000000000000000e+01 1.177093109247261127e-02 1.484512352727771258e+02 2.851520939508604080e+00 5.162547174282479390e-02 1.785209894180297852e+01
6.800000000000000000e+01 1.163334709052206949e-02 1.468467322226829310e+02 2.838296966467714899e+00 5.321381251718352440e-02 1.916072463989257812e+01
6.900000000000000000e+01 1.145495674964086032e-02 1.492395409271845779e+02 2.789747853920372389e+00 6.075665025031513899e-02 1.774489378929138184e+01
7.000000000000000000e+01 1.140447690721893906e-02 1.443925595322161541e+02 2.815385592355716060e+00 5.141937065558206676e-02 1.935686588287353516e+01
7.100000000000000000e+01 1.135367560356671454e-02 1.445639470734549548e+02 2.884547746743978625e+00 5.520005325828546833e-02 1.792521905899047852e+01
7.200000000000000000e+01 1.141097416866086560e-02 1.420988199237840490e+02 2.810031223207435147e+00 5.659254556225427196e-02 1.856291675567626953e+01
7.300000000000000000e+01 1.096493108290653128e-02 1.412765129708144514e+02 2.848828956493028919e+00 5.809374802008321348e-02 1.735559797286987305e+01
7.400000000000000000e+01 1.056579324390094846e-02 1.370701657735772585e+02 2.867906396692069926e+00 5.630275924096483919e-02 1.789718842506408691e+01
7.500000000000000000e+01 1.077922244269359335e-02 1.363323094817186245e+02 2.778024602598277770e+00 5.975768621632974315e-02 2.136834478378295898e+01
7.600000000000000000e+01 1.079450499753026836e-02 1.380608599486749313e+02 2.660321334447707020e+00 6.518659273469327997e-02 2.085850954055786133e+01
7.700000000000000000e+01 1.091389221805255140e-02 1.322345823014512121e+02 2.811759175045771997e+00 5.318191865209945940e-02 1.841662836074829102e+01
7.800000000000000000e+01 1.052198352616370847e-02 1.363693816507631595e+02 2.706959844427379913e+00 6.806420103157494184e-02 2.159362888336181641e+01
7.900000000000000000e+01 1.046908218460462607e-02 1.313210366861061118e+02 2.775399337869783878e+00 5.884882495862037155e-02 2.155228471755981445e+01
8.000000000000000000e+01 1.039539412417137335e-02 1.307211650205967999e+02 2.736585413370579367e+00 5.857320791235594293e-02 1.987033891677856445e+01
8.100000000000000000e+01 1.002486972804658878e-02 1.306669747123251000e+02 2.704017486229167933e+00 6.274633924207236035e-02 2.088655710220336914e+01
8.200000000000000000e+01 1.020388871037682457e-02 1.302722783244998936e+02 2.702854407355121946e+00 6.111240869175622176e-02 1.793368744850158691e+01
8.300000000000000000e+01 9.905908624241606050e-03 1.269495606247420199e+02 2.724845507811647138e+00 6.012401827088462852e-02 1.973336243629455566e+01
8.400000000000000000e+01 9.978153424630330920e-03 1.252767821362479168e+02 2.778827815314560912e+00 5.561445464975624253e-02 2.159122347831726074e+01
8.500000000000000000e+01 1.021547923045184637e-02 1.265088587187821503e+02 2.663001857737367306e+00 6.372611394549913821e-02 1.797613763809204102e+01
8.600000000000000000e+01 1.002999999980718794e-02 1.245587182880394010e+02 2.710629528711741898e+00 6.504730233777065995e-02 1.975605988502502441e+01
8.700000000000000000e+01 9.480449538379211172e-03 1.242452069078817800e+02 2.588478655473464229e+00 6.554771988886459733e-02 2.203656435012817383e+01
8.800000000000000000e+01 9.706006085937413097e-03 1.234379644840391563e+02 2.676739243705273719e+00 6.317074234687811152e-02 2.146757268905639648e+01
8.900000000000000000e+01 9.722254325203540798e-03 1.223933223244702049e+02 2.648913913884856974e+00 6.544417742902924884e-02 2.288809156417846680e+01
9.000000000000000000e+01 9.773436351402752312e-03 1.196378060928630447e+02 2.720370554927419082e+00 5.793073075030769070e-02 2.287576222419738770e+01
9.100000000000000000e+01 9.439230004970218524e-03 1.199353436951719374e+02 2.643391007006181237e+00 6.658789631841802170e-02 2.031897449493408203e+01
9.200000000000000000e+01 9.666457429390064998e-03 1.176247868430210559e+02 2.630606110991472235e+00 5.872296023970321327e-02 2.319393825531005859e+01
9.300000000000000000e+01 9.471747522105300812e-03 1.171895517699444724e+02 2.655011595165346794e+00 6.079114451216613424e-02 2.289213323593139648e+01
9.400000000000000000e+01 9.469474064009537548e-03 1.171319239996282704e+02 2.686202623047725613e+00 6.746236108452587088e-02 2.113201379776000977e+01
9.500000000000000000e+01 9.260180715783071503e-03 1.142048384729914545e+02 2.689701749052827218e+00 5.987351899392490823e-02 2.326491475105285645e+01
9.600000000000000000e+01 9.232585043949746370e-03 1.152136169004525925e+02 2.643442439918077813e+00 6.305559619324664633e-02 2.013837718963623047e+01
9.700000000000000000e+01 9.078923805555748003e-03 1.136982325814106787e+02 2.633871536767927068e+00 6.454158273209162355e-02 2.070788240432739258e+01
9.800000000000000000e+01 9.137581227217250746e-03 1.117429198390809546e+02 2.655292369007476783e+00 6.002288947915354611e-02 2.012215065956115723e+01
9.900000000000000000e+01 9.019043956797456393e-03 1.121575951553497248e+02 2.552266224632560032e+00 6.696770029957957449e-02 2.173194813728332520e+01
