2.000000000000000000e+00 2.587412961252205101e-01 2.074308809650193268e+02 6.788281086156708888e-01 5.563824951289542131e-01 1.989781856536865234e-01
3.000000000000000000e+00 2.016606505760067392e-01 1.424082500657657135e+02 8.699913919378823302e-01 4.172731189648814509e-01 2.187709808349609375e-01
4.000000000000000000e+00 1.685275625844160630e-01 1.230525438052974891e+02 1.176147501150955232e+00 2.731441622808546410e-01 3.128776550292968750e-01
5.000000000000000000e+00 1.455393479845304150e-01 1.007286892890991226e+02 1.349837674554979605e+00 2.542043755496772861e-01 3.338434696197509766e-01
6.000000000000000000e+00 1.295249997227284344e-01 8.967657418747020870e+01 1.385190599157041014e+00 2.460389157982245112e-01 3.086276054382324219e-01
7.000000000000000000e+00 1.165214463090457619e-01 8.103230463246190141e+01 1.400876126692475632e+00 1.960539957062853722e-01 3.055589199066162109e-01
8.000000000000000000e+00 1.061561458032089511e-01 7.628874918286888374e+01 1.235612384027115596e+00 2.370030359548033760e-01 2.558207511901855469e-01
9.000000000000000000e+00 9.768016838977207350e-02 7.229199735642090729e+01 1.141468743828812693e+00 2.394887627938303565e-01 3.023734092712402344e-01
1.000000000000000000e+01 9.027318164276487700e-02 6.791126930182419130e+01 1.197095968029702195e+00 2.450599092423912384e-01 3.000144958496093750e-01
1.100000000000000000e+01 8.382888504255643636e-02 7.084263718759284245e+01 1.145475863152789930e+00 2.450782643221675328e-01 2.803201675415039062e-01
1.200000000000000000e+01 7.824871018912436804e-02 6.893851704120889679e+01 1.119106649603444970e+00 2.576286537777149888e-01 2.737150192260742188e-01
1.300000000000000000e+01 7.317288915178794817e-02 6.627486350035901808e+01 1.269145539677542622e+00 2.260212441766376590e-01 2.586128711700439453e-01
1.400000000000000000e+01 6.900208359238166334e-02 6.830509652746351890e+01 1.152333422677946029e+00 2.346607219557784452e-01 4.020383358001708984e-01
1.500000000000000000e+01 6.490385700046015505e-02 6.913393919332436610e+01 1.167221901069428913e+00 2.465611752603938389e-01 2.854430675506591797e-01
1.600000000000000000e+01 6.122409861735436665e-02 6.754553212566700893e+01 1.172407964406786851e+00 2.399210466176552314e-01 2.462966442108154297e-01
1.700000000000000000e+01 5.789906658224338448e-02 7.073734320462234848e+01 1.098716563661009005e+00 2.473685992624914398e-01 2.979247570037841797e-01
1.800000000000000000e+01 5.472021934346698452e-02 6.890344150868362760e+01 1.114560861322739127e+00 2.304870272317086355e-01 3.340897560119628906e-01
1.900000000000000000e+01 5.212064505791499242e-02 6.619315342527087864e+01 1.247484448936416079e+00 1.965254088897139539e-01 3.138170242309570312e-01
2.000000000000000000e+01 4.995925898720720432e-02 7.491628780799825904e+01 9.627013388963087115e-01 2.686587688856123535e-01 2.671623229980468750e-01
2.100000000000000000e+01 4.722036170159232132e-02 6.293801006348432026e+01 1.208664096815315503e+00 1.878409671355411037e-01 3.153591156005859375e-01
2.200000000000000000e+01 4.519718424619732777e-02 6.529138871656884646e+01 1.259856203615370207e+00 1.873301962196457782e-01 3.239488601684570312e-01
2.300000000000000000e+01 4.318748673946834482e-02 5.934886901177507212e+01 1.196460294053707907e+00 1.986846393490233065e-01 3.221483230590820312e-01
2.400000000000000000e+01 4.159893252364819244e-02 6.211412031903429209e+01 1.234685530994473313e+00 1.650082934460983253e-01 3.265545368194580078e-01
2.500000000000000000e+01 3.942593098754696573e-02 6.778247796655811896e+01 1.039541463665237808e+00 2.468727027479497849e-01 3.560249805450439453e-01
2.600000000000000000e+01 3.802239187475161403e-02 6.207079723632864443e+01 1.175565296664570436e+00 1.823922097479355187e-01 3.733766078948974609e-01
2.700000000000000000e+01 3.662183891003043673e-02 6.473315839712991249e+01 1.078660524521241504e+00 2.024260015743482299e-01 3.991684913635253906e-01
2.800000000000000000e+01 3.491023903655718352e-02 6.180265455186301438e+01 1.137885767813890947e+00 1.779275517919079175e-01 3.029704093933105469e-01
2.900000000000000000e+01 3.346022696073636116e-02 5.867617482523355932e+01 1.215765592750346347e+00 1.545423770022385235e-01 3.512234687805175781e-01
3.000000000000000000e+01 3.229094077126246076e-02 5.805726991658762159e+01 1.168971621352818069e+00 1.933669416605049707e-01 4.366226196289062500e-01
3.100000000000000000e+01 3.070965958320465497e-02 6.472300305025991918e+01 1.033146417432681430e+00 2.027064167816585438e-01 3.687763214111328125e-01
3.200000000000000000e+01 2.962437752557748119e-02 5.825209778489532653e+01 1.232525500268379925e+00 1.603871987327099846e-01 4.169282913208007812e-01
3.300000000000000000e+01 2.850525298499913956e-02 5.761320590887537918e+01 1.236003908650815664e+00 1.587460592619071853e-01 4.525318145751953125e-01
3.400000000000000000e+01 2.774315164348111970e-02 5.745409109852734275e+01 1.202652339966932660e+00 1.586946236049971704e-01 3.603014945983886719e-01
3.500000000000000000e+01 2.647562781889068947e-02 5.744547780414072236e+01 1.211041903077960447e+00 1.794276335301152048e-01 3.469438552856445312e-01
3.600000000000000000e+01 2.528136021051324497e-02 5.944587557875301798e+01 1.141926506350904980e+00 1.726617433238845367e-01 3.745632171630859375e-01
3.700000000000000000e+01 2.447097534065972163e-02 6.065962336627469398e+01 1.037393896094183088e+00 1.890601639311780269e-01 3.443756103515625000e-01
3.800000000000000000e+01 2.354462752549608615e-02 5.899489172593517594e+01 1.279766473686829942e+00 1.409079060591634514e-01 3.519794940948486328e-01
3.900000000000000000e+01 2.253318172172512346e-02 5.615548706861769546e+01 1.186397123307704859e+00 1.746687733549528443e-01 3.808281421661376953e-01
4.000000000000000000e+01 2.174999952625715147e-02 6.295892496624457380e+01 1.073568909118632231e+00 1.713889438133350540e-01 3.768925666809082031e-01
4.100000000000000000e+01 2.083469889026856592e-02 5.341305542300538889e+01 1.115235755731290190e+00 1.584780415851432533e-01 3.886044025421142578e-01
4.200000000000000000e+01 2.003772428407027059e-02 5.800629679237291469e+01 1.097105401550160009e+00 1.752981295010438700e-01 4.314191341400146484e-01
4.300000000000000000e+01 1.928690988725471553e-02 5.034489406269287315e+01 1.176597318690540517e+00 1.216632313852225172e-01 4.179887771606445312e-01
4.400000000000000000e+01 1.855700017977583022e-02 5.978485445084800176e+01 1.095183816007649025e+00 1.474278794329809683e-01 3.861527442932128906e-01
4.500000000000000000e+01 1.784637234272003214e-02 5.663351077752757590e+01 9.882119398304796132e-01 1.591936927672500113e-01 3.729429244995117188e-01
4.600000000000000000e+01 1.713923020196974484e-02 5.789253501738442509e+01 1.022357563929563007e+00 1.767176638636911157e-01 3.872425556182861328e-01
4.700000000000000000e+01 1.648823202520493039e-02 5.588607406960209545e+01 9.724660546771887182e-01 1.613667013210870194e-01 3.761622905731201172e-01
4.800000000000000000e+01 1.581976384908736002e-02 5.470307826177870680e+01 9.605125878972002873e-01 1.571582449252142411e-01 4.007446765899658203e-01
4.900000000000000000e+01 1.518908214779211320e-02 5.371143770438854403e+01 9.601747680235328541e-01 1.553314946088073245e-01 4.538431167602539062e-01
5.000000000000000000e+01 1.454246726585179186e-02 5.324692276232765664e+01 9.381197734338971861e-01 1.493791081938055099e-01 3.761656284332275391e-01
5.100000000000000000e+01 1.394368778461532732e-02 5.463448510529886448e+01 9.363949294627144093e-01 1.446873955385220012e-01 3.934671878814697266e-01
5.200000000000000000e+01 1.335679997646306225e-02 5.348459802989619760e+01 9.267858980255069268e-01 1.409545307354720667e-01 3.940317630767822266e-01
5.300000000000000000e+01 1.287350935248279642e-02 6.031157537121874412e+01 8.967699739769111611e-01 1.712339001117593740e-01 4.833235740661621094e-01
5.400000000000000000e+01 1.222862280143428675e-02 5.245309858626898603e+01 8.810671737613001708e-01 1.405144807777604088e-01 4.676485061645507812e-01
5.500000000000000000e+01 1.169471420565681465e-02 5.614113087595631413e+01 9.347657297015290467e-01 1.387931392422020738e-01 5.027589797973632812e-01
5.600000000000000000e+01 1.121147644307728293e-02 5.634027057813111838e+01 9.833912581506113471e-01 1.463323937658693730e-01 3.788592815399169922e-01
5.700000000000000000e+01 1.066585936018965390e-02 5.455737955748604406e+01 9.516874650178468453e-01 1.195948988585227440e-01 4.812231063842773438e-01
5.800000000000000000e+01 1.019227932344474521e-02 5.696675590941689649e+01 9.047838835858379447e-01 1.396306557970617701e-01 4.295296669006347656e-01
5.900000000000000000e+01 9.790507488424575466e-03 5.715605535283852134e+01 8.763167007796710539e-01 1.429372517805828635e-01 4.059591293334960938e-01
