2.000000000000000000e+00 1.117954375661797672e-01 1.112539316527599453e+02 2.919024402542982344e+00 1.146686632372796721e-01 1.519710063934326172e+00
3.000000000000000000e+00 9.200933432354720110e-02 1.510752188248352468e+02 2.307696213840592758e+00 1.224940303523212037e-01 1.850212574005126953e+00
4.000000000000000000e+00 8.763274543792660964e-02 1.135442974238746672e+02 2.736134968953828128e+00 6.460132246702990355e-02 3.032961130142211914e+00
5.000000000000000000e+00 8.148003920485864804e-02 1.092670717043267388e+02 2.670970449378021527e+00 7.999857370707755266e-02 2.587931156158447266e+00
6.000000000000000000e+00 6.324170963301584125e-02 1.252611133936995884e+02 2.298601174855523954e+00 9.939618785042908522e-02 2.904812812805175781e+00
7.000000000000000000e+00 6.011847632189246809e-02 1.130800336455099000e+02 2.334129726266267024e+00 9.941788202553156206e-02 2.224853277206420898e+00
8.000000000000000000e+00 5.285737787365410445e-02 1.145100499591483754e+02 2.065522378248009439e+00 1.102514796766778521e-01 2.936297893524169922e+00
9.000000000000000000e+00 5.236815758068370102e-02 1.127828271109808753e+02 2.004413228957591109e+00 1.162045731526370751e-01 3.123691320419311523e+00
1.000000000000000000e+01 4.831629038783234742e-02 1.154532525760319714e+02 1.986907235450204423e+00 1.173395073258468035e-01 3.066222429275512695e+00
1.100000000000000000e+01 4.724425817735602301e-02 1.117049913535158936e+02 1.918193435028674676e+00 1.206369982665418117e-01 2.976116180419921875e+00
1.200000000000000000e+01 4.652985362988734663e-02 1.008656156484104542e+02 2.443397880478896944e+00 1.040342946936862745e-01 3.431536912918090820e+00
1.300000000000000000e+01 4.332796848423947633e-02 9.768643032673354298e+01 2.190381674854285698e+00 1.100854258447241246e-01 3.729551553726196289e+00
1.400000000000000000e+01 4.181160205225660509e-02 9.770603813199674903e+01 2.191786321122410008e+00 1.153628166475436506e-01 2.928971290588378906e+00
1.500000000000000000e+01 4.515375023648814795e-02 9.123505844816541810e+01 2.222645566217746893e+00 1.068756025867844683e-01 2.989525794982910156e+00
1.600000000000000000e+01 4.017388558473326821e-02 9.922881242463725471e+01 1.872977065275879038e+00 1.416458068839116513e-01 3.151401281356811523e+00
1.700000000000000000e+01 3.845111271329759717e-02 9.198092957185436092e+01 2.043516228569252746e+00 1.249543089779397570e-01 3.612399578094482422e+00
1.800000000000000000e+01 3.677744256125137223e-02 8.880883622104728659e+01 2.043387953586985439e+00 1.271452132739064600e-01 3.064575195312500000e+00
1.900000000000000000e+01 4.090256427024873548e-02 8.124434930625824336e+01 2.131551907140991187e+00 1.070072494191187107e-01 3.697685003280639648e+00
2.000000000000000000e+01 3.886308856898291336e-02 8.577593251887624604e+01 2.121837374114890373e+00 1.239567015410862755e-01 2.580671548843383789e+00
2.100000000000000000e+01 3.736439512561608167e-02 9.326681025462288233e+01 1.901638636252928727e+00 1.451148632570513353e-01 2.548592090606689453e+00
2.200000000000000000e+01 3.715006949873042585e-02 8.813538921620951783e+01 2.018491792562124409e+00 1.338981998836409615e-01 2.482350111007690430e+00
2.300000000000000000e+01 3.643606788636257615e-02 8.504143764276464879e+01 2.097308463136769774e+00 1.257625540016278631e-01 3.428156137466430664e+00
2.400000000000000000e+01 3.472467542950552488e-02 8.337879743841889990e+01 2.108868329308629441e+00 1.268220244097318650e-01 2.575434446334838867e+00
2.500000000000000000e+01 3.368124992802563195e-02 7.673445847113593743e+01 2.014704497350116252e+00 1.140172421267305752e-01 2.397949934005737305e+00
2.600000000000000000e+01 2.940165445723108908e-02 8.172646150106197638e+01 1.979287900077622231e+00 1.268175767268684417e-01 2.426468372344970703e+00
2.700000000000000000e+01 3.164317433054750217e-02 8.139366076701686836e+01 1.831957677988949262e+00 1.391691534479467252e-01 2.783427476882934570e+00
2.800000000000000000e+01 3.100404582869567549e-02 7.590399355151315319e+01 1.994545706208476377e+00 1.301773891878505729e-01 3.566936969757080078e+00
2.900000000000000000e+01 3.330975582076800556e-02 7.208220608105071392e+01 2.047026638802043497e+00 1.379507337197707628e-01 2.950588703155517578e+00
3.000000000000000000e+01 2.935648857360385541e-02 7.524224332808013571e+01 1.915842239505013200e+00 1.325264591025863137e-01 2.337363958358764648e+00
3.100000000000000000e+01 3.113500882104294071e-02 7.257217028896737077e+01 2.190140674662481413e+00 1.274099507356101224e-01 2.762939691543579102e+00
3.200000000000000000e+01 2.907857790814772844e-02 7.325698942023340976e+01 1.902928060300907331e+00 1.341232775670262167e-01 2.999811649322509766e+00
3.300000000000000000e+01 2.993361315772300954e-02 7.308545790182331814e+01 1.921329595688158420e+00 1.418124595183863079e-01 2.609862565994262695e+00
3.400000000000000000e+01 2.934378462446929695e-02 7.165851294127114102e+01 1.885758378403239455e+00 1.442847048650773290e-01 3.538607120513916016e+00
3.500000000000000000e+01 2.851930316583831115e-02 7.034881714087529758e+01 1.846279245686941684e+00 1.370426291344587488e-01 2.364488601684570312e+00
3.600000000000000000e+01 2.743145674001672835e-02 6.971937115685865649e+01 1.914476853820873181e+00 1.476314379128728094e-01 2.724051237106323242e+00
3.700000000000000000e+01 2.487270640995789192e-02 7.267741731385137882e+01 1.815010862468515951e+00 1.348450216361667120e-01 2.486022233963012695e+00
3.800000000000000000e+01 2.733416800890782483e-02 6.876892992221220879e+01 1.940288001283732910e+00 1.391241190037391939e-01 2.788460254669189453e+00
3.900000000000000000e+01 2.462681290382839547e-02 7.020037193011054910e+01 1.942939519404153437e+00 1.392514180700894222e-01 2.517663955688476562e+00
4.000000000000000000e+01 2.664009500068596423e-02 6.752651758300109464e+01 1.896516424094430775e+00 1.360600013802434616e-01 3.066062450408935547e+00
4.100000000000000000e+01 2.538856395560422363e-02 6.724900265099105923e+01 1.896821487682065488e+00 1.435431282503349948e-01 2.551948308944702148e+00
4.200000000000000000e+01 2.576595905582148086e-02 6.611435784881376776e+01 1.848300324852588217e+00 1.337055204261729247e-01 3.307605266571044922e+00
4.300000000000000000e+01 2.459573123155502777e-02 6.335860662699423784e+01 1.967357798071794006e+00 1.310048622207765356e-01 2.649127244949340820e+00
4.400000000000000000e+01 2.649881306566407094e-02 6.324094630634711933e+01 1.908846786324320366e+00 1.332995420566606137e-01 2.426762342453002930e+00
4.500000000000000000e+01 2.383219164730096540e-02 6.390971452173279488e+01 1.807290810633890077e+00 1.306395508648222625e-01 2.585380792617797852e+00
4.600000000000000000e+01 2.267780140284452600e-02 6.386488082903132124e+01 1.947977965761209962e+00 1.325909246422276866e-01 2.595674276351928711e+00
4.700000000000000000e+01 2.169891621145194488e-02 6.135596944912409612e+01 1.960994889764948956e+00 1.263864571320197638e-01 2.187902927398681641e+00
4.800000000000000000e+01 2.026424037465208647e-02 6.354585911064929604e+01 1.941583977893264645e+00 1.342567835045926639e-01 2.414210557937622070e+00
4.900000000000000000e+01 2.115702562276476628e-02 6.025034024461272963e+01 1.914310229918592787e+00 1.267582244302794814e-01 2.705627202987670898e+00
5.000000000000000000e+01 2.172630225945158811e-02 6.030502867597415673e+01 1.978772543737078227e+00 1.428759811607953623e-01 2.923877716064453125e+00
5.100000000000000000e+01 2.323566000637534296e-02 6.010254959345186165e+01 1.906177877122133602e+00 1.445444374261694864e-01 2.772257089614868164e+00
5.200000000000000000e+01 2.097555501301969286e-02 6.025042200828936245e+01 1.884101084429608219e+00 1.343230037473560623e-01 2.733479499816894531e+00
5.300000000000000000e+01 2.153002643482269246e-02 6.008709993178657527e+01 1.921453209937731721e+00 1.425848329534721570e-01 2.976473569869995117e+00
5.400000000000000000e+01 2.003047475647779310e-02 6.035504796596015353e+01 1.892961818787432193e+00 1.341117987910284692e-01 3.030529737472534180e+00
5.500000000000000000e+01 1.954032166203718834e-02 6.112217427085840171e+01 1.792468915965028220e+00 1.419566556823289027e-01 3.347854614257812500e+00
5.600000000000000000e+01 1.967478910563156061e-02 5.968731621405496668e+01 1.831727951859653203e+00 1.430056407219176540e-01 2.430657863616943359e+00
5.700000000000000000e+01 2.046617127220454885e-02 5.752465949225642561e+01 1.850938383667947162e+00 1.415461020226168876e-01 2.596942186355590820e+00
5.800000000000000000e+01 1.889814484034084766e-02 5.802776834772403447e+01 1.845210725100579818e+00 1.381412689216270917e-01 2.560979366302490234e+00
5.900000000000000000e+01 1.874638980932845020e-02 5.741867181172623447e+01 1.819397161398635943e+00 1.369050231306751519e-01 2.678564548492431641e+00
6.000000000000000000e+01 1.858387444871047525e-02 5.919253928120752306e+01 1.835294081436918079e+00 1.519034792346802831e-01 2.850372076034545898e+00
6.100000000000000000e+01 1.855149288348003495e-02 5.861683687142871690e+01 1.720886289102763866e+00 1.460678774495160204e-01 2.827840089797973633e+00
6.200000000000000000e+01 1.803285324609971846e-02 5.799390234310038750e+01 1.789450397980497431e+00 1.413904300063394404e-01 2.585005283355712891e+00
6.300000000000000000e+01 1.794522995157234874e-02 5.759914649032414502e+01 1.775396537728153312e+00 1.408941612212450400e-01 2.570269823074340820e+00
6.400000000000000000e+01 1.776145455396708692e-02 5.719430216173996939e+01 1.797490498543180770e+00 1.388515455335199988e-01 2.835574626922607422e+00
6.500000000000000000e+01 1.659826599173941028e-02 5.807891905090992424e+01 1.811866938817025208e+00 1.474879146610801883e-01 2.370981454849243164e+00
6.600000000000000000e+01 1.707612748532943286e-02 5.770779743666862771e+01 1.767383533429789599e+00 1.429055556438552921e-01 2.850014686584472656e+00
6.700000000000000000e+01 1.696634187276741326e-02 5.731286857814158253e+01 1.763019393967781401e+00 1.435475182217235413e-01 3.003007411956787109e+00
6.800000000000000000e+01 1.675473034478085904e-02 5.632579497065731999e+01 1.785833898913039564e+00 1.429931532985462272e-01 3.021250963211059570e+00
6.900000000000000000e+01 1.592962009350315511e-02 5.588988419291604259e+01 1.793018955039817675e+00 1.307944695603590612e-01 2.861703395843505859e+00
7.000000000000000000e+01 1.629697033901863698e-02 5.636845757746857544e+01 1.782368497726337209e+00 1.518004976473334156e-01 2.484513044357299805e+00
7.100000000000000000e+01 1.623418173045150167e-02 5.597924244616675082e+01 1.745640202327424229e+00 1.468792342819011942e-01 2.745683431625366211e+00
7.200000000000000000e+01 1.562703750384256476e-02 5.596119128263470088e+01 1.734799324188163183e+00 1.478009804288145101e-01 2.650029659271240234e+00
7.300000000000000000e+01 1.566313308403634308e-02 5.599635484386560336e+01 1.710014793025693924e+00 1.490633797146831974e-01 2.620173931121826172e+00
7.400000000000000000e+01 1.561110112236547588e-02 5.587749169949522354e+01 1.717300018290375485e+00 1.501383505677099939e-01 2.763833284378051758e+00
7.500000000000000000e+01 1.565492687553298942e-02 5.566305304088527350e+01 1.707473235679131340e+00 1.537232606194073870e-01 2.694585323333740234e+00
7.600000000000000000e+01 1.529983012306556853e-02 5.341885096611633799e+01 1.722995246974277972e+00 1.477568935891915847e-01 2.682155609130859375e+00
7.700000000000000000e+01 1.570048254817816083e-02 5.467533031794860676e+01 1.698746100819560123e+00 1.479688910347709829e-01 2.862848758697509766e+00
7.800000000000000000e+01 1.503911474095814133e-02 5.297137098596916616e+01 1.729891436358472978e+00 1.567425116626820214e-01 2.561640501022338867e+00
7.900000000000000000e+01 1.528455702454926783e-02 5.391452385679077963e+01 1.603747960992177868e+00 1.599566429668156375e-01 2.705034494400024414e+00
8.000000000000000000e+01 1.471608444593671371e-02 5.380477157075995365e+01 1.668891337151826137e+00 1.471876501955302341e-01 3.292136669158935547e+00
8.100000000000000000e+01 1.499686019871052448e-02 5.239741111021682940e+01 1.660708604201103888e+00 1.533050840403226978e-01 2.598265409469604492e+00
8.200000000000000000e+01 1.415381995792342959e-02 5.281589275926724270e+01 1.639046613423669640e+00 1.485597294040481853e-01 3.208377599716186523e+00
8.300000000000000000e+01 1.517834883323632318e-02 5.265820964546762895e+01 1.726634674097494049e+00 1.532918081152963297e-01 3.061898708343505859e+00
8.400000000000000000e+01 1.369770735148208643e-02 5.422949724021982121e+01 1.662341552674456269e+00 1.639764436708913975e-01 2.786831617355346680e+00
8.500000000000000000e+01 1.414753556008447287e-02 5.145679996777882081e+01 1.667889775360337001e+00 1.518355732132908309e-01 3.011543989181518555e+00
8.600000000000000000e+01 1.346092105644359702e-02 5.136755210864335908e+01 1.672537127124078093e+00 1.463874403622415499e-01 3.103129863739013672e+00
8.700000000000000000e+01 1.434115353066638468e-02 5.220553181429945511e+01 1.600702730839049570e+00 1.575545350953083679e-01 3.195394039154052734e+00
8.800000000000000000e+01 1.425655901159442532e-02 5.131682246643766376e+01 1.632631344913276328e+00 1.509817790383805314e-01 2.854343891143798828e+00
8.900000000000000000e+01 1.359222892263696990e-02 5.184730215862886382e+01 1.671702112308917743e+00 1.596640525764588536e-01 2.733007907867431641e+00
9.000000000000000000e+01 1.387601040061877365e-02 5.057430671052615878e+01 1.686369404697661167e+00 1.482579842184012509e-01 2.799735784530639648e+00
9.100000000000000000e+01 1.264859754664067124e-02 5.200118206008922073e+01 1.640297008735530193e+00 1.485670613682950891e-01 2.824615955352783203e+00
9.200000000000000000e+01 1.259427198611331664e-02 5.217028841930267191e+01 1.533927218744470578e+00 1.484455705171681128e-01 2.836364984512329102e+00
9.300000000000000000e+01 1.360628024072200147e-02 5.232713221166745399e+01 1.592057258565742872e+00 1.668503017028494795e-01 2.820428848266601562e+00
9.400000000000000000e+01 1.372578254477966643e-02 4.980850305996396088e+01 1.653906797107864923e+00 1.520475342037347632e-01 3.851055383682250977e+00
9.500000000000000000e+01 1.310503786737711798e-02 5.101374943494678860e+01 1.605663540303833292e+00 1.483367196684461098e-01 2.740721464157104492e+00
9.600000000000000000e+01 1.311903923675410491e-02 5.127786626859311525e+01 1.637544557869715645e+00 1.562526702970539749e-01 2.857585906982421875e+00
9.700000000000000000e+01 1.223336743845757080e-02 5.017753752595037042e+01 1.586389869770399752e+00 1.615768694518202320e-01 3.296663045883178711e+00
9.800000000000000000e+01 1.216391687856760960e-02 4.946609061959728137e+01 1.660810732522163713e+00 1.366636316501697590e-01 3.125417947769165039e+00
9.900000000000000000e+01 1.285550965560644694e-02 4.912305524408544954e+01 1.650351770427040066e+00 1.514289818271459809e-01 2.711432933807373047e+00
