2.000000000000000000e+00 4.834707757958297408e-02 3.644116312086013068e+02 9.418904331488517911e-01 4.177701840979117787e-01 6.953883171081542969e-01
3.000000000000000000e+00 3.692435361312038089e-02 5.857221666687404422e+02 7.960287870173541336e-01 4.897247058559217048e-01 7.688047885894775391e-01
4.000000000000000000e+00 3.188107267035666242e-02 5.407409373423889747e+02 9.714403556605283319e-01 4.366738679028709935e-01 8.447449207305908203e-01
5.000000000000000000e+00 2.956461388768448495e-02 4.698178224848539344e+02 1.098624343368591605e+00 3.110815773469261525e-01 9.090876579284667969e-01
6.000000000000000000e+00 2.523596790050854771e-02 3.744143900487807741e+02 1.476951461722824099e+00 3.433898804349894140e-01 1.348012924194335938e+00
7.000000000000000000e+00 2.303339534285757731e-02 3.734371614650644915e+02 1.453581987260295749e+00 2.260533109300532084e-01 1.301038265228271484e+00
8.000000000000000000e+00 2.164113116544987697e-02 3.394823602949501264e+02 1.503614921647653091e+00 2.151633592105329784e-01 1.339654684066772461e+00
9.000000000000000000e+00 1.911867567906150311e-02 3.097205673649597202e+02 1.436756665106626363e+00 2.268536214426122577e-01 1.116045713424682617e+00
1.000000000000000000e+01 2.115645360732954644e-02 3.048716337481267828e+02 1.321332199562425869e+00 2.189027012972990793e-01 1.105054616928100586e+00
1.100000000000000000e+01 1.711728098340738538e-02 2.691199044082264891e+02 1.463278983382810594e+00 2.155462486373075637e-01 1.309389591217041016e+00
1.200000000000000000e+01 1.797087708322330293e-02 2.729142662881658907e+02 1.314465267470518839e+00 2.012251838852422703e-01 1.385369062423706055e+00
1.300000000000000000e+01 1.612488926866495823e-02 2.424992611856910685e+02 1.646874132615562036e+00 2.017097215926708931e-01 1.394958496093750000e+00
1.400000000000000000e+01 1.546727695246867713e-02 2.396049778501507603e+02 1.506183272938515616e+00 1.698817901051246637e-01 1.232160568237304688e+00
1.500000000000000000e+01 1.504338465616549513e-02 2.186232885377686728e+02 1.644720324087880936e+00 1.909050223465890428e-01 1.121668577194213867e+00
1.600000000000000000e+01 1.428772420976451643e-02 2.191876558855779251e+02 1.589266782073429418e+00 1.545629220015768968e-01 1.210657596588134766e+00
1.700000000000000000e+01 1.435932458493309472e-02 2.092644369405049360e+02 1.649096367021557041e+00 1.471878090949983453e-01 1.531103372573852539e+00
1.800000000000000000e+01 1.392734208887680923e-02 2.020558977433199459e+02 1.643602718475451363e+00 1.508872291296568802e-01 1.324383974075317383e+00
1.900000000000000000e+01 1.256063493608776220e-02 1.943295836005831916e+02 1.687839913115064538e+00 1.359791343483779669e-01 1.306080818176269531e+00
2.000000000000000000e+01 1.250837975316435036e-02 1.878568293542525964e+02 1.747862972669288029e+00 1.350863000896363464e-01 1.096447706222534180e+00
2.100000000000000000e+01 1.216069791495237064e-02 1.772702866755974185e+02 1.884076265233984859e+00 1.233754335720018552e-01 1.168614387512207031e+00
2.200000000000000000e+01 1.179070920398117908e-02 1.734365682120380541e+02 1.921727285452171641e+00 1.234719518891924522e-01 1.591825723648071289e+00
2.300000000000000000e+01 1.171534915870397695e-02 1.691202510163257955e+02 1.757086290316498545e+00 1.223861735987838012e-01 1.779735326766967773e+00
2.400000000000000000e+01 1.138856832247605450e-02 1.627388003843252307e+02 1.824126153489689317e+00 1.204239753513216826e-01 1.527769804000854492e+00
2.500000000000000000e+01 1.100221907455382724e-02 1.602574307148343280e+02 1.827166062910712263e+00 1.134147336707705955e-01 1.589596033096313477e+00
2.600000000000000000e+01 1.051462628187973224e-02 1.515909431718190774e+02 1.985231221902047816e+00 1.029293202109362732e-01 1.422156572341918945e+00
2.700000000000000000e+01 1.053963378492294919e-02 1.510133119178343577e+02 1.893101479889154115e+00 1.139948917994676458e-01 1.325830459594726562e+00
2.800000000000000000e+01 1.044777303203510942e-02 1.501066579939860617e+02 1.813839613295066044e+00 1.128416585514355613e-01 1.399511098861694336e+00
2.900000000000000000e+01 9.760720303998413755e-03 1.450108935979993987e+02 1.848503293324560204e+00 1.149333420156735397e-01 1.596746921539306641e+00
3.000000000000000000e+01 9.884865010164207641e-03 1.407578500673841688e+02 1.831779711978522185e+00 1.047875826216346784e-01 1.698976993560791016e+00
3.100000000000000000e+01 9.600002804051625468e-03 1.375207611593336026e+02 1.820990110345520163e+00 1.084378108069619651e-01 1.470456600189208984e+00
3.200000000000000000e+01 9.361627851687185156e-03 1.338046463372038204e+02 1.789902139300223682e+00 1.065586819532271939e-01 1.968422174453735352e+00
3.300000000000000000e+01 9.160555889839666274e-03 1.323936691835241675e+02 1.784359145234440724e+00 9.450777407303810607e-02 1.418711662292480469e+00
3.400000000000000000e+01 8.886867282195129794e-03 1.309987419499564965e+02 1.766105152288450997e+00 1.020553119685531918e-01 1.247342348098754883e+00
3.500000000000000000e+01 8.764864662262093070e-03 1.270511506065879530e+02 1.790309041223706377e+00 9.903218853481157713e-02 1.234665870666503906e+00
3.600000000000000000e+01 8.907754841161900916e-03 1.247398280043844352e+02 1.781368591010580760e+00 9.044732066606675502e-02 1.579649209976196289e+00
3.700000000000000000e+01 8.285805355844303929e-03 1.206969416283782124e+02 1.753503882388554924e+00 8.945575658534457575e-02 1.396124601364135742e+00
3.800000000000000000e+01 8.300313133762367637e-03 1.230516162493402987e+02 1.625836902630812597e+00 1.133249842959504483e-01 1.235929250717163086e+00
3.900000000000000000e+01 8.226143986013498277e-03 1.182313786768296211e+02 1.745095441790704305e+00 8.901579215547893165e-02 1.324483633041381836e+00
4.000000000000000000e+01 7.959978398578882938e-03 1.123484516955453216e+02 1.938246505476010739e+00 7.917624818010142451e-02 1.259555816650390625e+00
4.100000000000000000e+01 7.648230084718109917e-03 1.142761827304202029e+02 1.746377747795999191e+00 8.881329733586726394e-02 1.343851327896118164e+00
4.200000000000000000e+01 7.500860812685029334e-03 1.136689537305193056e+02 1.737490760484712293e+00 7.902690477824643456e-02 1.515920877456665039e+00
4.300000000000000000e+01 7.607931833762082013e-03 1.095240007159694358e+02 1.824104195135326512e+00 7.886367704151905911e-02 1.503545522689819336e+00
4.400000000000000000e+01 7.463592269263736971e-03 1.089917798757706606e+02 1.782109651786196514e+00 8.213448966697238507e-02 1.424327850341796875e+00
4.500000000000000000e+01 7.234556360050856810e-03 1.062035870757106579e+02 1.694989402122226707e+00 7.684345070892366347e-02 1.563444852828979492e+00
4.600000000000000000e+01 7.126950963019670904e-03 1.082303754149517943e+02 1.692961792647971642e+00 8.458844158821889059e-02 1.319514274597167969e+00
4.700000000000000000e+01 6.892782535015252662e-03 1.046675859561959783e+02 1.741978338445677066e+00 9.309190720255533513e-02 1.319169044494628906e+00
4.800000000000000000e+01 6.853502832707133313e-03 1.003410701411154662e+02 1.815394200697273419e+00 7.030885153109719954e-02 1.274938344955444336e+00
4.900000000000000000e+01 6.941536496779130740e-03 1.013494863969504394e+02 1.756747654344328113e+00 7.851984849546456147e-02 1.222818136215209961e+00
5.000000000000000000e+01 6.398338941855678461e-03 9.733585351821334086e+01 1.869667444159232916e+00 7.822248432633813198e-02 1.116387367248535156e+00
5.100000000000000000e+01 6.377019842815875514e-03 9.949906412933151501e+01 1.790789567050411701e+00 7.272969793444704345e-02 1.203236103057861328e+00
5.200000000000000000e+01 6.799531560226925765e-03 9.673631932288277824e+01 1.865266598508872109e+00 6.811135299827922318e-02 1.786480903625488281e+00
5.300000000000000000e+01 6.303679748151285248e-03 9.466668306085637141e+01 1.732978473774957173e+00 7.271612515741059102e-02 1.518200397491455078e+00
5.400000000000000000e+01 6.031918950743325909e-03 9.555640992522465638e+01 1.748706054259750564e+00 6.976680666694612398e-02 1.325293064117431641e+00
5.500000000000000000e+01 6.217398065337355166e-03 9.898445315423728630e+01 1.621283058431980839e+00 7.677491065939620607e-02 1.794051885604858398e+00
5.600000000000000000e+01 6.118204695116129938e-03 9.286337804179373734e+01 1.667718336592192818e+00 7.439382205434912076e-02 1.425043106079101562e+00
5.700000000000000000e+01 6.083965315980796422e-03 9.125022877274864186e+01 1.641229334480569069e+00 6.056806249384420054e-02 1.527033805847167969e+00
5.800000000000000000e+01 6.089726922760897374e-03 9.320274218740972572e+01 1.761694888371539314e+00 6.858526626059885389e-02 1.454333305358886719e+00
5.900000000000000000e+01 5.794501120662194291e-03 8.694307844511924088e+01 1.684676192805236505e+00 5.808603086880170102e-02 1.388136863708496094e+00
6.000000000000000000e+01 5.746972692408670695e-03 8.728763752246413787e+01 1.671601677438688593e+00 7.709574252865449007e-02 1.795840501785278320e+00
6.100000000000000000e+01 5.639284538387614489e-03 8.683817729524371032e+01 1.678503708388367377e+00 7.944070337515171665e-02 1.401879787445068359e+00
6.200000000000000000e+01 5.531817134592556355e-03 8.973904389377435109e+01 1.682204955916938083e+00 7.821199921648813724e-02 1.494243621826171875e+00
6.300000000000000000e+01 5.637613415102825896e-03 8.278632148266284219e+01 1.756210600527196242e+00 6.714947238901279591e-02 1.403667688369750977e+00
6.400000000000000000e+01 5.468585251358968127e-03 8.386079382047961417e+01 1.653643345332524550e+00 5.678939495503124157e-02 1.278917789459228516e+00
6.500000000000000000e+01 5.511212463672491603e-03 8.684302544525232292e+01 1.661273696425987989e+00 7.104249500181826493e-02 1.624639987945556641e+00
6.600000000000000000e+01 5.111106376966449184e-03 8.296973876728411312e+01 1.691590774603191960e+00 6.126603838856992806e-02 1.441888332366943359e+00
6.700000000000000000e+01 5.251581354975902796e-03 8.275750200798704270e+01 1.657522909712574988e+00 7.472583187658489445e-02 1.365541934967041016e+00
6.800000000000000000e+01 5.117670571846280776e-03 8.133509378484190222e+01 1.602100086265223489e+00 6.824561296521630682e-02 1.457367658615112305e+00
6.900000000000000000e+01 5.049036610704975107e-03 8.143095077310213981e+01 1.688174421942624015e+00 5.759294536283532384e-02 1.383275985717773438e+00
7.000000000000000000e+01 5.090410247675232827e-03 8.029721334723974735e+01 1.645265847850222229e+00 6.550825631064233212e-02 1.337070941925048828e+00
7.100000000000000000e+01 4.985641286807520299e-03 7.844188755474509378e+01 1.659480999313053262e+00 5.591621354367522223e-02 1.337192773818969727e+00
7.200000000000000000e+01 4.786744309472869101e-03 7.973331807324902343e+01 1.567031086724507638e+00 6.610951568503907472e-02 1.272843837738037109e+00
7.300000000000000000e+01 4.853971163983411378e-03 7.870359677768759354e+01 1.708096460486954404e+00 5.695157629926731607e-02 1.462402820587158203e+00
7.400000000000000000e+01 4.822500806663382322e-03 7.833698544420087728e+01 1.721972905601327097e+00 5.967734154944316638e-02 1.511159658432006836e+00
7.500000000000000000e+01 4.689901267757275345e-03 7.599262083389430700e+01 1.680952433072967711e+00 4.941964555068196346e-02 1.405101060867309570e+00
7.600000000000000000e+01 4.638339660845853737e-03 7.622590709091522854e+01 1.519088522019861776e+00 5.493637720217008774e-02 1.397147893905639648e+00
7.700000000000000000e+01 4.739877425756214117e-03 7.899299014477252001e+01 1.615613200822330731e+00 5.893700568005770524e-02 1.575975179672241211e+00
7.800000000000000000e+01 4.607688761642430089e-03 7.531643351103180350e+01 1.633208383567451794e+00 5.455989239314992800e-02 1.521530866622924805e+00
7.900000000000000000e+01 4.478947815028537331e-03 7.471692371067325666e+01 1.553189485918909485e+00 5.629327300152747043e-02 1.353703498840332031e+00
8.000000000000000000e+01 4.508753908211139000e-03 7.475140835339527712e+01 1.602782748790563261e+00 5.415605208118143277e-02 1.679753780364990234e+00
8.100000000000000000e+01 4.540031188429794265e-03 7.346817438319030202e+01 1.527463373506392941e+00 5.037084321626784933e-02 1.489354372024536133e+00
8.200000000000000000e+01 4.396621730995407297e-03 7.522149813702225174e+01 1.530926098992431372e+00 6.585028822787601654e-02 1.747442245483398438e+00
8.300000000000000000e+01 4.248143719138873682e-03 7.035504593459953071e+01 1.678205066857918260e+00 4.221683291698731522e-02 1.586690902709960938e+00
8.400000000000000000e+01 4.121264147191531016e-03 7.167534304291962144e+01 1.633475561005218513e+00 4.685623773746511178e-02 1.653181076049804688e+00
8.500000000000000000e+01 4.258867912045131640e-03 7.206593364509595290e+01 1.475505336473788454e+00 5.297025532629132810e-02 1.881003379821777344e+00
8.600000000000000000e+01 4.147158167530740763e-03 7.128033697250413070e+01 1.507906751802961187e+00 4.841230531494799399e-02 1.587937116622924805e+00
8.700000000000000000e+01 4.194096578168979295e-03 6.995026327336640293e+01 1.506545535686159454e+00 5.350141312491764334e-02 1.634198665618896484e+00
8.800000000000000000e+01 4.193955543595108242e-03 7.130338495750238792e+01 1.574128784097106104e+00 5.032296096201151203e-02 1.611060619354248047e+00
8.900000000000000000e+01 4.227268070002334829e-03 7.098208287188350596e+01 1.543579704348685189e+00 5.692211817271260188e-02 1.549908876419067383e+00
9.000000000000000000e+01 4.019672710870490252e-03 7.181756487059696781e+01 1.510117348140951998e+00 6.338164277421151627e-02 1.680716276168823242e+00
9.100000000000000000e+01 3.990609547938112414e-03 6.892434122493426685e+01 1.506472796435266215e+00 4.288820936751560481e-02 1.405889749526977539e+00
9.200000000000000000e+01 3.813848966491028159e-03 6.782797415729085344e+01 1.574299534068180684e+00 4.515441370796841741e-02 1.720902919769287109e+00
9.300000000000000000e+01 4.011183303786763736e-03 6.740435837377771122e+01 1.546860497507530408e+00 5.162199392396554787e-02 1.696450233459472656e+00
9.400000000000000000e+01 3.805951857144784095e-03 6.845661832913570777e+01 1.492787038430772650e+00 4.707949365040561135e-02 1.651778459548950195e+00
9.500000000000000000e+01 3.760428751263243143e-03 6.781734296668609829e+01 1.453014610020380459e+00 5.332525479812186275e-02 1.566755294799804688e+00
9.600000000000000000e+01 3.839743350446035534e-03 6.833043703761140364e+01 1.434632946620200356e+00 5.638728705527786683e-02 1.563790559768676758e+00
9.700000000000000000e+01 3.699951521369549898e-03 6.763628720775926695e+01 1.473253046487825957e+00 5.040633340345537089e-02 1.991154670715332031e+00
9.800000000000000000e+01 3.772496697378104665e-03 6.572504152459818272e+01 1.465655430948606730e+00 5.256878779719219991e-02 1.718631505966186523e+00
9.900000000000000000e+01 3.719398409094228607e-03 6.581887915836493619e+01 1.426100743595191567e+00 4.802153236450695806e-02 1.778594970703125000e+00
