2.000000000000000000e+00 5.005971684536334593e-02 4.194192836806114428e+02 1.154440502375435162e+00 3.358214916068975597e-01 1.436552762985229492e+00
3.000000000000000000e+00 3.950644955847523038e-02 6.114258500591076881e+02 9.334210744146075323e-01 3.877730252244317999e-01 1.442365646362304688e+00
4.000000000000000000e+00 3.327024989728513682e-02 5.615090050918682891e+02 1.068442671804099353e+00 3.480558221674922015e-01 1.377736330032348633e+00
5.000000000000000000e+00 3.072833356421953571e-02 5.183834401986313196e+02 1.100024295346499370e+00 3.112348666672385966e-01 1.381726741790771484e+00
6.000000000000000000e+00 2.708741666068824674e-02 4.601345870391941730e+02 1.245115854000597100e+00 2.851957064896523675e-01 2.035914659500122070e+00
7.000000000000000000e+00 2.350627509775076590e-02 3.905071608759350283e+02 1.442139938503573804e+00 2.786570197716057851e-01 1.944499969482421875e+00
8.000000000000000000e+00 2.226341286997991775e-02 3.702884738513861862e+02 1.424384041080124952e+00 2.539772407025394085e-01 1.979559183120727539e+00
9.000000000000000000e+00 2.178727071462268836e-02 3.570380580358293514e+02 1.488277583741161703e+00 2.107664347738231747e-01 1.818515777587890625e+00
1.000000000000000000e+01 1.951710223351045201e-02 3.323575008548044138e+02 1.497673911370305699e+00 1.948309114314723534e-01 2.485388994216918945e+00
1.100000000000000000e+01 1.940270533946132289e-02 3.213711827120586122e+02 1.446525346097403908e+00 1.953060108786723592e-01 1.821705341339111328e+00
1.200000000000000000e+01 1.818008104787738680e-02 3.040688471878750647e+02 1.595518818967428309e+00 1.792038377697481033e-01 2.158895254135131836e+00
1.300000000000000000e+01 1.773237869934282326e-02 2.963160381106936825e+02 1.476306848685198903e+00 1.801165234686362138e-01 1.958586454391479492e+00
1.400000000000000000e+01 1.633870068700374323e-02 2.770526676663209287e+02 1.609839403906883515e+00 1.690505193405213713e-01 1.919889926910400391e+00
1.500000000000000000e+01 1.611572267630270033e-02 2.596000851712008171e+02 1.560308766853390372e+00 1.685815580209498732e-01 2.004723072052001953e+00
1.600000000000000000e+01 1.569680254593801977e-02 2.544467176067066703e+02 1.510569962814831246e+00 1.648564448377227987e-01 2.538552284240722656e+00
1.700000000000000000e+01 1.451889651894191710e-02 2.403799280007980030e+02 1.624829614356345209e+00 1.640566571781385263e-01 1.907531738281250000e+00
1.800000000000000000e+01 1.437404267580355902e-02 2.324099094534482219e+02 1.699857419134839454e+00 1.437801688568718095e-01 2.166664123535156250e+00
1.900000000000000000e+01 1.469933433127061477e-02 2.312419518420651912e+02 1.588743959669682626e+00 1.347669498374295116e-01 2.013169765472412109e+00
2.000000000000000000e+01 1.325188863147658963e-02 2.174202635899085294e+02 1.651613272619268269e+00 1.568624546397139330e-01 2.058218717575073242e+00
2.100000000000000000e+01 1.374518376893717544e-02 2.137147374525101498e+02 1.629757686666538641e+00 1.371433960932149088e-01 2.581338167190551758e+00
2.200000000000000000e+01 1.330801393074892980e-02 2.104147673227020050e+02 1.668520868804446833e+00 1.204748955769812252e-01 2.388799190521240234e+00
2.300000000000000000e+01 1.182120147600438514e-02 1.911727157940731843e+02 1.918773364867295106e+00 1.036354867422722287e-01 3.138970851898193359e+00
2.400000000000000000e+01 1.267892943877754058e-02 1.956883412895845993e+02 1.669015305909891111e+00 1.289510099897719642e-01 2.621068477630615234e+00
2.500000000000000000e+01 1.171621413876179976e-02 1.881822192632898236e+02 1.712071759001210003e+00 1.333722753451771492e-01 2.078830718994140625e+00
2.600000000000000000e+01 1.134474517945533584e-02 1.840180858033379536e+02 1.790123022623750781e+00 1.298937614631439363e-01 2.312705755233764648e+00
2.700000000000000000e+01 1.107334929153586112e-02 1.804251385446112863e+02 1.784591903574057392e+00 1.125251759313352778e-01 2.345651865005493164e+00
2.800000000000000000e+01 1.159622425458891291e-02 1.815776644635755304e+02 1.692633687030784317e+00 1.152366220959697152e-01 2.301633834838867188e+00
2.900000000000000000e+01 1.054829149090092191e-02 1.713306989699110261e+02 1.708978307203960600e+00 1.227017605190847682e-01 2.170370817184448242e+00
3.000000000000000000e+01 1.031340944768365138e-02 1.602136842474064053e+02 1.815533448797227889e+00 1.083287229772970789e-01 2.418570756912231445e+00
3.100000000000000000e+01 1.003369917230537318e-02 1.626076662956742211e+02 1.861376735684261652e+00 1.180420773118604494e-01 2.343020439147949219e+00
3.200000000000000000e+01 9.733996684838673585e-03 1.571212713875127349e+02 1.786488883946199202e+00 1.056652177885202687e-01 1.894567966461181641e+00
3.300000000000000000e+01 9.586784477413262673e-03 1.637198274160629410e+02 1.767166197749035828e+00 1.045707694908728225e-01 2.173626184463500977e+00
3.400000000000000000e+01 9.415988526618079141e-03 1.560534567618871051e+02 1.805625870574283587e+00 1.086994983881700017e-01 2.235629081726074219e+00
3.500000000000000000e+01 9.359925374235650991e-03 1.526692000827167419e+02 1.826607185538694722e+00 1.088644834015817103e-01 2.553665161132812500e+00
3.600000000000000000e+01 9.246129634030458844e-03 1.485502322694313193e+02 1.855008511073224620e+00 1.095424457192049061e-01 2.435373544692993164e+00
3.700000000000000000e+01 9.028557300110533201e-03 1.469564716692119930e+02 1.866625186363681133e+00 1.074723896688666025e-01 2.064485788345336914e+00
3.800000000000000000e+01 8.968674477958155089e-03 1.407473819116473521e+02 1.899834641950031600e+00 8.493751321121634223e-02 1.981706142425537109e+00
3.900000000000000000e+01 8.799306622499340064e-03 1.440616299107653049e+02 1.834713801978987924e+00 8.441909744772393975e-02 2.122115373611450195e+00
4.000000000000000000e+01 8.704195960305704388e-03 1.417203767179223632e+02 1.726487451500948511e+00 1.005853145314340863e-01 2.457921266555786133e+00
4.100000000000000000e+01 8.651703278616426976e-03 1.420434529987585961e+02 1.670729796180056015e+00 9.972494679198549983e-02 2.031509876251220703e+00
4.200000000000000000e+01 8.597610644183616493e-03 1.374501627184247070e+02 1.722674150692485862e+00 9.735039291166448783e-02 2.535331964492797852e+00
4.300000000000000000e+01 8.124072223038222851e-03 1.305217115734222944e+02 1.788509109734486291e+00 1.015350620235829643e-01 2.645653247833251953e+00
4.400000000000000000e+01 8.338338453278554274e-03 1.287123034350709361e+02 1.693459215398049666e+00 8.965041272007674700e-02 2.526718854904174805e+00
4.500000000000000000e+01 7.855290499396198889e-03 1.344116580081000052e+02 1.801647918336653165e+00 9.833233206533102677e-02 2.112449407577514648e+00
4.600000000000000000e+01 7.567814760998017171e-03 1.279045270159837884e+02 1.854453575372401186e+00 9.230159465207589398e-02 2.196000576019287109e+00
4.700000000000000000e+01 7.886669970347153988e-03 1.250981492466843292e+02 1.705556453397567118e+00 9.439649512311049095e-02 2.002137422561645508e+00
4.800000000000000000e+01 7.411378688428964592e-03 1.245868170747769312e+02 1.750437238324478839e+00 1.040321306604263529e-01 2.044700384140014648e+00
4.900000000000000000e+01 7.510824754033851129e-03 1.218126915818737785e+02 1.804067606455165507e+00 8.162653885453383107e-02 2.478665351867675781e+00
5.000000000000000000e+01 7.254113899906493475e-03 1.229640921949839623e+02 1.846359500482245730e+00 8.549528644205109384e-02 2.062485456466674805e+00
5.100000000000000000e+01 7.471174891340831570e-03 1.212822001345343921e+02 1.681277535764593933e+00 9.527023327503580941e-02 2.457516431808471680e+00
5.200000000000000000e+01 7.250452020277515890e-03 1.198530742684834536e+02 1.874562453530387307e+00 8.685054315767534727e-02 2.048782587051391602e+00
5.300000000000000000e+01 7.014723959650096853e-03 1.130541164479061962e+02 1.796772058380246007e+00 7.821181257228852768e-02 2.235597133636474609e+00
5.400000000000000000e+01 7.089191845169111675e-03 1.149809260997064086e+02 1.811455707657325886e+00 7.270800661590934300e-02 2.010787963867187500e+00
5.500000000000000000e+01 6.738833824650357178e-03 1.156712530248560853e+02 1.726955615733478444e+00 8.767277586722797833e-02 2.167272567749023438e+00
5.600000000000000000e+01 6.688811984278803663e-03 1.142489210397641273e+02 1.717838450073061241e+00 9.276169196258371441e-02 2.354361534118652344e+00
5.700000000000000000e+01 6.809141715717864640e-03 1.101050870454213850e+02 1.704568029080436142e+00 8.391226341555947654e-02 2.667217731475830078e+00
5.800000000000000000e+01 6.634721607165662040e-03 1.139036863929085115e+02 1.710839514219568702e+00 7.756538931633978617e-02 1.963773727416992188e+00
5.900000000000000000e+01 6.674424202304930602e-03 1.083061512644789559e+02 1.782049066182354258e+00 6.983590705586485703e-02 1.958922147750854492e+00
6.000000000000000000e+01 6.578760152717540340e-03 1.078396129223772846e+02 1.675321042459093412e+00 7.246104592813529255e-02 2.235405206680297852e+00
6.100000000000000000e+01 6.258317470605884343e-03 1.074655128089271301e+02 1.615172867189692107e+00 8.076782317103743669e-02 2.554867506027221680e+00
6.200000000000000000e+01 6.382294257154252047e-03 1.070522973558558277e+02 1.600096346457808849e+00 8.427032221284939950e-02 2.738014459609985352e+00
6.300000000000000000e+01 6.236172994631208888e-03 1.043025291375076762e+02 1.755347410693788524e+00 7.041186460103882050e-02 1.994156360626220703e+00
6.400000000000000000e+01 6.213804545645734180e-03 1.005129883786309932e+02 1.807299643849202386e+00 6.833731706903722891e-02 2.673722982406616211e+00
6.500000000000000000e+01 5.896566084011167601e-03 1.018383646589601454e+02 1.783665008761394333e+00 7.683325531613975634e-02 2.102271795272827148e+00
6.600000000000000000e+01 6.059614305500388501e-03 1.027492313251598688e+02 1.649279273476117247e+00 8.325243728973968915e-02 2.294188499450683594e+00
6.700000000000000000e+01 5.984783674828108788e-03 9.938716210167966381e+01 1.662402945298847801e+00 8.370094928387340760e-02 2.472658634185791016e+00
6.800000000000000000e+01 6.029621299264296269e-03 9.959734459710669796e+01 1.706645073967652193e+00 7.245987394989468477e-02 2.181726217269897461e+00
6.900000000000000000e+01 5.857721984943936935e-03 9.710082863546510623e+01 1.822305746116487768e+00 6.858703076535001275e-02 2.291585922241210938e+00
7.000000000000000000e+01 5.711880191294490573e-03 9.678063701071442892e+01 1.760188588975338808e+00 6.737379527208936514e-02 2.613049030303955078e+00
7.100000000000000000e+01 5.851134679515887158e-03 9.944156897883588897e+01 1.689666497972892811e+00 7.092432753895423769e-02 2.408756017684936523e+00
7.200000000000000000e+01 5.608839141540373184e-03 9.694251875029031851e+01 1.818172039841363663e+00 6.671012291223277213e-02 2.557430982589721680e+00
7.300000000000000000e+01 5.563563330069035140e-03 9.501090037867025728e+01 1.738513587855611719e+00 6.833774179319469788e-02 2.348616600036621094e+00
7.400000000000000000e+01 5.711825181727674811e-03 9.578730955182804507e+01 1.665136466176394991e+00 6.800103206297331004e-02 2.447188138961791992e+00
7.500000000000000000e+01 5.547412899521258524e-03 9.441868167889060715e+01 1.666491415257800979e+00 7.067841507178924954e-02 2.815325498580932617e+00
7.600000000000000000e+01 5.412557239173530071e-03 9.239074308259252177e+01 1.685826744066553973e+00 6.662494910036097229e-02 2.440947771072387695e+00
7.700000000000000000e+01 5.437483559054883016e-03 9.164438938044335714e+01 1.679550337097027723e+00 6.628557787032728077e-02 2.357328414916992188e+00
7.800000000000000000e+01 5.367678028354630135e-03 9.063744846869857952e+01 1.705996800620737774e+00 6.494989668607431543e-02 2.044944763183593750e+00
7.900000000000000000e+01 5.218061547022817201e-03 8.935173651582771015e+01 1.752006816599980255e+00 6.693185815387679705e-02 2.219439983367919922e+00
8.000000000000000000e+01 5.392069740004500587e-03 9.174926103954783230e+01 1.705140601844663761e+00 6.962633883783272970e-02 2.683397769927978516e+00
8.100000000000000000e+01 5.127065000879913424e-03 8.910849390036736395e+01 1.658009580347701295e+00 6.468569175814568861e-02 1.970262050628662109e+00
8.200000000000000000e+01 5.254609681678365160e-03 8.793395420259429329e+01 1.681912509002414069e+00 5.837052957079270216e-02 2.382231235504150391e+00
8.300000000000000000e+01 5.069211535863373322e-03 8.628419437490695998e+01 1.627078263528322744e+00 6.482751990296455047e-02 2.349844455718994141e+00
8.400000000000000000e+01 5.062753797297653811e-03 8.498496540050008718e+01 1.632194479637418372e+00 6.793657278224375651e-02 3.074974775314331055e+00
8.500000000000000000e+01 4.963459524631701723e-03 8.808223875289320404e+01 1.672318958139375589e+00 6.938177099577118312e-02 2.197628736495971680e+00
8.600000000000000000e+01 4.922349031511852498e-03 8.548893634226179472e+01 1.716434845771398710e+00 7.087742867284069215e-02 2.394919395446777344e+00
8.700000000000000000e+01 4.900633201859153250e-03 8.711810508874299330e+01 1.685545804944770909e+00 6.880308132384777009e-02 2.994464159011840820e+00
8.800000000000000000e+01 4.877173701596767934e-03 8.578287233264245515e+01 1.701813223813642528e+00 6.503786572067936367e-02 2.381386756896972656e+00
8.900000000000000000e+01 4.884322814884283284e-03 8.193828085547481521e+01 1.666368822649012760e+00 5.387426330706133332e-02 2.311101436614990234e+00
9.000000000000000000e+01 4.686918866641125170e-03 8.148563997857166896e+01 1.689119361717990486e+00 5.897580840956954951e-02 2.191785573959350586e+00
9.100000000000000000e+01 4.588801041250090140e-03 7.899157672164099608e+01 1.657989261001891368e+00 4.917732641532966686e-02 2.770022869110107422e+00
9.200000000000000000e+01 4.601465579756994911e-03 8.267830068899584717e+01 1.715453973275760768e+00 5.682596092746564770e-02 2.700855493545532227e+00
9.300000000000000000e+01 4.619134856278265741e-03 8.091983551224548421e+01 1.682784969086700277e+00 5.198541552540804356e-02 2.523868083953857422e+00
9.400000000000000000e+01 4.649379180189241491e-03 8.008740020878201449e+01 1.618709968378970299e+00 5.002976385174123797e-02 2.374964237213134766e+00
9.500000000000000000e+01 4.555821933115708662e-03 8.120084306924408679e+01 1.721370911650320856e+00 6.034454108448598919e-02 2.335993051528930664e+00
9.600000000000000000e+01 4.466659967883634778e-03 8.092845332535588909e+01 1.630623237539161829e+00 6.337958194785071886e-02 2.413187026977539062e+00
9.700000000000000000e+01 4.562028229797908223e-03 8.179881793855716410e+01 1.600023769608379443e+00 6.289606771265872365e-02 2.734559774398803711e+00
9.800000000000000000e+01 4.397960083735188291e-03 7.751495888432096137e+01 1.734033971251608408e+00 4.334289052513368851e-02 2.540903329849243164e+00
9.900000000000000000e+01 4.342109506308935128e-03 7.846481797045505857e+01 1.633658156720166676e+00 6.082303705414130596e-02 2.555324077606201172e+00
