2.000000000000000000e+00 4.826979331352502373e-02 3.638326134033016501e+02 9.423277345213560974e-01 4.179150155046741366e-01 6.348056793212890625e-01
3.000000000000000000e+00 3.689294451573824768e-02 5.832525276329860162e+02 7.964970688867180071e-01 4.892698731077288476e-01 7.281162738800048828e-01
4.000000000000000000e+00 3.189800301211618422e-02 5.400455718364909217e+02 9.695579316767357625e-01 4.372391908857536924e-01 8.114709854125976562e-01
5.000000000000000000e+00 2.957638353796751898e-02 4.694760637516081374e+02 1.096948135626760967e+00 3.115394440299519840e-01 8.985674381256103516e-01
6.000000000000000000e+00 2.502495935487476439e-02 3.784109876564593833e+02 1.461365650994416177e+00 3.412062688116221931e-01 9.280645847320556641e-01
7.000000000000000000e+00 2.289883160418287877e-02 3.784845331033765774e+02 1.352387700255089253e+00 2.378780070916099443e-01 1.081305027008056641e+00
8.000000000000000000e+00 2.231987172776074557e-02 3.346516095359061183e+02 1.303448358351680714e+00 2.251385591321394264e-01 1.200785875320434570e+00
9.000000000000000000e+00 2.219389702726610319e-02 3.167063951633930401e+02 1.320536092648364912e+00 2.218897061704751816e-01 1.430952310562133789e+00
1.000000000000000000e+01 1.889727421308631458e-02 2.867412996895478159e+02 1.304484042297902491e+00 2.201709111637114857e-01 1.069487810134887695e+00
1.100000000000000000e+01 1.724893180241101817e-02 2.736974821598781773e+02 1.317974681513334190e+00 2.243511258198958580e-01 1.109239101409912109e+00
1.200000000000000000e+01 1.769273515252325207e-02 2.590665576153492111e+02 1.533291897188371999e+00 1.758209915925212363e-01 1.014647722244262695e+00
1.300000000000000000e+01 1.740929050376977677e-02 2.485348239096632312e+02 1.534337511106705021e+00 1.624634375547245879e-01 1.036467075347900391e+00
1.400000000000000000e+01 1.635087200674201560e-02 2.322358595261878804e+02 1.804551469837684774e+00 1.871191235104138761e-01 1.102939367294311523e+00
1.500000000000000000e+01 1.543473735109487238e-02 2.312997524260392765e+02 1.585758142985144170e+00 1.689521159773919867e-01 1.551517486572265625e+00
1.600000000000000000e+01 1.447628874138434316e-02 2.217557459865565477e+02 1.486992084560779581e+00 1.627602176945940615e-01 1.278629302978515625e+00
1.700000000000000000e+01 1.425509584649614636e-02 2.089247900145263941e+02 1.599385332932962811e+00 1.628927385138082828e-01 1.357642173767089844e+00
1.800000000000000000e+01 1.390897177602100528e-02 1.985282869484890114e+02 1.598847988476266524e+00 1.524761139896970152e-01 1.450706243515014648e+00
1.900000000000000000e+01 1.358092166074561548e-02 1.897149911065804702e+02 1.761331091095901469e+00 1.515463246805351660e-01 1.411585330963134766e+00
2.000000000000000000e+01 1.248518750325406691e-02 1.850289833874033718e+02 1.874941687925623102e+00 1.341504402110754446e-01 1.311366081237792969e+00
2.100000000000000000e+01 1.285369300957760370e-02 1.798086748839052120e+02 1.593222909596247128e+00 1.282424357806310755e-01 1.202651023864746094e+00
2.200000000000000000e+01 1.177813247089384667e-02 1.800293912211968177e+02 1.671672917267947645e+00 1.213613572552545983e-01 1.004048824310302734e+00
2.300000000000000000e+01 1.153152340259628456e-02 1.732968490724055926e+02 1.627493209367465221e+00 1.254519945922805968e-01 1.001888751983642578e+00
2.400000000000000000e+01 1.109276907404065787e-02 1.687042870895052147e+02 1.712129855349243002e+00 1.201962480828422108e-01 1.303606033325195312e+00
2.500000000000000000e+01 1.105891489542213876e-02 1.664443794314761078e+02 1.680482058625414110e+00 1.266616105523930558e-01 1.264618158340454102e+00
2.600000000000000000e+01 1.140154896718933823e-02 1.561089700033934946e+02 1.703118361814612181e+00 1.228986010110961896e-01 1.147015333175659180e+00
2.700000000000000000e+01 1.033284459898440623e-02 1.538709706310534386e+02 1.814302266327893154e+00 1.212740550124688232e-01 1.340333223342895508e+00
2.800000000000000000e+01 1.023427363577417669e-02 1.451447457796192850e+02 1.780983625812082138e+00 1.088684276267277706e-01 1.478055000305175781e+00
2.900000000000000000e+01 9.784653446569830521e-03 1.495537501084416760e+02 1.643064042588977536e+00 1.090999137516414919e-01 1.127950429916381836e+00
3.000000000000000000e+01 1.019568078577973158e-02 1.408601919242624092e+02 1.834485191783953306e+00 1.010103745869843639e-01 1.181422233581542969e+00
3.100000000000000000e+01 9.590880017179842162e-03 1.417316376828881062e+02 1.802940819222697222e+00 1.117027882469401601e-01 1.360662221908569336e+00
3.200000000000000000e+01 8.987216750600098697e-03 1.329962634179656504e+02 1.800319324737461812e+00 9.855765402797959929e-02 1.188315391540527344e+00
3.300000000000000000e+01 8.765504727993483555e-03 1.336391851623350533e+02 1.795457297753968229e+00 1.101804795851431679e-01 1.226584434509277344e+00
3.400000000000000000e+01 8.956053192440926319e-03 1.263140183803332519e+02 1.862922599685605363e+00 9.492194393571766475e-02 1.185952901840209961e+00
3.500000000000000000e+01 8.620895305218081658e-03 1.298209802759365346e+02 1.752723238307735354e+00 9.406035104243608280e-02 1.291719436645507812e+00
3.600000000000000000e+01 8.234888341461783431e-03 1.209112482264376780e+02 1.775493205717439515e+00 8.967871533799647021e-02 1.163038730621337891e+00
3.700000000000000000e+01 8.475618754881926800e-03 1.236458806851060785e+02 1.723732358885917915e+00 9.666817723993079148e-02 1.402455329895019531e+00
3.800000000000000000e+01 8.075023931691110296e-03 1.206458585274338446e+02 1.746704295114730243e+00 8.538294172674631977e-02 1.341800212860107422e+00
3.900000000000000000e+01 8.069731667395304078e-03 1.174631165135246391e+02 1.852786002969215140e+00 8.466331519696584929e-02 1.265460729598999023e+00
4.000000000000000000e+01 7.671034096815028402e-03 1.162515088431697450e+02 1.820074809337239641e+00 8.920387279153603466e-02 1.443995237350463867e+00
4.100000000000000000e+01 7.851523685803950964e-03 1.150231812002074605e+02 1.878036770757689933e+00 8.429474745122184087e-02 1.192985057830810547e+00
4.200000000000000000e+01 7.609402773589469746e-03 1.132646161321192011e+02 1.803306339804245706e+00 1.030846094779910849e-01 1.245485305786132812e+00
4.300000000000000000e+01 7.551553436292623468e-03 1.158568138882188094e+02 1.689464043345981770e+00 9.433715231992981232e-02 1.342833042144775391e+00
4.400000000000000000e+01 7.431157289966999063e-03 1.120077108143815394e+02 1.734314697038229935e+00 8.705794514983161703e-02 1.319710969924926758e+00
4.500000000000000000e+01 7.271677265561721747e-03 1.090817412031192646e+02 1.724735298782435589e+00 8.260244106252315199e-02 1.083440303802490234e+00
4.600000000000000000e+01 7.286874492443894298e-03 1.064719387893935902e+02 1.752472431605151426e+00 6.799969005941296218e-02 1.360463380813598633e+00
4.700000000000000000e+01 6.988267728268556835e-03 1.038570221806994027e+02 1.800271151060029773e+00 8.384531065746768375e-02 1.329839944839477539e+00
4.800000000000000000e+01 6.927413023681476371e-03 1.031176281267071175e+02 1.790397703072680313e+00 7.786329824960649959e-02 1.365108251571655273e+00
4.900000000000000000e+01 6.938686523990036589e-03 1.011328321372373580e+02 1.720457514569160296e+00 7.277990726497560181e-02 1.519095182418823242e+00
5.000000000000000000e+01 6.693881560769619592e-03 1.023434422084621644e+02 1.760038591533106267e+00 8.308363683733119287e-02 1.298213720321655273e+00
5.100000000000000000e+01 6.422016113724486434e-03 9.818911596027383837e+01 1.710103761089581065e+00 7.270158273853857822e-02 1.256352424621582031e+00
5.200000000000000000e+01 6.465157553706262286e-03 9.824141102408457016e+01 1.736650890011453452e+00 7.080530707057121342e-02 1.686267852783203125e+00
5.300000000000000000e+01 6.293504626982992546e-03 9.639228452206407383e+01 1.805314301313764913e+00 7.308752590341717481e-02 1.734364748001098633e+00
5.400000000000000000e+01 6.307322716992664648e-03 9.378182966331841897e+01 1.828430464747985207e+00 6.618349189271163779e-02 1.432584047317504883e+00
5.500000000000000000e+01 6.319289686351273194e-03 9.204505230406326177e+01 1.811744565110035676e+00 7.349449410274098982e-02 1.382586240768432617e+00
5.600000000000000000e+01 6.071168190400156629e-03 9.045913332467145551e+01 1.800690555426343709e+00 6.284284223348464427e-02 1.553806304931640625e+00
5.700000000000000000e+01 5.924041539036297051e-03 9.103720420044763273e+01 1.655028115043889692e+00 6.142471271165712149e-02 1.378560543060302734e+00
5.800000000000000000e+01 6.028225530521074023e-03 8.864739088975140646e+01 1.745056996479056100e+00 5.890951114695026913e-02 1.433850765228271484e+00
5.900000000000000000e+01 6.008530877045348446e-03 8.971056107330939255e+01 1.709874315905867359e+00 7.389101022473391900e-02 1.344606876373291016e+00
6.000000000000000000e+01 5.648897266181467439e-03 8.804065427705447178e+01 1.861045148403142946e+00 6.015097147808044081e-02 1.421044826507568359e+00
6.100000000000000000e+01 5.622660339817726720e-03 8.929854606369637793e+01 1.678576319850774379e+00 6.818922482563635756e-02 1.272766113281250000e+00
6.200000000000000000e+01 5.534002636084649034e-03 8.715875782110190073e+01 1.587796224122085986e+00 6.544427882039230426e-02 1.258982896804809570e+00
6.300000000000000000e+01 5.425684464428386436e-03 8.839992430076593166e+01 1.697416297743396418e+00 6.914597324280150059e-02 1.350769281387329102e+00
6.400000000000000000e+01 5.355541224035051048e-03 8.764759374502918376e+01 1.623709993460907386e+00 7.286316087800651098e-02 1.446830034255981445e+00
6.500000000000000000e+01 5.318635528212445514e-03 8.715870185612277510e+01 1.567402926535868879e+00 6.943656611907847442e-02 1.431615352630615234e+00
6.600000000000000000e+01 5.208170076423008360e-03 8.615286181244906061e+01 1.696725265548858275e+00 7.463900803369176440e-02 1.402911663055419922e+00
6.700000000000000000e+01 5.136955553128739332e-03 8.391557242352475043e+01 1.616311345746737960e+00 6.703473381319929869e-02 1.497886896133422852e+00
6.800000000000000000e+01 5.193354421283803701e-03 8.326145491080747263e+01 1.625023180025939595e+00 6.646614314660261036e-02 1.485501289367675781e+00
6.900000000000000000e+01 5.107020547908817584e-03 8.155230077397186506e+01 1.609963417281483178e+00 6.701626320339461318e-02 1.695953369140625000e+00
7.000000000000000000e+01 5.036909619702501124e-03 8.310028433027163430e+01 1.635706856744284732e+00 6.893096873380706591e-02 1.714416742324829102e+00
7.100000000000000000e+01 5.115019245824002810e-03 8.208324148456237879e+01 1.637184902983265911e+00 7.891297367728279666e-02 1.372459888458251953e+00
7.200000000000000000e+01 4.858853686983196675e-03 8.085850820049658694e+01 1.664527197725348406e+00 5.730948805726927137e-02 1.421174049377441406e+00
7.300000000000000000e+01 4.751999529893120508e-03 7.825467337396125345e+01 1.660442436638185359e+00 5.346320842497814113e-02 1.642085075378417969e+00
7.400000000000000000e+01 4.804809374412317285e-03 7.981914524755579521e+01 1.559026876775975179e+00 6.254262268428138760e-02 1.487445592880249023e+00
7.500000000000000000e+01 4.693718519048711499e-03 7.538352192211047509e+01 1.687856130013652312e+00 4.852036668532085095e-02 1.624194145202636719e+00
7.600000000000000000e+01 4.646703887175337826e-03 7.450644097560456203e+01 1.658817410903592027e+00 4.853123538098436801e-02 1.437140703201293945e+00
7.700000000000000000e+01 4.635642296312263502e-03 7.731303185152344781e+01 1.590372415915067172e+00 5.717465079700356084e-02 1.441401243209838867e+00
7.800000000000000000e+01 4.586779503075474537e-03 7.770987617355721966e+01 1.607725827509685734e+00 6.643604585014373232e-02 1.446640729904174805e+00
7.900000000000000000e+01 4.411705226118305644e-03 7.393071484065774257e+01 1.517487489615845675e+00 5.660518488672976190e-02 1.824903249740600586e+00
8.000000000000000000e+01 4.473954953995737914e-03 7.447034064536148890e+01 1.513203980001675664e+00 5.730135468222263828e-02 1.574482440948486328e+00
8.100000000000000000e+01 4.366045605851223178e-03 7.502548997119937724e+01 1.512040275082679797e+00 6.298681452155534266e-02 1.619892120361328125e+00
8.200000000000000000e+01 4.351877500426330238e-03 7.445534595772679154e+01 1.568796731691115998e+00 6.043997347834325490e-02 1.676551342010498047e+00
8.300000000000000000e+01 4.300471749598805057e-03 7.292578853759349045e+01 1.553723942342292386e+00 5.849198430125020914e-02 1.779378414154052734e+00
8.400000000000000000e+01 4.380264625099885081e-03 7.272942586190897885e+01 1.538404391928994919e+00 4.617728798122443246e-02 1.705455064773559570e+00
8.500000000000000000e+01 4.284787787304910472e-03 7.058185443774860346e+01 1.511581296043275735e+00 4.419319954072825629e-02 1.594052314758300781e+00
8.600000000000000000e+01 4.189002192713700730e-03 7.469642877761852162e+01 1.495822911682000100e+00 6.760724746620670744e-02 1.681505441665649414e+00
8.700000000000000000e+01 4.125016741883310439e-03 7.313139936321462642e+01 1.477431983125953474e+00 5.540736963109926111e-02 1.535568475723266602e+00
8.800000000000000000e+01 3.949613639924812181e-03 7.274395332928661162e+01 1.524254627742965162e+00 6.479471921592806771e-02 1.726361513137817383e+00
8.900000000000000000e+01 4.082719124143301820e-03 6.850983476260871896e+01 1.543052073449318051e+00 4.598239671244588184e-02 1.527612209320068359e+00
9.000000000000000000e+01 4.156837390039878032e-03 6.819341452405106452e+01 1.518477299392480662e+00 5.035843478242513910e-02 1.487229585647583008e+00
9.100000000000000000e+01 3.998343331797829352e-03 6.917503264746230229e+01 1.499797288881643764e+00 4.397244416204133116e-02 1.977636814117431641e+00
9.200000000000000000e+01 3.945733154906931779e-03 6.940983960305675282e+01 1.560882406883749018e+00 5.788099426067107311e-02 1.751671075820922852e+00
9.300000000000000000e+01 3.935832334440282111e-03 6.934626591889932001e+01 1.485309561877040663e+00 5.498818150497431639e-02 1.664505243301391602e+00
9.400000000000000000e+01 3.812408791231447318e-03 6.771401480340280443e+01 1.485374269366470212e+00 4.891509126762351445e-02 1.665785312652587891e+00
9.500000000000000000e+01 3.742332419456777162e-03 7.061537074260462532e+01 1.459074184135440877e+00 7.218365009274615995e-02 1.557098150253295898e+00
9.600000000000000000e+01 3.831720600840239806e-03 6.753360996257617899e+01 1.504596692940868286e+00 5.504541811115076788e-02 1.390980482101440430e+00
9.700000000000000000e+01 3.862309828396209236e-03 6.874259982827416593e+01 1.436551498087966339e+00 5.219934980106911981e-02 1.523638725280761719e+00
9.800000000000000000e+01 3.701380024479495896e-03 6.782802676487702342e+01 1.419634791097466264e+00 5.408158416454621198e-02 1.557390689849853516e+00
9.900000000000000000e+01 3.786178251611443338e-03 6.428356278240590882e+01 1.417763032315883409e+00 3.740396181892404609e-02 1.832725763320922852e+00
