2.000000000000000000e+00 1.478061358102771006e-01 1.109434869972793649e+03 1.565036233650947572e+00 2.548033148805174397e-01 1.237262010574340820e+01
3.000000000000000000e+00 1.169859759982523478e-01 9.692873759077509703e+02 1.762344723328575613e+00 1.853532783486711855e-01 1.029530000686645508e+01
4.000000000000000000e+00 1.047063407073981489e-01 8.079856229268967809e+02 1.839581072611986556e+00 1.743624224156231084e-01 1.464668416976928711e+01
5.000000000000000000e+00 8.770779782031667970e-02 6.951097718480955336e+02 1.653808417605197700e+00 1.752136831516468152e-01 1.195988988876342773e+01
6.000000000000000000e+00 8.269392306647563307e-02 6.303912365409825043e+02 1.603852353611556758e+00 1.654586001556269115e-01 1.149793052673339844e+01
7.000000000000000000e+00 7.755396467409002292e-02 5.432041219024522434e+02 2.088015153931418233e+00 1.444719027515015686e-01 2.292151546478271484e+01
8.000000000000000000e+00 7.510146900781809742e-02 4.998283266079473037e+02 1.990102070562003167e+00 1.447552907917154241e-01 1.564375686645507812e+01
9.000000000000000000e+00 6.839150037676403060e-02 4.457080246142339774e+02 2.488708897738983516e+00 8.249081475852908241e-02 1.692127537727355957e+01
1.000000000000000000e+01 6.585731406147936340e-02 4.507211587505283319e+02 2.025413222781885736e+00 1.067907460402319625e-01 1.643259906768798828e+01
1.100000000000000000e+01 6.023085953103502616e-02 4.946922391585730452e+02 1.747878059512302906e+00 1.714975326990550719e-01 1.581986427307128906e+01
1.200000000000000000e+01 5.647061967144286626e-02 4.558121476517713972e+02 1.879981081415754041e+00 1.258256105529689528e-01 2.025283026695251465e+01
1.300000000000000000e+01 5.561145623595432907e-02 4.532338775460474949e+02 1.744057136994870083e+00 1.694295289728166287e-01 1.932370376586914062e+01
1.400000000000000000e+01 5.198806578383158294e-02 4.330951915786708923e+02 1.854621727967580069e+00 1.392357299870373988e-01 2.122907495498657227e+01
1.500000000000000000e+01 4.907087732128264518e-02 4.368323713484307973e+02 1.804821393940729823e+00 1.522010516990142115e-01 2.068249583244323730e+01
1.600000000000000000e+01 4.835887735669608389e-02 4.223090033844340496e+02 1.787201699311980141e+00 1.441345169653915070e-01 2.281764411926269531e+01
1.700000000000000000e+01 4.762127243675417371e-02 4.039697622619031563e+02 1.768905496898553587e+00 1.437657967792722868e-01 2.329741740226745605e+01
1.800000000000000000e+01 4.579261229435441227e-02 4.031684003193633998e+02 1.863964890130847429e+00 1.464463873451210540e-01 2.248497462272644043e+01
1.900000000000000000e+01 4.458217092920552238e-02 3.823642394468517978e+02 1.842020726559521426e+00 1.368961422772149994e-01 1.743308687210083008e+01
2.000000000000000000e+01 4.386614674224847965e-02 3.779670992496230042e+02 1.886285143664362618e+00 1.400399019877421325e-01 1.761969304084777832e+01
2.100000000000000000e+01 4.345106497398966428e-02 3.550490915532971599e+02 2.030692312207144745e+00 1.341866930005690128e-01 1.882970285415649414e+01
2.200000000000000000e+01 4.152835519833270733e-02 3.468116038988724767e+02 1.923959749117172269e+00 1.369711178322582101e-01 1.987623310089111328e+01
2.300000000000000000e+01 4.069189615106293817e-02 3.415098860476085179e+02 1.897959271086649080e+00 1.277933729751878078e-01 1.762531065940856934e+01
2.400000000000000000e+01 3.853688875528611668e-02 3.457885745130948862e+02 1.812806559302316600e+00 1.420175076774177758e-01 2.820567774772644043e+01
2.500000000000000000e+01 3.838850980471323476e-02 3.358992347228598874e+02 1.861637728833057670e+00 1.424433245935837755e-01 2.803622961044311523e+01
2.600000000000000000e+01 3.737128450971768240e-02 3.222141382978740012e+02 1.989707005430121578e+00 1.245395163332936872e-01 2.508295893669128418e+01
2.700000000000000000e+01 3.641816166693152140e-02 3.122208682640197708e+02 2.021500834523505929e+00 1.138438239722011081e-01 2.094624137878417969e+01
2.800000000000000000e+01 3.618782318216351435e-02 3.178027496348826730e+02 1.963624338505588707e+00 1.368109388531791037e-01 2.690901231765747070e+01
2.900000000000000000e+01 3.488087095531962334e-02 3.042702338915506743e+02 1.997433397174989578e+00 1.287931661999099642e-01 2.088785600662231445e+01
3.000000000000000000e+01 3.498540748563854635e-02 3.053676271654445600e+02 1.737499256433099548e+00 1.425439363607838017e-01 1.973762106895446777e+01
3.100000000000000000e+01 3.355473588656558009e-02 2.913068905309053207e+02 1.989481366133609930e+00 1.259614687322881954e-01 1.979720401763916016e+01
3.200000000000000000e+01 3.236883415230874111e-02 2.869049393572245208e+02 2.072301721093551485e+00 1.194799368629752834e-01 2.119001054763793945e+01
3.300000000000000000e+01 3.171973042211721078e-02 2.881546254884874543e+02 1.875921432113479170e+00 1.358065758679876944e-01 2.414595389366149902e+01
3.400000000000000000e+01 3.162173474964034142e-02 2.732269141774016248e+02 2.026290802063657193e+00 1.205004974626021769e-01 2.850611758232116699e+01
3.500000000000000000e+01 2.980681697147962578e-02 2.660330409582379048e+02 1.960846772764349932e+00 1.227172093267462488e-01 2.430791640281677246e+01
3.600000000000000000e+01 2.981071285458763986e-02 2.623863561475087636e+02 2.236461218711823573e+00 1.071586808803886709e-01 2.245376062393188477e+01
3.700000000000000000e+01 2.817527809168070621e-02 2.717517177066085878e+02 1.911897826294427949e+00 1.237599545750051461e-01 3.001987767219543457e+01
3.800000000000000000e+01 3.083455149055766564e-02 2.523987846227328475e+02 1.987722119689867339e+00 1.186007770153521129e-01 2.706175899505615234e+01
3.900000000000000000e+01 2.866262235133622618e-02 2.434651288232537070e+02 2.234420238959882177e+00 1.033187117924046911e-01 2.837369728088378906e+01
4.000000000000000000e+01 2.906540093895029764e-02 2.533876367398354148e+02 2.022964797936875225e+00 1.124020945694002571e-01 3.017502832412719727e+01
4.100000000000000000e+01 2.900301898294476224e-02 2.555171227669888765e+02 1.961358008015537724e+00 1.213508204229847703e-01 2.332629752159118652e+01
4.200000000000000000e+01 2.560203591429698403e-02 2.420607606399060217e+02 2.071816547894130611e+00 1.174422049917071692e-01 2.264597034454345703e+01
4.300000000000000000e+01 2.709055620691201705e-02 2.429677668168243940e+02 2.109270845188263799e+00 1.002782728846365740e-01 2.437748265266418457e+01
4.400000000000000000e+01 2.541232115398864289e-02 2.391457754856556619e+02 2.050184785631520956e+00 1.153253295000718492e-01 3.176001214981079102e+01
4.500000000000000000e+01 2.422134919991521945e-02 2.315860718563835690e+02 2.114618639174239423e+00 1.152322353481736589e-01 3.103362107276916504e+01
4.600000000000000000e+01 2.693160043027260572e-02 2.326398959772841124e+02 2.109582068430764235e+00 1.003517223319642382e-01 2.831258440017700195e+01
4.700000000000000000e+01 2.608637158856759106e-02 2.312879733108739799e+02 2.234461636240482107e+00 1.219224868944785850e-01 2.493483901023864746e+01
4.800000000000000000e+01 2.340460132799100992e-02 2.246274095105059132e+02 2.070287845701041185e+00 1.183677569068746077e-01 2.570872020721435547e+01
4.900000000000000000e+01 2.474031902585784731e-02 2.258723449482747867e+02 2.234247020306579845e+00 1.141796353459454405e-01 3.297006177902221680e+01
5.000000000000000000e+01 2.589151784460948930e-02 2.220605845265794756e+02 1.987849873231680498e+00 1.007288303415321551e-01 2.991895461082458496e+01
5.100000000000000000e+01 2.467434114379968291e-02 2.192471646264150422e+02 1.978492296491038527e+00 1.062511622736709987e-01 2.801220941543579102e+01
5.200000000000000000e+01 2.352188355428165220e-02 2.123216871019715200e+02 2.131735076867972367e+00 9.836133828875022467e-02 2.727256536483764648e+01
5.300000000000000000e+01 2.020218795661422179e-02 2.172198510113303769e+02 1.909133722183778081e+00 1.079218566479789726e-01 2.865453410148620605e+01
5.400000000000000000e+01 2.498825030962769853e-02 2.027278418579882953e+02 2.147643142375143199e+00 9.999393545474147271e-02 2.665118169784545898e+01
5.500000000000000000e+01 2.270742700980764653e-02 2.078404735423675334e+02 2.095828069769718471e+00 9.638461890028059142e-02 2.455084896087646484e+01
5.600000000000000000e+01 2.108277071694685326e-02 2.094722342615671380e+02 2.038332689977373935e+00 1.023632433189677338e-01 2.470081329345703125e+01
5.700000000000000000e+01 2.153505412764681118e-02 2.068579158769803428e+02 1.962322877037061319e+00 9.785141063668387207e-02 2.743102574348449707e+01
5.800000000000000000e+01 2.020793866728830962e-02 2.012112682617297139e+02 2.105981629884907225e+00 9.881694495135384670e-02 2.550501060485839844e+01
5.900000000000000000e+01 1.989936978124631425e-02 2.091714999786530882e+02 2.071816618127956922e+00 9.784041792269437821e-02 2.359559082984924316e+01
6.000000000000000000e+01 1.829660932087649391e-02 2.188220294849379286e+02 1.844359147881467598e+00 1.045711246202104261e-01 3.252388453483581543e+01
6.100000000000000000e+01 1.980477986949445712e-02 2.025920422107372190e+02 1.979537538059124024e+00 9.612278178789945837e-02 2.741055035591125488e+01
6.200000000000000000e+01 1.948386634212602789e-02 2.020638749032422083e+02 2.068824994475864099e+00 9.632764462669007877e-02 2.761460828781127930e+01
6.300000000000000000e+01 1.924414386456556325e-02 1.973732542906185472e+02 2.064686189334491662e+00 1.004022662657360204e-01 2.442713737487792969e+01
6.400000000000000000e+01 1.843301215653843708e-02 1.987951617516177691e+02 1.969996623355607213e+00 1.070596294209146954e-01 2.631181073188781738e+01
6.500000000000000000e+01 1.889201154081519840e-02 1.940935496418023547e+02 2.141182787992086389e+00 9.838717597399297687e-02 2.941643476486206055e+01
6.600000000000000000e+01 1.815209249928325871e-02 2.023230147780519701e+02 1.998462275671892607e+00 9.654745214830119659e-02 3.469747090339660645e+01
6.700000000000000000e+01 1.819924965597838687e-02 1.998200277441132471e+02 1.998386767898743255e+00 9.788028674289321607e-02 2.865696024894714355e+01
6.800000000000000000e+01 1.800133612786049969e-02 1.984768150857712214e+02 1.990264363880006604e+00 9.794561134425237847e-02 2.818381905555725098e+01
6.900000000000000000e+01 1.790564538053324856e-02 1.994370028666160977e+02 1.959132141822141016e+00 9.885044998631403734e-02 2.631005930900573730e+01
7.000000000000000000e+01 1.774724083295026525e-02 1.983804584297043903e+02 1.978553100530997977e+00 9.791599131748039697e-02 2.573920369148254395e+01
7.100000000000000000e+01 1.778659993965053115e-02 1.963350732996850638e+02 1.950383177417056135e+00 9.661097904209570153e-02 3.300613760948181152e+01
7.200000000000000000e+01 1.765040972819733808e-02 1.944325175085435262e+02 1.967495426826127103e+00 9.300240540690286883e-02 3.148728823661804199e+01
7.300000000000000000e+01 1.741809275187898229e-02 1.830535027106058976e+02 2.038638327838547593e+00 9.290823523664311356e-02 2.488342213630676270e+01
7.400000000000000000e+01 1.745221028291127699e-02 1.770031115856877761e+02 2.103838726902596434e+00 9.263992381484952021e-02 2.818672466278076172e+01
7.500000000000000000e+01 1.730100977460467121e-02 1.839252449563993252e+02 1.988104770865793069e+00 1.025093500585084888e-01 2.584573602676391602e+01
7.600000000000000000e+01 1.692030894699637911e-02 1.737135004842861861e+02 2.142046711208492660e+00 8.149970880689090535e-02 2.979596304893493652e+01
7.700000000000000000e+01 1.637819812281614273e-02 1.866353408128402975e+02 2.096551879140110319e+00 9.139047518386525515e-02 3.239013504981994629e+01
7.800000000000000000e+01 1.686468835819130568e-02 1.857024110685242988e+02 1.987958871728199517e+00 9.225025311458645572e-02 3.357176613807678223e+01
7.900000000000000000e+01 1.677010644683860074e-02 1.840876401337438892e+02 1.973361832393137227e+00 9.065990366775612819e-02 3.216315245628356934e+01
8.000000000000000000e+01 1.666839851768375791e-02 1.806460747611708939e+02 2.022323865317313896e+00 8.859896608146637653e-02 3.980829071998596191e+01
8.100000000000000000e+01 1.613570338179055874e-02 1.874158718156865859e+02 1.946664465492869533e+00 9.474847090100173286e-02 3.039317440986633301e+01
8.200000000000000000e+01 1.612085045895610830e-02 1.766848467542184551e+02 1.998335589683909230e+00 9.406098304842235025e-02 3.748621344566345215e+01
8.300000000000000000e+01 1.623942521288294916e-02 1.811046518059375501e+02 2.006496197205129839e+00 9.059179969393027498e-02 3.673513603210449219e+01
8.400000000000000000e+01 1.595635634100524974e-02 1.790288192971903243e+02 2.047024981222669293e+00 8.243125306452477041e-02 3.503184175491333008e+01
8.500000000000000000e+01 1.560008368831821389e-02 1.728876595749437399e+02 2.006893439820479408e+00 9.395308719345914217e-02 3.194823884963989258e+01
8.600000000000000000e+01 1.564874372201922187e-02 1.789042159019120106e+02 2.059255196190284298e+00 9.141302655679572897e-02 3.651270842552185059e+01
8.700000000000000000e+01 1.579975950653990380e-02 1.768695707253035039e+02 2.035654465919500389e+00 8.898370795729748650e-02 3.622146177291870117e+01
8.800000000000000000e+01 1.557369787012602945e-02 1.751986035483070907e+02 2.052359087538254911e+00 9.465374234463513892e-02 3.407189178466796875e+01
8.900000000000000000e+01 1.527209802624765640e-02 1.739506572500282573e+02 2.082028151716032394e+00 8.686458013512915466e-02 3.854619336128234863e+01
9.000000000000000000e+01 1.483565824439277668e-02 1.807782342157875632e+02 1.942623495132002720e+00 9.609443146489997367e-02 3.690853810310363770e+01
9.100000000000000000e+01 1.560073234550064976e-02 1.722292237605475123e+02 2.054696197583989026e+00 8.949199731830445592e-02 3.327779173851013184e+01
9.200000000000000000e+01 1.509016917622814195e-02 1.762845733263624197e+02 2.002312142807068707e+00 9.202032550309950654e-02 3.658226084709167480e+01
9.300000000000000000e+01 1.495108243357013041e-02 1.644314871869617605e+02 2.020768225563621012e+00 8.248030689695487472e-02 3.790006136894226074e+01
9.400000000000000000e+01 1.496783182897808845e-02 1.731052616055151532e+02 1.946866945385177239e+00 8.823121835255041956e-02 3.420918965339660645e+01
9.500000000000000000e+01 1.462772546932672793e-02 1.722209516464924377e+02 1.913394704775639887e+00 9.508787895869771911e-02 3.763394618034362793e+01
9.600000000000000000e+01 1.479883899799880505e-02 1.723002757457066139e+02 1.926648313411625013e+00 8.959472232446699658e-02 3.272612953186035156e+01
9.700000000000000000e+01 1.467757385898622521e-02 1.725880938711383976e+02 1.917289330723525254e+00 9.144879299167227305e-02 4.127920866012573242e+01
9.800000000000000000e+01 1.458453089258919706e-02 1.712471374405070890e+02 1.921953914093967430e+00 8.984593101176653607e-02 4.228544235229492188e+01
9.900000000000000000e+01 1.435756642195310830e-02 1.698070666204698966e+02 1.901141279935220751e+00 8.979708534747460336e-02 3.384158492088317871e+01
