2.000000000000000000e+00 1.255131426815342399e-01 1.446034009586596767e+03 1.513968268147630969e+00 2.565193709393508437e-01 8.820410490036010742e+00
3.000000000000000000e+00 1.058017107990196493e-01 9.815238378658096963e+02 2.007979069309200337e+00 1.759189044699497051e-01 1.511197233200073242e+01
4.000000000000000000e+00 9.078183203506269561e-02 7.809914448207088071e+02 1.816628119511373818e+00 1.703176857958212942e-01 1.542039251327514648e+01
5.000000000000000000e+00 7.759777023094935333e-02 6.996057678257343468e+02 1.900781098897914800e+00 1.368714433404365216e-01 1.346134924888610840e+01
6.000000000000000000e+00 7.411162366050466632e-02 5.946503355318019430e+02 2.465720806611304550e+00 1.253464013124229171e-01 1.269109964370727539e+01
7.000000000000000000e+00 6.601822456915661108e-02 5.313980926423163282e+02 2.346061127822486991e+00 1.113993274355977864e-01 1.892219424247741699e+01
8.000000000000000000e+00 5.758132436082692707e-02 4.979469275677990936e+02 2.224248335299788160e+00 1.151435102301559960e-01 2.008254289627075195e+01
9.000000000000000000e+00 5.742468446705972090e-02 4.848173062739303987e+02 2.150488517396590193e+00 1.231212622480204189e-01 2.107852506637573242e+01
1.000000000000000000e+01 5.487727150467962972e-02 4.600211647626676381e+02 2.193124410506092303e+00 1.099187371553566328e-01 2.639097809791564941e+01
1.100000000000000000e+01 5.229930315376727507e-02 4.360529123579819952e+02 2.077877742599530730e+00 1.101370025942634556e-01 2.160496330261230469e+01
1.200000000000000000e+01 5.000319718242583061e-02 4.310307407019201946e+02 1.976104360870513332e+00 1.143788765304956101e-01 2.882284951210021973e+01
1.300000000000000000e+01 4.861715434676029679e-02 3.955422891095645355e+02 2.145765922988707164e+00 1.017446322730925640e-01 2.814150500297546387e+01
1.400000000000000000e+01 4.707810801991781785e-02 3.727394028209339467e+02 2.333759192829994333e+00 9.863624654206136488e-02 2.408857059478759766e+01
1.500000000000000000e+01 4.621462631421662665e-02 3.789188163133092644e+02 2.170634762948125296e+00 9.959586842105482007e-02 2.779781341552734375e+01
1.600000000000000000e+01 4.424509901532212158e-02 3.712738619256171546e+02 2.136204447562559672e+00 9.299256857101979856e-02 2.619312620162963867e+01
1.700000000000000000e+01 4.300167516238763421e-02 3.649727607501780540e+02 2.206059973384113526e+00 8.482918881601819727e-02 1.985243940353393555e+01
1.800000000000000000e+01 4.139879701539717072e-02 3.695286188747057281e+02 2.081461661723533751e+00 1.010627013163781091e-01 2.464228105545043945e+01
1.900000000000000000e+01 4.091018210890830925e-02 3.477466271939250646e+02 2.192709812515015955e+00 9.448640909850920810e-02 2.650415992736816406e+01
2.000000000000000000e+01 3.921372681955201389e-02 3.419890454018439527e+02 2.128613700984788526e+00 9.454117563165838345e-02 1.858788037300109863e+01
2.100000000000000000e+01 3.865562980684246475e-02 3.336988677745920882e+02 2.182194654209660190e+00 9.766001758449424641e-02 1.840393972396850586e+01
2.200000000000000000e+01 3.712875715094344359e-02 3.173688584919748905e+02 2.230740480318486263e+00 8.898461937603145688e-02 2.656922650337219238e+01
2.300000000000000000e+01 3.709345498704970379e-02 3.054844482498277785e+02 2.200531459616438035e+00 8.448395427796732970e-02 2.415164232254028320e+01
2.400000000000000000e+01 3.544577981528846539e-02 2.938498277500273730e+02 2.157464858540872221e+00 8.276117086157201708e-02 1.886732006072998047e+01
2.500000000000000000e+01 3.499304597130589722e-02 2.883414599582455367e+02 2.264242226234534527e+00 8.644393108682392468e-02 2.316489195823669434e+01
2.600000000000000000e+01 3.438652210744476412e-02 2.837055772690192157e+02 2.153374028967085518e+00 8.380780468949561302e-02 2.017458152770996094e+01
2.700000000000000000e+01 3.328027731351259483e-02 2.866415577685324365e+02 2.047333052547226195e+00 9.358881373153750405e-02 1.973655772209167480e+01
2.800000000000000000e+01 3.241358295281911162e-02 2.725884539141833329e+02 2.086385625745307060e+00 9.288084803996306260e-02 2.845581817626953125e+01
2.900000000000000000e+01 3.315977967740217636e-02 2.784570597571303665e+02 2.064163785672845641e+00 9.109641034444009022e-02 2.203576207160949707e+01
3.000000000000000000e+01 3.157125243718033464e-02 2.656113472761805383e+02 2.157732476312959058e+00 8.324572132692255322e-02 2.444595575332641602e+01
3.100000000000000000e+01 3.114003380803452223e-02 2.516521481406770704e+02 2.173923331877357867e+00 8.401041496528535713e-02 2.377695655822753906e+01
3.200000000000000000e+01 2.949934595876491789e-02 2.550720719617700922e+02 2.180126047933045541e+00 8.069913868961955949e-02 2.325067520141601562e+01
3.300000000000000000e+01 2.992632606661105310e-02 2.579091786359306866e+02 2.166035238827253018e+00 8.454498107754958303e-02 3.049695754051208496e+01
3.400000000000000000e+01 3.008837010763334985e-02 2.509376795055887612e+02 2.246482036099857194e+00 8.581378527992018779e-02 3.068243622779846191e+01
3.500000000000000000e+01 2.853044825652551603e-02 2.526236479447706245e+02 2.181535421679999587e+00 8.627532705330066831e-02 2.615614438056945801e+01
3.600000000000000000e+01 2.875877292685935158e-02 2.412559507706658053e+02 2.307199589224235403e+00 8.098668077702131374e-02 2.823071026802062988e+01
3.700000000000000000e+01 2.726022865545444859e-02 2.379177087389661551e+02 2.250039743754222776e+00 8.419018993321719657e-02 2.064739727973937988e+01
3.800000000000000000e+01 2.707494207469922712e-02 2.361071882520179770e+02 2.286366845204091280e+00 8.428993162701717279e-02 2.492296886444091797e+01
3.900000000000000000e+01 2.725835320147616467e-02 2.324913619828908224e+02 2.275663913486284606e+00 8.564974181382874197e-02 2.146003389358520508e+01
4.000000000000000000e+01 2.642805461969117281e-02 2.273121468869376258e+02 2.281426895678375644e+00 8.576780895301314156e-02 3.012998270988464355e+01
4.100000000000000000e+01 2.609538510894026525e-02 2.269369254480087079e+02 2.228525867687604300e+00 8.755932593182830237e-02 2.035698699951171875e+01
4.200000000000000000e+01 2.602572936194454123e-02 2.237503670705847014e+02 2.194859375978283289e+00 8.213434139668286671e-02 2.385708737373352051e+01
4.300000000000000000e+01 2.479121393890509201e-02 2.182150198059245270e+02 2.289559588397799050e+00 8.461485359463477574e-02 2.335044670104980469e+01
4.400000000000000000e+01 2.484554032346727656e-02 2.171162743817900207e+02 2.251587550824088790e+00 9.025201613663956512e-02 3.178292202949523926e+01
4.500000000000000000e+01 2.457594428602284317e-02 2.149821639001465030e+02 2.370732928152086139e+00 7.913696838910223852e-02 2.546549892425537109e+01
4.600000000000000000e+01 2.460837446150372990e-02 2.016555698774704410e+02 2.265607331310453887e+00 7.058770478134702986e-02 2.564231944084167480e+01
4.700000000000000000e+01 2.368304679416925393e-02 2.058802772833664676e+02 2.255162191603166555e+00 7.781081860960899210e-02 2.723611211776733398e+01
4.800000000000000000e+01 2.367172047691459141e-02 2.068925211169543275e+02 2.132269770657478247e+00 8.579944242940049093e-02 2.776630425453186035e+01
4.900000000000000000e+01 2.322378801842340384e-02 2.001192014130945154e+02 2.262424993684245766e+00 7.694253370318328289e-02 2.197901296615600586e+01
5.000000000000000000e+01 2.320286933318023437e-02 2.029659906569957286e+02 2.151987640268045787e+00 8.508094392819240404e-02 2.762449526786804199e+01
5.100000000000000000e+01 2.250143897536810433e-02 2.037627570384830733e+02 2.243284350617790412e+00 7.779742030346541160e-02 2.404555869102478027e+01
5.200000000000000000e+01 2.302020799304384940e-02 1.919023115576453051e+02 2.287769232539730968e+00 7.262379826929733773e-02 2.527468681335449219e+01
5.300000000000000000e+01 2.294732568603537540e-02 1.915881166333058161e+02 2.240713168866423022e+00 6.894953681162473147e-02 2.491705274581909180e+01
5.400000000000000000e+01 2.170735552740955115e-02 1.880211982101773742e+02 2.094380469420009661e+00 6.460551637742728559e-02 2.452054405212402344e+01
5.500000000000000000e+01 2.224020638358813542e-02 1.880664624920259200e+02 2.260577623490105825e+00 7.807470911001304636e-02 2.774327254295349121e+01
5.600000000000000000e+01 2.181411686609177267e-02 1.843516976181215057e+02 2.178194722999049926e+00 7.173535748853876459e-02 2.805450797080993652e+01
5.700000000000000000e+01 2.198889936355269761e-02 1.850158737315904034e+02 2.299275021474371794e+00 6.892362879633767703e-02 3.030682539939880371e+01
5.800000000000000000e+01 2.064281703313418717e-02 1.793912536756022291e+02 2.165173663117364367e+00 6.878728629197491951e-02 3.796057033538818359e+01
5.900000000000000000e+01 2.135815867079197614e-02 1.884562947319352304e+02 2.154988297158246802e+00 8.254018059571867350e-02 3.064888024330139160e+01
6.000000000000000000e+01 2.046506553815624282e-02 1.809735029978929504e+02 2.122558762085191564e+00 7.032082685676259437e-02 3.345612311363220215e+01
6.100000000000000000e+01 2.133881661260867563e-02 1.791022212031659819e+02 2.240635447249323065e+00 6.788765498179756552e-02 2.535328555107116699e+01
6.200000000000000000e+01 2.059681720271693342e-02 1.779559807660771469e+02 2.107773878661920453e+00 8.385381303065091163e-02 3.937469387054443359e+01
6.300000000000000000e+01 2.045679179709140871e-02 1.722972293016923118e+02 2.182405610149126485e+00 7.168586799599130366e-02 3.438676285743713379e+01
6.400000000000000000e+01 1.992526559005857942e-02 1.735902966310466411e+02 2.250369383524805755e+00 7.094213576600437443e-02 3.742794513702392578e+01
6.500000000000000000e+01 2.025633551593388273e-02 1.745945507592865340e+02 2.297019481347346126e+00 7.772945526753273493e-02 2.941627097129821777e+01
6.600000000000000000e+01 1.923502465924920024e-02 1.698085370764044342e+02 2.218575427109549025e+00 6.552359961125950316e-02 3.163115644454956055e+01
6.700000000000000000e+01 1.985360480542263176e-02 1.647963625322334167e+02 2.278124320412413972e+00 6.165872319354141068e-02 2.827239847183227539e+01
6.800000000000000000e+01 1.956341285075317155e-02 1.649862850739828275e+02 2.301398497940345234e+00 6.242999539160537514e-02 2.883063411712646484e+01
6.900000000000000000e+01 1.909015516365999976e-02 1.686729480444193996e+02 2.216805051399421966e+00 7.774488393692927102e-02 2.975999522209167480e+01
7.000000000000000000e+01 1.848458494611705111e-02 1.653992012257438660e+02 2.229382355103038726e+00 6.653392824185394572e-02 2.811408138275146484e+01
7.100000000000000000e+01 1.832879884180378324e-02 1.607379784037517254e+02 2.329880931613499406e+00 6.529982349635660155e-02 3.062922883033752441e+01
7.200000000000000000e+01 1.905082973470364344e-02 1.608137747781961764e+02 2.245494601850895666e+00 7.015113737675938987e-02 3.403019833564758301e+01
7.300000000000000000e+01 1.757223300570215363e-02 1.650763080551232349e+02 2.177678321332944922e+00 7.016279355140882246e-02 3.116504454612731934e+01
7.400000000000000000e+01 1.785317919113400126e-02 1.588472794479136212e+02 2.214056813203839180e+00 6.347480187340939772e-02 2.896434259414672852e+01
7.500000000000000000e+01 1.699174417934280756e-02 1.622795151220343826e+02 2.183043595866623665e+00 6.861340175823819887e-02 3.154306483268737793e+01
7.600000000000000000e+01 1.802954976139846399e-02 1.578471593113152096e+02 2.219438961028871837e+00 6.946094645624044384e-02 3.427218842506408691e+01
7.700000000000000000e+01 1.712498782736470576e-02 1.522459832495803767e+02 2.319277929270223915e+00 6.233463154806673928e-02 2.897884130477905273e+01
7.800000000000000000e+01 1.803037753436215196e-02 1.536688609955024560e+02 2.326235491634159214e+00 5.785800899589045587e-02 3.488574194908142090e+01
7.900000000000000000e+01 1.724505863283727972e-02 1.562653634963098739e+02 2.194701321987650999e+00 7.367803629231127471e-02 3.102296090126037598e+01
8.000000000000000000e+01 1.771200159749259512e-02 1.537656811736245857e+02 2.306103899859095030e+00 6.183106195012774003e-02 2.907509374618530273e+01
8.100000000000000000e+01 1.720191780740343637e-02 1.538832143058378676e+02 2.261282306324876590e+00 6.097562007613598761e-02 3.589426589012145996e+01
8.200000000000000000e+01 1.700195642369260046e-02 1.519550105896268803e+02 2.240709291204776132e+00 7.586970732911135773e-02 3.956556987762451172e+01
8.300000000000000000e+01 1.623136145218095905e-02 1.495974606585514550e+02 2.233733503265435960e+00 6.058415393401860721e-02 2.959643459320068359e+01
8.400000000000000000e+01 1.675910702264228613e-02 1.464541866471058427e+02 2.255998780969868722e+00 5.903713919201783455e-02 3.333117413520812988e+01
8.500000000000000000e+01 1.615184566702539126e-02 1.479294904453664117e+02 2.292485853644488980e+00 6.589501009623371930e-02 3.287252426147460938e+01
8.600000000000000000e+01 1.534815164873014857e-02 1.499232486714758181e+02 2.075384692743103443e+00 6.820706075736704399e-02 3.446219825744628906e+01
8.700000000000000000e+01 1.600965463394801030e-02 1.481380121337664946e+02 2.170646918414397941e+00 6.706515661414884366e-02 3.099102687835693359e+01
8.800000000000000000e+01 1.603223510325379672e-02 1.434399019633422085e+02 2.305125666597689804e+00 5.848622836619423587e-02 3.008973956108093262e+01
8.900000000000000000e+01 1.586917993674289568e-02 1.458701450208464507e+02 2.290447968807142409e+00 6.183387063858222787e-02 3.438936972618103027e+01
9.000000000000000000e+01 1.535189216381512532e-02 1.460016702286902159e+02 2.258099893387828239e+00 6.053945543599647400e-02 3.696647953987121582e+01
9.100000000000000000e+01 1.585105489742827736e-02 1.418603237902728154e+02 2.402373099296002401e+00 5.907941605899359044e-02 3.032798123359680176e+01
9.200000000000000000e+01 1.592221264228688149e-02 1.405881250696013467e+02 2.294740344856857739e+00 5.992680535781982898e-02 3.313319182395935059e+01
9.300000000000000000e+01 1.579455153487783342e-02 1.417022613681762948e+02 2.224704113965289665e+00 6.170690385863124988e-02 3.536385846138000488e+01
9.400000000000000000e+01 1.534996389904504099e-02 1.405230644777895748e+02 2.257067786734987092e+00 5.618307073148074565e-02 3.371760797500610352e+01
9.500000000000000000e+01 1.571304013290185722e-02 1.374541804311078863e+02 2.355938591185973152e+00 5.412643414712949019e-02 3.381816220283508301e+01
9.600000000000000000e+01 1.494096458000982244e-02 1.384495768171929626e+02 2.280746922899117290e+00 6.107474286477452413e-02 3.420523667335510254e+01
9.700000000000000000e+01 1.485421032980174978e-02 1.343923784875107970e+02 2.281342010902021045e+00 5.669248744939617279e-02 3.287028026580810547e+01
9.800000000000000000e+01 1.509888906211198124e-02 1.351973989129514280e+02 2.283366272972815914e+00 5.831253321212035573e-02 3.525134444236755371e+01
9.900000000000000000e+01 1.511203608507460938e-02 1.358233772654666893e+02 2.347375450366284699e+00 5.869347541395442125e-02 3.368395018577575684e+01
