2.000000000000000000e+00 1.034528708578303230e-01 2.581233211851578702e+01 5.054535292424685577e-01 5.805113509149022466e-01 1.387248039245605469e-01
3.000000000000000000e+00 7.994104692162611048e-02 2.544261036117630681e+01 1.146998674321424438e+00 2.790232809426435034e-01 1.140167713165283203e-01
4.000000000000000000e+00 6.613136779897287043e-02 3.582193608875206081e+01 9.373935264694726044e-01 3.629695026747955522e-01 1.048605442047119141e-01
5.000000000000000000e+00 5.613270758679662908e-02 3.697595391879237070e+01 9.405108693103846340e-01 3.530850195349886644e-01 1.154963970184326172e-01
6.000000000000000000e+00 4.847564552284342604e-02 3.278179606475436003e+01 1.037279817897754919e+00 3.103708222539529049e-01 1.400177478790283203e-01
7.000000000000000000e+00 4.305882556992165350e-02 2.651828006688264949e+01 1.106714910637615734e+00 2.824241483436558675e-01 1.754200458526611328e-01
8.000000000000000000e+00 3.815216309616784041e-02 2.475149156293465680e+01 1.147022837155146080e+00 2.679817199399771588e-01 1.772778034210205078e-01
9.000000000000000000e+00 3.454447424948211415e-02 2.530367587830516385e+01 1.371930629290604831e+00 1.912823876469432471e-01 2.005324363708496094e-01
1.000000000000000000e+01 3.141607260534678286e-02 2.204518052450487886e+01 1.104541137062623246e+00 2.578949557995915964e-01 1.709985733032226562e-01
1.100000000000000000e+01 2.843524200482490383e-02 2.068633669571446987e+01 1.453500603789244838e+00 1.337775222705617773e-01 1.850676536560058594e-01
1.200000000000000000e+01 2.616973616554654075e-02 1.901443438325178192e+01 1.228064165100164695e+00 1.321070218246576389e-01 2.329053878784179688e-01
1.300000000000000000e+01 2.423089163835752055e-02 1.954798506708266004e+01 1.517147520313938625e+00 1.544271926278313611e-01 2.044298648834228516e-01
1.400000000000000000e+01 2.188776097949362079e-02 1.800825872051500554e+01 1.170523331310221904e+00 1.155724623425481296e-01 1.885285377502441406e-01
1.500000000000000000e+01 2.023019703790852886e-02 1.652852657960665894e+01 1.372875646946894790e+00 9.500163765157607076e-02 1.871209144592285156e-01
1.600000000000000000e+01 1.874439527867831704e-02 1.568039153263290508e+01 1.449133338277155403e+00 6.525179983187520683e-02 1.982486248016357422e-01
1.700000000000000000e+01 1.731525760825034996e-02 1.852192166474735302e+01 1.137175564902737523e+00 1.056563438474319022e-01 1.824088096618652344e-01
1.800000000000000000e+01 1.595584578018495112e-02 1.667337867296324916e+01 1.296339573199954742e+00 9.853398138284755192e-02 1.881735324859619141e-01
1.900000000000000000e+01 1.483909140720081170e-02 1.652152056908094480e+01 9.099426310319310707e-01 7.512785351259335109e-02 2.217607498168945312e-01
2.000000000000000000e+01 1.376826407857136350e-02 1.784008515567849784e+01 1.214224839019087732e+00 7.328850294012978495e-02 2.183878421783447266e-01
2.100000000000000000e+01 1.268564296759734471e-02 1.774038808394290356e+01 9.121571500299122670e-01 8.383870400147115653e-02 1.643784046173095703e-01
2.200000000000000000e+01 1.184664649204151925e-02 1.548859307029253252e+01 1.041767216908613625e+00 4.957940091147951950e-02 1.553585529327392578e-01
2.300000000000000000e+01 1.085473593633974436e-02 1.475464525774145130e+01 1.273276791707045108e+00 2.585690460282263556e-02 1.965005397796630859e-01
2.400000000000000000e+01 1.002869718941015210e-02 1.299103883972632723e+01 1.177248418009395392e+00 -2.308849401721480704e-02 2.783679962158203125e-01
2.500000000000000000e+01 9.253504848302680774e-03 1.428473456795163621e+01 1.288562452096346345e+00 -8.747728983013743076e-03 2.560760974884033203e-01
2.600000000000000000e+01 8.540408933945930342e-03 1.407776842816908491e+01 1.140844074779759021e+00 2.750656684899003071e-02 2.319593429565429688e-01
2.700000000000000000e+01 7.724096218928957168e-03 1.637829427830039464e+01 8.946472756876211463e-01 3.727914148378823345e-02 2.192487716674804688e-01
2.800000000000000000e+01 7.086502399131177493e-03 1.631339730251944786e+01 8.214125898794033542e-01 1.222890150135238878e-02 1.940565109252929688e-01
2.900000000000000000e+01 6.492909312097220297e-03 1.744704208036292670e+01 8.541215414040286280e-01 5.466169665133672334e-02 2.115941047668457031e-01
