2.000000000000000000e+00 6.433702590354721529e-02 8.827201947146851069e+01 2.157436786616935276e+00 1.570246710495151465e-01 9.098110198974609375e-01
3.000000000000000000e+00 3.333177833920544786e-02 6.637080649359731410e+01 2.348177689755107878e+00 1.532143451311188953e-01 1.244047880172729492e+00
4.000000000000000000e+00 2.744796371511772429e-02 5.703434638162381276e+01 2.349139584316483731e+00 1.280075179873761959e-01 1.447432041168212891e+00
5.000000000000000000e+00 2.054463352551402430e-02 5.119592394444402572e+01 2.361213643811844509e+00 1.386540047204818105e-01 1.270540237426757812e+00
6.000000000000000000e+00 1.438497908029658448e-02 4.726238464548411855e+01 2.206334280019815797e+00 1.466230881476816295e-01 1.280395984649658203e+00
7.000000000000000000e+00 1.360353331471353573e-02 4.346452797959007341e+01 2.205493665046221796e+00 1.422056990746504157e-01 1.240045547485351562e+00
8.000000000000000000e+00 1.177774001078450185e-02 4.071810280838344909e+01 2.181056242039491444e+00 1.439510924698931549e-01 1.168383121490478516e+00
9.000000000000000000e+00 9.344255066666602022e-03 3.889064283210876027e+01 2.126005331179260605e+00 1.490500784751337127e-01 1.374068975448608398e+00
1.000000000000000000e+01 7.217991194436425284e-03 3.655322672924177141e+01 2.073621090267608658e+00 1.530304014077848995e-01 1.367538690567016602e+00
1.100000000000000000e+01 8.093916945505194582e-03 3.462043421335238946e+01 2.026032204835384043e+00 1.483886983940950755e-01 1.310516834259033203e+00
1.200000000000000000e+01 6.471196501753534794e-03 3.322766986719174298e+01 2.022840112017817216e+00 1.503769205667264963e-01 1.345384359359741211e+00
1.300000000000000000e+01 5.720006105350879631e-03 3.127672662244773960e+01 2.031534573220820317e+00 1.525214776763353652e-01 1.242524862289428711e+00
1.400000000000000000e+01 7.602298667346123195e-03 2.978376820557623006e+01 2.084149541203220934e+00 1.113417214783137404e-01 1.218702793121337891e+00
1.500000000000000000e+01 7.229372364958266267e-03 2.906389277221254019e+01 2.008952107638680928e+00 1.088946045300212412e-01 1.354511022567749023e+00
1.600000000000000000e+01 5.260522502542001183e-03 2.766258869862301140e+01 1.926823635648216237e+00 1.514213407443199544e-01 1.191795110702514648e+00
1.700000000000000000e+01 4.098524305146337976e-03 2.707671515333985468e+01 1.979314322806415394e+00 1.539714999976765919e-01 1.205094575881958008e+00
1.800000000000000000e+01 4.926185530572127491e-03 2.627079632961564570e+01 2.032652808784773946e+00 1.283071882795672192e-01 1.303943634033203125e+00
1.900000000000000000e+01 5.248332380097169535e-03 2.530926869417081804e+01 2.061453073745680431e+00 1.179755910991622803e-01 1.274617671966552734e+00
2.000000000000000000e+01 5.427329003783857610e-03 2.492963481985785279e+01 1.999186562376176868e+00 1.072634341218305504e-01 1.411995410919189453e+00
2.100000000000000000e+01 4.610920908264053500e-03 2.395448577805992585e+01 1.967692402337167135e+00 1.223545660104820576e-01 1.390496730804443359e+00
2.200000000000000000e+01 4.504160835327233707e-03 2.327743272844735500e+01 1.911007421449807842e+00 1.453084245812593656e-01 1.318482398986816406e+00
2.300000000000000000e+01 4.057384449481980966e-03 2.307029621581624212e+01 1.996650631676987642e+00 1.148351208532748524e-01 1.155151605606079102e+00
2.400000000000000000e+01 4.328965305735590213e-03 2.203537612497008524e+01 2.082122959592970890e+00 1.065750490074067608e-01 1.406449079513549805e+00
2.500000000000000000e+01 4.582919693501656677e-03 2.188975610719227305e+01 1.968239540050189973e+00 9.758056422978737821e-02 1.181731700897216797e+00
2.600000000000000000e+01 4.913843622374231349e-03 2.151977604902383945e+01 1.930132656627909116e+00 9.688042163413768115e-02 1.256749153137207031e+00
2.700000000000000000e+01 2.755107455207106079e-03 2.067519001307298510e+01 1.982541665791055063e+00 1.024563355694636940e-01 1.456533193588256836e+00
2.800000000000000000e+01 3.307436958464421081e-03 2.051246630888862654e+01 1.971216031920267175e+00 1.029579940759792756e-01 1.314645290374755859e+00
2.900000000000000000e+01 3.175406465176388270e-03 2.015258536942852885e+01 1.962339851101766008e+00 1.029277415938610607e-01 1.501077651977539062e+00
3.000000000000000000e+01 2.992750716333458447e-03 1.966217707616101507e+01 1.951163006049441373e+00 9.963160139199137011e-02 1.641958475112915039e+00
3.100000000000000000e+01 2.526016637825592107e-03 1.962686291646619452e+01 1.899307592175608628e+00 1.078962606658535883e-01 1.553220510482788086e+00
3.200000000000000000e+01 3.110736669023575918e-03 1.887959570851391788e+01 1.909290984158485305e+00 9.812473619712328010e-02 1.466592550277709961e+00
3.300000000000000000e+01 2.142326019824013043e-03 1.848615253810371328e+01 1.852974642325543986e+00 1.010489543435363069e-01 1.386277675628662109e+00
3.400000000000000000e+01 2.808279305238065623e-03 1.825299428931494816e+01 1.876424635516828365e+00 1.025809974670346403e-01 1.759109497070312500e+00
3.500000000000000000e+01 2.513027073926380351e-03 1.831981016173028110e+01 1.782436273481921019e+00 1.120965593118469078e-01 1.434673786163330078e+00
3.600000000000000000e+01 3.146314570835625612e-03 1.784905312707407177e+01 1.851115259490935028e+00 1.034251020614774252e-01 1.431917428970336914e+00
3.700000000000000000e+01 2.376467315409919265e-03 1.720439549183146966e+01 2.022651601456799231e+00 9.193870164043593807e-02 1.418107986450195312e+00
3.800000000000000000e+01 2.193347174057316308e-03 1.724294851241653959e+01 1.860346116781961268e+00 1.047602007190564094e-01 1.438411235809326172e+00
3.900000000000000000e+01 2.077896089359818673e-03 1.739021839274275294e+01 1.843237624024115062e+00 1.067475271261043579e-01 1.370251417160034180e+00
4.000000000000000000e+01 1.658630006848616856e-03 1.708256471136675714e+01 1.779871048247441134e+00 1.069668230603326026e-01 1.639162540435791016e+00
4.100000000000000000e+01 2.567229982914500525e-03 1.666931400415288778e+01 1.905776216681065005e+00 9.589970919495016677e-02 1.464219093322753906e+00
4.200000000000000000e+01 2.739788158247459353e-03 1.634080123168084953e+01 1.828522909462706680e+00 1.009226102066302366e-01 1.603154182434082031e+00
4.300000000000000000e+01 2.199338785100487994e-03 1.604310677857499101e+01 1.833554570180395027e+00 1.007716947789205897e-01 1.515667676925659180e+00
4.400000000000000000e+01 1.777392865634042996e-03 1.605388624476492510e+01 1.773145055721211838e+00 1.029039580141692251e-01 1.400968074798583984e+00
4.500000000000000000e+01 1.732676005741032050e-03 1.604416122674536993e+01 1.774101073900097081e+00 1.074436520553849750e-01 1.636979103088378906e+00
4.600000000000000000e+01 1.554124486709011028e-03 1.604135526053016392e+01 1.764246293863854120e+00 1.083778481775084790e-01 1.688342571258544922e+00
4.700000000000000000e+01 2.232967931114519019e-03 1.545691184323929335e+01 1.748352247174107532e+00 9.641721260713785602e-02 1.464909553527832031e+00
4.800000000000000000e+01 2.027051156108590230e-03 1.524513678357165603e+01 1.772491189287172419e+00 9.699384326057673700e-02 1.420963764190673828e+00
4.900000000000000000e+01 1.610806874028604266e-03 1.530667825543849148e+01 1.728895685038635444e+00 1.048124278055917874e-01 1.571530103683471680e+00
5.000000000000000000e+01 1.510615807369837310e-03 1.532922156655219403e+01 1.726997493449237364e+00 1.088166511596998925e-01 1.572895526885986328e+00
5.100000000000000000e+01 1.421893963421324951e-03 1.523044400595245662e+01 1.735684116502178354e+00 1.095157435318841188e-01 1.308492422103881836e+00
5.200000000000000000e+01 1.809890414151245830e-03 1.478462012421282523e+01 1.739344919278592583e+00 1.037082339442037815e-01 1.654421806335449219e+00
5.300000000000000000e+01 8.559026489277429947e-04 1.452317052799681463e+01 1.763247374767614506e+00 1.054016664858789670e-01 1.609709262847900391e+00
5.400000000000000000e+01 1.501404386100867660e-03 1.440512846134542890e+01 1.748991249938439907e+00 9.874726320965993009e-02 1.592321872711181641e+00
5.500000000000000000e+01 1.313655695188301401e-03 1.448471156251933323e+01 1.712416376757289305e+00 1.009768158896049844e-01 1.564363241195678711e+00
5.600000000000000000e+01 1.329078217930095658e-03 1.436193786773121239e+01 1.670587334594471951e+00 1.006476960060754267e-01 1.729401826858520508e+00
5.700000000000000000e+01 1.343335506522479964e-03 1.401545239535728804e+01 1.681884860857185471e+00 1.061233055592599867e-01 1.418407678604125977e+00
5.800000000000000000e+01 1.318238901280914489e-03 1.392229841764530995e+01 1.743990077610542810e+00 9.262120054510206146e-02 1.709795475006103516e+00
5.900000000000000000e+01 1.296133309778720998e-03 1.426139564383606029e+01 1.688923048309124209e+00 1.082129472290543903e-01 1.881341218948364258e+00
6.000000000000000000e+01 1.505153650900317545e-03 1.387168634719598259e+01 1.598758853985756678e+00 1.042238816657727885e-01 1.747077703475952148e+00
6.100000000000000000e+01 1.196145246393939343e-03 1.339761048641551788e+01 1.698920781526298995e+00 9.690718292635402964e-02 1.681514501571655273e+00
6.200000000000000000e+01 7.604276732936151315e-04 1.363920457152081234e+01 1.620012841012139493e+00 1.032774148008060305e-01 1.861537694931030273e+00
6.300000000000000000e+01 1.130889381616952171e-03 1.343096455651433629e+01 1.673899471565250652e+00 9.856323123602138414e-02 1.611770153045654297e+00
6.400000000000000000e+01 1.244452869217654075e-03 1.339730283904054886e+01 1.661878007682796810e+00 1.005326602384288698e-01 1.508772373199462891e+00
6.500000000000000000e+01 1.382000384876775180e-03 1.325946172684966839e+01 1.641592827818865397e+00 9.903490996397999735e-02 1.684312343597412109e+00
6.600000000000000000e+01 7.310231613230902190e-04 1.302338527650650057e+01 1.610428298886180665e+00 9.713775962031821753e-02 1.606858253479003906e+00
6.700000000000000000e+01 8.955361798603148462e-04 1.330962445082313828e+01 1.591470881085906841e+00 1.071945528830649114e-01 1.744081735610961914e+00
6.800000000000000000e+01 8.008655764029260372e-04 1.318960531141770964e+01 1.536539286055875309e+00 1.130843647902415039e-01 1.783252000808715820e+00
6.900000000000000000e+01 5.068912954352211911e-04 1.270785138518790092e+01 1.592773598632454490e+00 9.852355121607160593e-02 1.573549509048461914e+00
7.000000000000000000e+01 1.223605315452422435e-03 1.274343110666566048e+01 1.609934421408315330e+00 1.011789943486786497e-01 1.496699810028076172e+00
7.100000000000000000e+01 1.025684511293323015e-03 1.303390177743477985e+01 1.537327852312705634e+00 1.164647228403004331e-01 1.822687864303588867e+00
7.200000000000000000e+01 9.528778197783844758e-04 1.262364444365312721e+01 1.562280901078012096e+00 9.678868877128735115e-02 1.705232381820678711e+00
7.300000000000000000e+01 4.360884303287926767e-04 1.256050593362571277e+01 1.533929128831458710e+00 1.000239278298983570e-01 1.620585203170776367e+00
7.400000000000000000e+01 9.124436633426248394e-04 1.264515503589917600e+01 1.516577239351424966e+00 1.123694852156300189e-01 2.036167621612548828e+00
7.500000000000000000e+01 3.247923265034950474e-04 1.237896391014651520e+01 1.520971557163562027e+00 1.024988733057408674e-01 1.692368030548095703e+00
7.600000000000000000e+01 8.271800162018284582e-04 1.238520335083941681e+01 1.496860424022273151e+00 1.066621294506555073e-01 1.774092197418212891e+00
7.700000000000000000e+01 8.128090744562730188e-04 1.238168713746031990e+01 1.490588350682806151e+00 1.024941722353019252e-01 1.872062683105468750e+00
7.800000000000000000e+01 7.108043872471190216e-04 1.204824354502827433e+01 1.542343308576564098e+00 9.381551717848207739e-02 1.972770929336547852e+00
7.900000000000000000e+01 5.307044463672357148e-04 1.230484961746415529e+01 1.441629234294768747e+00 1.107304042489160451e-01 1.756415128707885742e+00
8.000000000000000000e+01 5.015522577730215136e-04 1.210290829689097336e+01 1.492430365483680132e+00 9.715152806352102266e-02 1.952911615371704102e+00
8.100000000000000000e+01 1.062194928764421302e-03 1.190028394952227231e+01 1.551999907703539128e+00 9.845171386900995747e-02 1.742871761322021484e+00
8.200000000000000000e+01 9.915342421618290793e-04 1.203782844480988778e+01 1.469948189966889807e+00 1.025193592662015929e-01 1.827585697174072266e+00
8.300000000000000000e+01 6.849336627913079310e-04 1.180237063873729220e+01 1.494516609229453286e+00 9.842186906947741898e-02 1.767280578613281250e+00
8.400000000000000000e+01 6.039535846010581641e-04 1.175605008788660832e+01 1.516899674659591080e+00 9.770551278104511184e-02 2.138680219650268555e+00
8.500000000000000000e+01 4.885999964180462061e-04 1.171543327174104654e+01 1.479926305808773934e+00 9.735008988542892538e-02 2.078598737716674805e+00
8.600000000000000000e+01 7.422467259787954253e-04 1.178596131299746474e+01 1.452607940025024469e+00 1.069225517505903583e-01 1.922765254974365234e+00
8.700000000000000000e+01 5.651042594499021843e-04 1.190947523082998849e+01 1.376962793382230377e+00 1.165849211053399531e-01 2.028252601623535156e+00
8.800000000000000000e+01 4.886283127741360838e-04 1.159362701220238989e+01 1.474990740301663550e+00 1.067812144442132488e-01 1.804709196090698242e+00
8.900000000000000000e+01 4.330512966281439748e-04 1.147300229074040523e+01 1.400545367280076503e+00 1.045177348925314803e-01 2.125349044799804688e+00
9.000000000000000000e+01 4.170816495103484185e-04 1.148528079508530730e+01 1.353915333100009333e+00 1.065982996832520319e-01 1.810837507247924805e+00
9.100000000000000000e+01 1.488654433614225859e-04 1.140262486442822620e+01 1.382581760675176463e+00 1.032511038664236380e-01 2.083015918731689453e+00
9.200000000000000000e+01 4.781262446429001178e-04 1.135535979883607638e+01 1.438102020123232627e+00 9.890570732097700435e-02 1.995635271072387695e+00
9.300000000000000000e+01 3.270655636575732256e-04 1.135209460602443343e+01 1.388285292521031167e+00 9.869317237061685233e-02 1.852784395217895508e+00
9.400000000000000000e+01 2.362239652679556858e-04 1.136708607802311199e+01 1.379053682295605432e+00 1.032664578297711605e-01 2.003544330596923828e+00
9.500000000000000000e+01 4.861817533500766833e-04 1.148283658253966699e+01 1.378993928714510542e+00 1.084320855057597788e-01 1.980876445770263672e+00
9.600000000000000000e+01 3.297363441579919969e-04 1.117347892012382715e+01 1.417125385382509206e+00 9.490145895881342553e-02 1.776531219482421875e+00
9.700000000000000000e+01 2.909208432724525849e-04 1.092705166100734893e+01 1.371968208468969497e+00 1.070107032393829427e-01 2.065364837646484375e+00
9.800000000000000000e+01 4.955859202711690491e-04 1.095496686362785255e+01 1.413209383074043757e+00 9.347687819084916916e-02 1.642089366912841797e+00
9.900000000000000000e+01 3.138936831419452322e-04 1.101529062857847663e+01 1.323956139856676595e+00 1.017642392655062344e-01 1.854806661605834961e+00
