2.000000000000000000e+00 4.839504058036490225e-02 1.219604527245970758e+03 1.262747980194117048e+00 3.191015070150158839e-01 2.635432004928588867e+00
3.000000000000000000e+00 3.880534523224835053e-02 1.022642090250470233e+03 1.328599611254203339e+00 2.790898572641625219e-01 4.231140375137329102e+00
4.000000000000000000e+00 3.521216125049322215e-02 8.233480375237390945e+02 1.475887492041673577e+00 2.563445015593628362e-01 7.501578807830810547e+00
5.000000000000000000e+00 3.167966201764277345e-02 7.885703747844215741e+02 1.475838725272938134e+00 2.164696381865898744e-01 6.270536422729492188e+00
6.000000000000000000e+00 2.837018819741969275e-02 7.255813568752918172e+02 1.513817459303073987e+00 2.227272426792197835e-01 7.476901769638061523e+00
7.000000000000000000e+00 2.581487324833453209e-02 6.868204379120272733e+02 1.395043015473288905e+00 1.930475474678141345e-01 7.315774917602539062e+00
8.000000000000000000e+00 2.539785029546492295e-02 6.366656552159037119e+02 1.412309447614911395e+00 1.945506204761969227e-01 6.193603038787841797e+00
9.000000000000000000e+00 1.918996931210490559e-02 6.083467218185381853e+02 1.393142483818716748e+00 1.918979684930245955e-01 5.527597188949584961e+00
1.000000000000000000e+01 2.194675288799042764e-02 5.722901563158063709e+02 1.447761864133785714e+00 1.943242896296806244e-01 7.485451698303222656e+00
1.100000000000000000e+01 2.298245394744035178e-02 5.529266237333406480e+02 1.510853313513298657e+00 1.952560297623742447e-01 7.176262855529785156e+00
1.200000000000000000e+01 1.978096037218815550e-02 5.273167743106516809e+02 1.419193927446366743e+00 1.724043817295242698e-01 5.612254619598388672e+00
1.300000000000000000e+01 1.906885889825790312e-02 5.224397254390723901e+02 1.422756052540411043e+00 1.913195936247243933e-01 1.066721487045288086e+01
1.400000000000000000e+01 1.464175049144637343e-02 5.053128284400806933e+02 1.376657335656743530e+00 2.002259364734975400e-01 8.378971815109252930e+00
1.500000000000000000e+01 1.822127780944151135e-02 4.891148129921977556e+02 1.439251987245548481e+00 1.776143411991099319e-01 7.016741275787353516e+00
1.600000000000000000e+01 1.343774780977523634e-02 4.750818599314400785e+02 1.449747385035758729e+00 1.874224754577127061e-01 8.817314147949218750e+00
1.700000000000000000e+01 1.377768091985834623e-02 4.413866224177447179e+02 1.520927293406119984e+00 1.989772559278663033e-01 6.564919471740722656e+00
1.800000000000000000e+01 1.362021134406981270e-02 4.348417408322186475e+02 1.539457471114381137e+00 1.770305918413973556e-01 5.886153936386108398e+00
1.900000000000000000e+01 1.156627001438546506e-02 4.107051173038740330e+02 1.425571418468692952e+00 1.759950925060936033e-01 8.822968721389770508e+00
2.000000000000000000e+01 1.492330053457804548e-02 4.113870105518954574e+02 1.524463814052964938e+00 1.570375114099401004e-01 6.432698965072631836e+00
2.100000000000000000e+01 1.210095577493960559e-02 4.137201575630067509e+02 1.494773282957367888e+00 1.539746199658116876e-01 7.358003854751586914e+00
2.200000000000000000e+01 1.073754355323061106e-02 3.974352960653175728e+02 1.431227471501697712e+00 1.693135739124048689e-01 8.242132186889648438e+00
2.300000000000000000e+01 1.013924186924129202e-02 4.002446979929732152e+02 1.389362064495333060e+00 1.546364594734010167e-01 9.221227884292602539e+00
2.400000000000000000e+01 1.067501160843809666e-02 3.808427398709970362e+02 1.488101676303298149e+00 1.515884896949946659e-01 7.211812257766723633e+00
2.500000000000000000e+01 9.422509806251692932e-03 3.735487429800488712e+02 1.439956087972370291e+00 1.546636795843281398e-01 1.158687257766723633e+01
2.600000000000000000e+01 9.919240963519787568e-03 3.701284148124532862e+02 1.494169240294683565e+00 1.451201902293496881e-01 8.273917436599731445e+00
2.700000000000000000e+01 1.026315637110573019e-02 3.567678306301725684e+02 1.532875481747909330e+00 1.477863373561433824e-01 9.367561817169189453e+00
2.800000000000000000e+01 9.414149255430114688e-03 3.496284811462163589e+02 1.504235164730836294e+00 1.579378921316801077e-01 8.903326749801635742e+00
2.900000000000000000e+01 8.738545258164063384e-03 3.476698571065441570e+02 1.391336306180969373e+00 1.396359298439489027e-01 8.727942705154418945e+00
3.000000000000000000e+01 9.714366726453765519e-03 3.369424751739240378e+02 1.617749274244777657e+00 1.442464994455075755e-01 9.747752428054809570e+00
3.100000000000000000e+01 1.001415606078990411e-02 3.312976089576122263e+02 1.555879489835193974e+00 1.526064127097030709e-01 8.249971866607666016e+00
3.200000000000000000e+01 9.419161605725470329e-03 3.302010689304817674e+02 1.685358692843174744e+00 1.404352649135612863e-01 6.981581926345825195e+00
3.300000000000000000e+01 8.918254708339793529e-03 3.249777895658774014e+02 1.480775450381574654e+00 1.478019372165689516e-01 8.546370506286621094e+00
3.400000000000000000e+01 9.524514294691940539e-03 3.081122790281139032e+02 1.636424441472185354e+00 1.244648599653024185e-01 9.190351724624633789e+00
3.500000000000000000e+01 9.658364185434548804e-03 3.072854864994998820e+02 1.761567677129387555e+00 1.368179988390504365e-01 8.970425128936767578e+00
3.600000000000000000e+01 9.679280972100788930e-03 2.958876567521645597e+02 1.712818024394250127e+00 1.429159945114987784e-01 7.796882629394531250e+00
3.700000000000000000e+01 9.003521314962016978e-03 2.987595255619716568e+02 1.595955714022791794e+00 1.478439595887121039e-01 7.546915769577026367e+00
3.800000000000000000e+01 8.991134538487148553e-03 2.988281909242379584e+02 1.639918933434160175e+00 1.313527748651300842e-01 8.773166418075561523e+00
3.900000000000000000e+01 8.251828595624786586e-03 2.965840723462800952e+02 1.553587215020120649e+00 1.348122545378380721e-01 9.045765876770019531e+00
4.000000000000000000e+01 8.334648485755874817e-03 2.825425876083963317e+02 1.736657377257477819e+00 1.313321310335882064e-01 8.810494422912597656e+00
4.100000000000000000e+01 8.505378685049313353e-03 2.767427280841823745e+02 1.635950141241352185e+00 1.311357925271544322e-01 7.818438053131103516e+00
4.200000000000000000e+01 8.473377753041598515e-03 2.743764593393714790e+02 1.712311436750356686e+00 1.340196069797474632e-01 7.787237405776977539e+00
4.300000000000000000e+01 8.972210550123085535e-03 2.706328084419695870e+02 1.705171019588116677e+00 1.096261196752449651e-01 7.431664228439331055e+00
4.400000000000000000e+01 8.546522747917409402e-03 2.639536765613535181e+02 1.690088252948620307e+00 1.184387600041413163e-01 8.705221176147460938e+00
4.500000000000000000e+01 8.270131425590288715e-03 2.652766272423501164e+02 1.631069850262762966e+00 1.325464747190237547e-01 9.063233375549316406e+00
4.600000000000000000e+01 8.301827056730369872e-03 2.537698492427484496e+02 1.673283491658261068e+00 1.275667714613229198e-01 1.092996191978454590e+01
4.700000000000000000e+01 8.362376474589476583e-03 2.502454247940804635e+02 1.748621929343248338e+00 1.235234156657818855e-01 9.749967098236083984e+00
4.800000000000000000e+01 8.275106337109221569e-03 2.515452680737146238e+02 1.684512493635239139e+00 1.204394091119071891e-01 9.106857299804687500e+00
4.900000000000000000e+01 7.774102748683820417e-03 2.474613403841275954e+02 1.691771809348420419e+00 1.142026643266558922e-01 1.018114423751831055e+01
5.000000000000000000e+01 8.073838062342748867e-03 2.474919932944899301e+02 1.695766081165807515e+00 1.090132763917691650e-01 9.164219141006469727e+00
5.100000000000000000e+01 7.849180609880861831e-03 2.417916200062596204e+02 1.670565932924918950e+00 1.199623896313642135e-01 8.440575122833251953e+00
5.200000000000000000e+01 7.918714487677858474e-03 2.391090593729392992e+02 1.770970871337139929e+00 1.015030907634566215e-01 8.321532011032104492e+00
5.300000000000000000e+01 7.421457959852411322e-03 2.386373277856591528e+02 1.817234532748309483e+00 1.176262869300197661e-01 9.680555582046508789e+00
5.400000000000000000e+01 7.878009725198755267e-03 2.343942169548348886e+02 1.766986825894693913e+00 9.992595112860218343e-02 8.537612676620483398e+00
5.500000000000000000e+01 7.866890543598518276e-03 2.296266553754040558e+02 1.796381220318320926e+00 1.147326997635675500e-01 9.671138763427734375e+00
5.600000000000000000e+01 6.704493689420451888e-03 2.288593611250184949e+02 1.687015260534833416e+00 1.195838261155262178e-01 9.026449441909790039e+00
5.700000000000000000e+01 6.898717538689948074e-03 2.297184522313079924e+02 1.704432014725717481e+00 1.145725602900474344e-01 9.129993677139282227e+00
5.800000000000000000e+01 6.709082321227992016e-03 2.229978620545698504e+02 1.689005259851608320e+00 1.102777868996392824e-01 7.718189716339111328e+00
5.900000000000000000e+01 6.572478846381027418e-03 2.228376548424040209e+02 1.733585790722361075e+00 1.074489124823025943e-01 9.553376913070678711e+00
6.000000000000000000e+01 7.357165524873471654e-03 2.174804478601170388e+02 1.791018300622050807e+00 1.150308973793553874e-01 9.369097948074340820e+00
6.100000000000000000e+01 7.740966614149573377e-03 2.120107230247618304e+02 1.885358327784552035e+00 1.064538136572676236e-01 7.788731098175048828e+00
6.200000000000000000e+01 7.347887464428789692e-03 2.137724530330087305e+02 1.738046487016117192e+00 9.893191566212206078e-02 9.410381078720092773e+00
6.300000000000000000e+01 6.495830464368582829e-03 2.155416243242362100e+02 1.679262127909422642e+00 1.044431765100432424e-01 1.116335940361022949e+01
6.400000000000000000e+01 6.433359735354609275e-03 2.165678895676069828e+02 1.589212353426006752e+00 1.117955869610065545e-01 7.283854246139526367e+00
6.500000000000000000e+01 7.067624617813182339e-03 2.091391973740494450e+02 1.674328750209882699e+00 1.075802526568576944e-01 1.052970457077026367e+01
6.600000000000000000e+01 6.893251254742323135e-03 2.065367382393177422e+02 1.726166191374551628e+00 1.003216987085930184e-01 8.616908073425292969e+00
6.700000000000000000e+01 6.928694257710923780e-03 2.080555742150149854e+02 1.716904545084026568e+00 9.967556923533141267e-02 7.522137403488159180e+00
6.800000000000000000e+01 6.702313105681589021e-03 2.009580373386131669e+02 1.771503067215318694e+00 9.364001922744957795e-02 8.755305290222167969e+00
6.900000000000000000e+01 7.191589186805032348e-03 2.003218590842071762e+02 1.779666231491529471e+00 1.072388099886686375e-01 1.037510395050048828e+01
7.000000000000000000e+01 6.874290265555997245e-03 2.005175479355602590e+02 1.682872441126518792e+00 1.027847738024493529e-01 8.635126113891601562e+00
7.100000000000000000e+01 6.839575112178168312e-03 1.927632242091391959e+02 1.729727463451949721e+00 9.884041494359828428e-02 1.110934495925903320e+01
7.200000000000000000e+01 6.140850179932976285e-03 1.981574289322032030e+02 1.703149982536222407e+00 8.861408133877271553e-02 9.439792156219482422e+00
7.300000000000000000e+01 6.477058759402636208e-03 1.957865635950628018e+02 1.732215743675163289e+00 1.004069896997577815e-01 7.188158750534057617e+00
7.400000000000000000e+01 6.061556111788476107e-03 1.940374780330973579e+02 1.734057126190752696e+00 8.999915278200035229e-02 7.204571723937988281e+00
7.500000000000000000e+01 6.317123284620362877e-03 1.888444296543423491e+02 1.799204867539567987e+00 9.390988549746730196e-02 8.161586523056030273e+00
7.600000000000000000e+01 6.115170855848943432e-03 1.883232946136161559e+02 1.738773400722526397e+00 8.660193280653270820e-02 9.274210929870605469e+00
7.700000000000000000e+01 5.892211276144561707e-03 1.958104243105956357e+02 1.724120707252080109e+00 9.640060484084218839e-02 6.782962799072265625e+00
7.800000000000000000e+01 6.593314756510637413e-03 1.840295943886753491e+02 1.766417659503556559e+00 9.379915592705270755e-02 9.681891918182373047e+00
7.900000000000000000e+01 6.268121567771218691e-03 1.844664935071623120e+02 1.693052324833796307e+00 8.882254843678728806e-02 8.392273902893066406e+00
8.000000000000000000e+01 5.720446868401210874e-03 1.848546368964950659e+02 1.643466626074281622e+00 9.545992349886633921e-02 6.787807464599609375e+00
8.100000000000000000e+01 6.046096769157393962e-03 1.875871698599726187e+02 1.622633631598784154e+00 1.083749185064749321e-01 1.134122896194458008e+01
8.200000000000000000e+01 6.213455728329878719e-03 1.782072990290292580e+02 1.856822198604110241e+00 8.782726672909867138e-02 9.219353914260864258e+00
8.300000000000000000e+01 6.181738055332278679e-03 1.830797398119386798e+02 1.707011275606523437e+00 8.958063656052596413e-02 8.818182229995727539e+00
8.400000000000000000e+01 5.845167351213925201e-03 1.840550914029899729e+02 1.638780894029605584e+00 8.944835156060075565e-02 8.219929695129394531e+00
8.500000000000000000e+01 5.842112175981709239e-03 1.780201189069215957e+02 1.785066433404541408e+00 8.548961058048570871e-02 8.814965724945068359e+00
8.600000000000000000e+01 6.389140384362249243e-03 1.738946548232472367e+02 1.756399378674195821e+00 9.918339932260765435e-02 9.231913328170776367e+00
8.700000000000000000e+01 5.848392029758046722e-03 1.746726984179253179e+02 1.756922686363055375e+00 8.500017248764406286e-02 1.010965991020202637e+01
8.800000000000000000e+01 6.002434562439236745e-03 1.736969151761527144e+02 1.646430374151721221e+00 9.132780749680881327e-02 8.523914098739624023e+00
8.900000000000000000e+01 5.862171346712474924e-03 1.732912627439432072e+02 1.717852401085525393e+00 9.083981011719957643e-02 8.141526699066162109e+00
9.000000000000000000e+01 5.794547388259323716e-03 1.700829991300175834e+02 1.790249086295605974e+00 9.173506355836487380e-02 8.561523199081420898e+00
9.100000000000000000e+01 5.615776192607286298e-03 1.739813949918643914e+02 1.659445648103622162e+00 9.498272905281314460e-02 1.131636691093444824e+01
9.200000000000000000e+01 5.924746445026262201e-03 1.680970788297994147e+02 1.723365624418450981e+00 9.785166013063013868e-02 9.675924539566040039e+00
9.300000000000000000e+01 5.573701725187531902e-03 1.717997907304162482e+02 1.642205906022298656e+00 9.116469263062947082e-02 9.867329597473144531e+00
9.400000000000000000e+01 6.021268638578141513e-03 1.651056029224437509e+02 1.707608040358499002e+00 8.377912079973687254e-02 1.080777311325073242e+01
9.500000000000000000e+01 5.966334257008685388e-03 1.691534866867043263e+02 1.683006397324507075e+00 9.276270571898224959e-02 9.658175468444824219e+00
9.600000000000000000e+01 5.626353431488412445e-03 1.694483479186149566e+02 1.601866705673069546e+00 8.155996158375478089e-02 9.897134780883789062e+00
9.700000000000000000e+01 5.587213988502168736e-03 1.617379124649436335e+02 1.737672526604065126e+00 8.655097343534982890e-02 9.121711015701293945e+00
9.800000000000000000e+01 5.757681528165052229e-03 1.614784789887725935e+02 1.627479283481485739e+00 8.155141339964216973e-02 8.450900793075561523e+00
9.900000000000000000e+01 5.901021207406593853e-03 1.622762684758368721e+02 1.599425657847022730e+00 9.049525833377622397e-02 9.284858465194702148e+00
