2.000000000000000000e+00 2.739227552819237937e-02 9.523381908841786014e+01 1.356981363898741799e+00 3.253773817703004556e-01 1.618115901947021484e-01
3.000000000000000000e+00 6.963613762275763786e-03 8.890221868401263805e+01 1.247367858137162999e+00 3.505318517428104852e-01 1.950018405914306641e-01
4.000000000000000000e+00 1.559787480129693621e-02 1.078905867034215618e+02 8.984417893317169224e-01 4.415025160127014070e-01 2.291867733001708984e-01
5.000000000000000000e+00 1.500597550480619290e-02 1.195195187745938910e+02 1.015312925451290926e+00 4.863042398692901669e-01 2.075839042663574219e-01
6.000000000000000000e+00 1.707130274887966315e-02 1.490332158973602645e+02 7.560915594450824395e-01 5.017068035902876311e-01 1.718683242797851562e-01
7.000000000000000000e+00 1.658653523098092830e-02 1.497094586213287926e+02 7.849015080313339610e-01 4.869017634134361616e-01 2.169883251190185547e-01
8.000000000000000000e+00 1.537829019312644645e-02 1.511677702615968144e+02 8.632976611736716821e-01 4.558667779460497949e-01 2.418520450592041016e-01
9.000000000000000000e+00 1.521513818663609158e-02 1.506433381716285851e+02 8.093261527634567631e-01 4.692970675113405932e-01 2.891554832458496094e-01
1.000000000000000000e+01 1.406662376395288391e-02 1.474126689021364314e+02 8.237492284135269349e-01 4.498276578829796812e-01 3.266134262084960938e-01
1.100000000000000000e+01 1.314292694411370657e-02 1.465310783076241989e+02 8.668242379582924428e-01 4.646370174656547225e-01 3.473634719848632812e-01
1.200000000000000000e+01 1.286909353286770988e-02 1.479003937696075184e+02 8.818205645904684253e-01 4.422949841531724213e-01 4.309194087982177734e-01
1.300000000000000000e+01 1.289950243583031474e-02 1.422145296626981406e+02 8.847990585415869136e-01 4.227485210624304934e-01 3.868691921234130859e-01
1.400000000000000000e+01 9.716170300742900737e-03 1.368254511928690533e+02 9.854898059485993622e-01 3.568015674342955856e-01 4.145784378051757812e-01
1.500000000000000000e+01 1.166621186668178808e-02 1.317160117277563529e+02 9.022421019059022607e-01 4.110396192242942170e-01 4.009675979614257812e-01
1.600000000000000000e+01 1.107425406182286493e-02 1.300047915845261741e+02 9.140549032664652129e-01 4.121924845159974371e-01 3.939728736877441406e-01
1.700000000000000000e+01 1.078000225503793555e-02 1.294301115826111754e+02 9.677342158317372434e-01 4.011409097727058337e-01 4.465804100036621094e-01
1.800000000000000000e+01 6.423886746996392873e-03 1.310798433789384490e+02 9.663155989583930294e-01 3.536818577648416229e-01 4.425051212310791016e-01
1.900000000000000000e+01 7.870929481225823546e-03 1.289236011154075925e+02 9.716030871666884172e-01 3.734206093121676950e-01 4.516458511352539062e-01
2.000000000000000000e+01 6.729400973171364639e-03 1.299465439545748495e+02 9.105344477760677346e-01 3.605246960368211906e-01 5.340173244476318359e-01
2.100000000000000000e+01 7.907111855752066085e-03 1.211804007375079806e+02 9.724131902691665053e-01 3.467778812317423021e-01 3.905131816864013672e-01
2.200000000000000000e+01 6.253040457567508696e-03 1.284396238063732767e+02 9.404878111433248034e-01 3.627564658455151858e-01 4.563806056976318359e-01
2.300000000000000000e+01 7.914970413289926926e-03 1.227919508542543809e+02 9.630567741190430020e-01 3.448471695052147679e-01 5.413877964019775391e-01
2.400000000000000000e+01 6.299958363491046757e-03 1.293430288687728478e+02 9.074634374371740586e-01 3.480564002580308625e-01 4.347486495971679688e-01
2.500000000000000000e+01 6.068587950162156706e-03 1.202687691589926260e+02 9.983587970445264581e-01 3.136521000190314878e-01 5.947439670562744141e-01
2.600000000000000000e+01 6.206636645975444760e-03 1.246906450069654824e+02 8.441158196688079984e-01 3.598403147953298520e-01 5.133099555969238281e-01
2.700000000000000000e+01 5.406723395971621375e-03 1.213029265696159769e+02 8.530531114004800131e-01 3.597719551248206304e-01 5.382094383239746094e-01
2.800000000000000000e+01 5.581279411800156229e-03 1.213042324967617418e+02 9.439254011247982801e-01 3.529426917707292333e-01 5.233044624328613281e-01
2.900000000000000000e+01 4.136405663219868897e-03 1.170771005917993648e+02 1.016739660969550485e+00 3.326146367403748361e-01 5.328111648559570312e-01
3.000000000000000000e+01 4.535730031553123799e-03 1.165990906661795634e+02 9.658372945442349478e-01 3.109512031785433561e-01 5.460917949676513672e-01
3.100000000000000000e+01 4.883825001372085230e-03 1.141066256094984936e+02 9.826469755419013907e-01 3.140476039577472789e-01 5.999579429626464844e-01
3.200000000000000000e+01 4.041281803039822873e-03 1.166071392858108027e+02 9.589059610630601416e-01 3.221028705123544777e-01 6.036000251770019531e-01
3.300000000000000000e+01 4.325381161603653740e-03 1.141287886244900847e+02 9.175006874484292752e-01 3.135173257893506538e-01 5.497372150421142578e-01
3.400000000000000000e+01 4.524246827338709691e-03 1.144601480968845806e+02 9.578971176135344656e-01 3.153438331517067206e-01 4.768652915954589844e-01
3.500000000000000000e+01 3.575519039926154056e-03 1.130408398855072392e+02 9.303203842558177561e-01 3.101782054262135491e-01 5.142996311187744141e-01
3.600000000000000000e+01 4.141733157368591121e-03 1.125689865766013185e+02 8.708631523849120759e-01 3.152111400951936870e-01 5.171613693237304688e-01
3.700000000000000000e+01 3.323064565692719369e-03 1.143365538785853488e+02 1.006872210881284646e+00 3.135768750623079693e-01 5.552415847778320312e-01
3.800000000000000000e+01 3.842064607110921935e-03 1.104363533918787823e+02 8.183338817920510211e-01 3.075774456173493432e-01 5.011460781097412109e-01
3.900000000000000000e+01 3.028774912192171327e-03 1.110330795133862551e+02 8.856467501113979290e-01 3.014662474372915568e-01 5.421454906463623047e-01
4.000000000000000000e+01 3.322345023922738342e-03 1.084214151282004082e+02 8.452142110440318268e-01 2.984470495827005743e-01 5.505568981170654297e-01
4.100000000000000000e+01 3.300665747669411561e-03 1.069537632375237735e+02 8.427102944933033690e-01 3.000925084156100819e-01 5.708565711975097656e-01
4.200000000000000000e+01 2.999569069472003777e-03 1.090507564349812384e+02 9.581501131312146757e-01 2.820054346820533575e-01 5.965096950531005859e-01
4.300000000000000000e+01 3.366443468489071968e-03 1.061491244692106903e+02 8.395292745603605278e-01 2.919008245548372904e-01 5.629339218139648438e-01
4.400000000000000000e+01 2.172865320697741319e-03 1.067366467018809146e+02 8.737408665940712416e-01 2.955804615873581231e-01 5.370547771453857422e-01
4.500000000000000000e+01 2.964688356169671926e-03 1.082142320076716118e+02 8.494695642401669522e-01 2.895475594368482897e-01 5.394749641418457031e-01
4.600000000000000000e+01 3.282154718602553565e-03 1.068328780659000898e+02 8.003734326883652495e-01 2.907836748107998637e-01 5.881936550140380859e-01
4.700000000000000000e+01 3.301744859319789491e-03 1.042857944924362528e+02 8.312899047427201316e-01 2.836880995574700415e-01 5.616621971130371094e-01
4.800000000000000000e+01 3.163636478369265259e-03 1.045323239828291264e+02 8.208563892081027769e-01 2.834766105780520129e-01 5.523605346679687500e-01
4.900000000000000000e+01 3.214830419220440598e-03 1.030523581970550282e+02 8.284068986358791298e-01 2.769740626816272755e-01 6.077628135681152344e-01
5.000000000000000000e+01 3.008835756482791841e-03 1.039690729375798810e+02 8.886050879819440418e-01 2.625753085440944989e-01 4.978516101837158203e-01
5.100000000000000000e+01 2.589099893631873883e-03 1.053944119958828622e+02 8.500607900697358943e-01 2.795964230042898291e-01 5.235297679901123047e-01
5.200000000000000000e+01 3.620644415784377533e-03 1.054258350971655744e+02 8.127052433813856114e-01 2.650913025352284458e-01 5.860633850097656250e-01
5.300000000000000000e+01 2.707186332026335993e-03 1.044872955946669038e+02 8.329722614844997652e-01 2.658686153005434538e-01 6.643118858337402344e-01
5.400000000000000000e+01 2.128149558906877563e-03 1.069436523725085806e+02 7.591684096830683126e-01 2.868082722674168417e-01 5.953595638275146484e-01
5.500000000000000000e+01 1.754808121841578122e-03 1.073198868367868499e+02 7.207337078591651292e-01 3.007490121502831570e-01 5.651042461395263672e-01
5.600000000000000000e+01 2.349330146594811545e-03 1.057644545003849004e+02 8.181599826806847942e-01 2.669848047640017152e-01 6.679708957672119141e-01
5.700000000000000000e+01 2.211852176207629479e-03 1.068986755724791919e+02 7.911505466982672319e-01 2.744105413656685588e-01 5.975852012634277344e-01
5.800000000000000000e+01 2.462352644185387008e-03 1.081362710899021096e+02 8.171774769736672717e-01 2.588152511780133502e-01 6.069767475128173828e-01
5.900000000000000000e+01 2.094148620672878214e-03 1.083443844608283513e+02 7.763936588042943399e-01 2.810204679783345205e-01 6.570377349853515625e-01
6.000000000000000000e+01 1.352376712489461496e-03 1.092504819744239768e+02 7.565550495257032937e-01 2.839516629449666540e-01 7.778947353363037109e-01
6.100000000000000000e+01 2.052290624402735263e-03 1.089500515317877927e+02 7.242375416585972170e-01 2.734054194736429411e-01 7.704832553863525391e-01
6.200000000000000000e+01 1.560397936242528642e-03 1.103004219111062270e+02 6.648544155899416275e-01 3.095268803262571922e-01 7.422492504119873047e-01
6.300000000000000000e+01 1.559015103786768643e-03 1.113621112757920883e+02 6.700986321873984020e-01 3.093385062440435762e-01 8.421330451965332031e-01
6.400000000000000000e+01 1.547719746501667040e-03 1.101019365293118852e+02 6.547057539816879546e-01 3.043349939732825082e-01 8.937492370605468750e-01
6.500000000000000000e+01 1.563100379282242108e-03 1.087441837830672853e+02 6.927411133637247920e-01 2.782799849085429988e-01 7.753989696502685547e-01
6.600000000000000000e+01 1.517769801790510697e-03 1.142525833846898422e+02 6.996175311022958532e-01 2.684838135302536899e-01 7.138912677764892578e-01
6.700000000000000000e+01 1.830486065147273736e-03 1.121446944891963824e+02 6.580148226551929547e-01 2.664722534369010631e-01 8.370244503021240234e-01
6.800000000000000000e+01 1.716934982224440276e-03 1.088326432415601488e+02 6.676622756840788764e-01 2.758947073585512055e-01 7.742881774902343750e-01
6.900000000000000000e+01 1.502865433638974702e-03 1.138356499306773486e+02 6.949591549947852220e-01 2.648250152867959728e-01 7.227826118469238281e-01
7.000000000000000000e+01 1.787623899993720294e-03 1.134790499677313136e+02 6.664670661205142066e-01 2.753592515131921825e-01 7.015943527221679688e-01
7.100000000000000000e+01 1.202762870713619710e-03 1.142202921574232732e+02 6.739505350922738725e-01 2.690128561700470544e-01 7.034890651702880859e-01
7.200000000000000000e+01 1.956843560186278651e-03 1.127690215862981233e+02 7.087189770975739211e-01 2.560260510121729616e-01 6.962964534759521484e-01
7.300000000000000000e+01 1.391483881474277901e-03 1.127370415431633006e+02 7.064000016697419282e-01 2.529698999533282477e-01 6.772756576538085938e-01
7.400000000000000000e+01 1.717004123199187887e-03 1.125528432781304815e+02 6.399132231012653049e-01 2.646842674726272993e-01 6.856377124786376953e-01
7.500000000000000000e+01 1.705871744109852591e-03 1.122350434165191047e+02 6.751378935874925435e-01 2.591307887451301806e-01 7.575271129608154297e-01
7.600000000000000000e+01 1.193888308514781367e-03 1.099552365876931646e+02 7.179818917825352420e-01 2.316896258058139813e-01 7.190337181091308594e-01
7.700000000000000000e+01 1.084281610883617870e-03 1.125038104900011007e+02 6.367573799630721343e-01 2.598915202224096332e-01 7.135784626007080078e-01
7.800000000000000000e+01 1.241454336191654502e-03 1.119104244032896389e+02 6.887749185097082893e-01 2.280401705936581369e-01 6.858117580413818359e-01
7.900000000000000000e+01 1.471154065765324084e-03 1.117017099317212967e+02 6.621298392245961173e-01 2.402764535512957877e-01 7.105722427368164062e-01
8.000000000000000000e+01 1.328236100540099683e-03 1.159488712346693120e+02 6.479162948566706826e-01 2.462733210191304645e-01 7.601208686828613281e-01
8.100000000000000000e+01 1.400890417090092837e-03 1.133659938438503190e+02 6.117098952128708911e-01 2.487939241432745585e-01 7.325799465179443359e-01
8.200000000000000000e+01 1.393884673731635333e-03 1.102981469654939986e+02 6.119607987935250515e-01 2.463917378528521218e-01 8.779211044311523438e-01
8.300000000000000000e+01 1.239789089393807933e-03 1.201592031764075585e+02 6.524676422529545050e-01 2.542234361633373130e-01 9.275486469268798828e-01
8.400000000000000000e+01 9.300687013723735229e-04 1.150539873998231855e+02 6.665680232913827608e-01 2.258983846454792610e-01 8.198978900909423828e-01
8.500000000000000000e+01 1.237939480127506296e-03 1.163322220100539397e+02 6.549150522353520687e-01 2.386476770575439443e-01 7.643458843231201172e-01
8.600000000000000000e+01 1.282261949314105875e-03 1.125540285059437053e+02 6.189286037809260677e-01 2.375574188779121798e-01 8.990306854248046875e-01
8.700000000000000000e+01 1.306069906671269510e-03 1.128226569662345611e+02 6.294469551114151296e-01 2.327120130502372541e-01 8.042385578155517578e-01
8.800000000000000000e+01 7.873003611130366093e-04 1.146996549075109897e+02 6.629641146500545590e-01 2.254341741659703080e-01 8.424308300018310547e-01
8.900000000000000000e+01 8.881094634356071545e-04 1.225562403974708019e+02 6.023133565204645823e-01 2.495376470196213337e-01 8.315527439117431641e-01
9.000000000000000000e+01 1.210278854146637278e-03 1.149241451773090574e+02 6.264492694401260220e-01 2.181381906469233578e-01 8.258128166198730469e-01
9.100000000000000000e+01 1.029116153864903299e-03 1.178265668934596135e+02 6.062935238964919371e-01 2.325102910879842943e-01 8.215341567993164062e-01
9.200000000000000000e+01 1.007721170620815487e-03 1.173118405359923884e+02 6.336882479852681271e-01 2.175754892919032069e-01 8.338382244110107422e-01
9.300000000000000000e+01 8.060384397290986432e-04 1.202098648051978387e+02 5.658044273591945617e-01 2.290441921708213924e-01 9.073295593261718750e-01
9.400000000000000000e+01 7.333809270266264174e-04 1.182617275564624606e+02 6.173203850282548144e-01 2.097711462720616427e-01 8.690323829650878906e-01
9.500000000000000000e+01 6.088394608406310802e-04 1.184376221041896997e+02 5.812418132325656295e-01 2.195515924625220938e-01 8.483145236968994141e-01
9.600000000000000000e+01 1.028050376024542420e-03 1.196059675496709644e+02 5.993071947918917619e-01 2.238542340851573664e-01 7.989211082458496094e-01
9.700000000000000000e+01 1.029827652215872759e-03 1.214839970123580315e+02 5.924455421160284008e-01 2.239512856593687540e-01 7.849335670471191406e-01
9.800000000000000000e+01 1.012135956075717021e-03 1.214178724836576038e+02 5.922226666828319663e-01 2.165662180269078141e-01 9.107236862182617188e-01
9.900000000000000000e+01 9.744146381025872066e-04 1.224581208535979897e+02 5.982361133151709032e-01 2.123123894800546807e-01 1.000281333923339844e+00
