2.000000000000000000e+00 6.337797199114340863e-02 6.360949517822589314e+02 8.357251199719739621e-01 4.848341280360972116e-01 5.647339820861816406e-01
3.000000000000000000e+00 4.827812635558010462e-02 5.541616406136693058e+02 9.557415580055627080e-01 4.197387064738900553e-01 9.751958847045898438e-01
4.000000000000000000e+00 4.436813203947185397e-02 5.506356082457423327e+02 9.522767958166586943e-01 3.631294646184530794e-01 1.168605804443359375e+00
5.000000000000000000e+00 3.779230635778518810e-02 4.754047255561511633e+02 1.236611050969998127e+00 3.003879802313939584e-01 1.524960041046142578e+00
6.000000000000000000e+00 3.345743550094794350e-02 4.522528351412715892e+02 1.209416041204878667e+00 3.023042963595528043e-01 1.130027055740356445e+00
7.000000000000000000e+00 3.179173445002927978e-02 4.443130269406128718e+02 1.192838303892245211e+00 2.638980640599191685e-01 1.257030010223388672e+00
8.000000000000000000e+00 2.894355045269018240e-02 4.306809271376713468e+02 1.173665813228464305e+00 2.617905645333473141e-01 1.412402391433715820e+00
9.000000000000000000e+00 2.684753704517063230e-02 3.879851680247107311e+02 1.294479142256861337e+00 2.423549038307481474e-01 1.300851106643676758e+00
1.000000000000000000e+01 2.498777347990936704e-02 3.639340956764061161e+02 1.479732453766316791e+00 2.352569925281013663e-01 1.439639091491699219e+00
1.100000000000000000e+01 2.354799355052962159e-02 3.346334148763157827e+02 1.483491265666853076e+00 2.209573515350243822e-01 1.320673704147338867e+00
1.200000000000000000e+01 2.268436904746820929e-02 3.162357257462176108e+02 1.688447980704482987e+00 1.871750826377366062e-01 1.224158525466918945e+00
1.300000000000000000e+01 2.161487345069488739e-02 3.044289899266678958e+02 1.520058493520969556e+00 1.787501673888194365e-01 1.330643177032470703e+00
1.400000000000000000e+01 2.062457276959681757e-02 2.963749693916986416e+02 1.516885313441897143e+00 1.759925501867085906e-01 1.233538389205932617e+00
1.500000000000000000e+01 1.985083903510623596e-02 2.806436045415530884e+02 1.621894296437850214e+00 1.589246022718011075e-01 1.449207544326782227e+00
1.600000000000000000e+01 1.899729924270907727e-02 2.719651699843909682e+02 1.727502767801069705e+00 1.487866189069605993e-01 1.665614843368530273e+00
1.700000000000000000e+01 1.808187928974410233e-02 2.523554350389772480e+02 1.688148311554128700e+00 1.668749766498106024e-01 1.205804109573364258e+00
1.800000000000000000e+01 1.736101295037332723e-02 2.428368692552501216e+02 1.742718839316530266e+00 1.656793613703089751e-01 1.274698019027709961e+00
1.900000000000000000e+01 1.688956585647677019e-02 2.376664559046622855e+02 1.899413712392202358e+00 1.484273200553843652e-01 1.304288864135742188e+00
2.000000000000000000e+01 1.642564022950243965e-02 2.296715004441955159e+02 1.822141658659324204e+00 1.479587579382808105e-01 1.177407026290893555e+00
2.100000000000000000e+01 1.600964568668159643e-02 2.278969340754606776e+02 1.622524639925737588e+00 1.308216276092796782e-01 1.569118022918701172e+00
2.200000000000000000e+01 1.545133554428457581e-02 2.163680243890671306e+02 1.726424172675042223e+00 1.252280256654108859e-01 1.422636508941650391e+00
2.300000000000000000e+01 1.497596818638660503e-02 2.034347557670374442e+02 1.905021230294989820e+00 1.139534914702522161e-01 1.430940389633178711e+00
2.400000000000000000e+01 1.462815083249377306e-02 1.968127985070221371e+02 1.791077214972345955e+00 1.131189407891415727e-01 1.366096735000610352e+00
2.500000000000000000e+01 1.412650896179181575e-02 1.960683463716288486e+02 1.916129402110883673e+00 1.195302875161694117e-01 1.148418426513671875e+00
2.600000000000000000e+01 1.386933548610058339e-02 1.887734305966484953e+02 1.960916406801137102e+00 1.009979847226286365e-01 1.521338224411010742e+00
2.700000000000000000e+01 1.347231571429781394e-02 1.862166741464547499e+02 1.904287349616983427e+00 1.106431577699612812e-01 1.430954456329345703e+00
2.800000000000000000e+01 1.324311264347385886e-02 1.821194215119576540e+02 1.877734790287729272e+00 1.098673187720138750e-01 1.497880697250366211e+00
2.900000000000000000e+01 1.294225085655484678e-02 1.806558767047748120e+02 1.858038715830972576e+00 1.112164135322151332e-01 1.519108057022094727e+00
3.000000000000000000e+01 1.258764979759683690e-02 1.752916971531370223e+02 1.828792060175973067e+00 1.118827270907445381e-01 1.275795936584472656e+00
3.100000000000000000e+01 1.236678958875761167e-02 1.710976598557521413e+02 1.821605334748437777e+00 1.063360560781183434e-01 1.143032073974609375e+00
3.200000000000000000e+01 1.212039177528197002e-02 1.635040000467332675e+02 1.901062939959196951e+00 9.886560632143984173e-02 1.802574396133422852e+00
3.300000000000000000e+01 1.179946235115389083e-02 1.634788289875096439e+02 1.819216877431879542e+00 1.050443175862028067e-01 1.469173192977905273e+00
3.400000000000000000e+01 1.154589144788659844e-02 1.605293829420116367e+02 1.848095951915607049e+00 1.049363659217595612e-01 1.586048841476440430e+00
3.500000000000000000e+01 1.130659761714568681e-02 1.556869062433841862e+02 1.941235023702062135e+00 9.960605157483756744e-02 1.486336231231689453e+00
3.600000000000000000e+01 1.101895720523805508e-02 1.512451805959268256e+02 1.912472082611317070e+00 9.837434477781631381e-02 1.484152793884277344e+00
3.700000000000000000e+01 1.080156114530075005e-02 1.481399311403278034e+02 1.891155278152770292e+00 9.892112709892399158e-02 1.709593534469604492e+00
3.800000000000000000e+01 1.065601509457271383e-02 1.452429446109144919e+02 1.910991085848894988e+00 8.974180473042497885e-02 1.204890727996826172e+00
3.900000000000000000e+01 1.045000752962440410e-02 1.417005045796306604e+02 1.922836856478772782e+00 8.680477810924427939e-02 1.327465772628784180e+00
4.000000000000000000e+01 1.027062034387129369e-02 1.425281199892514223e+02 1.872702565810890007e+00 8.702729682093877928e-02 1.293709516525268555e+00
4.100000000000000000e+01 1.006773994910545658e-02 1.386954264503815750e+02 1.871367133907280822e+00 8.606397644300874117e-02 1.317028760910034180e+00
4.200000000000000000e+01 9.882959838639423719e-03 1.364292127790942004e+02 1.882801707992056039e+00 8.360701382073600085e-02 1.472217082977294922e+00
4.300000000000000000e+01 9.742952616184850576e-03 1.329024105025094400e+02 1.911028522188529921e+00 7.936312712727930374e-02 1.579737186431884766e+00
4.400000000000000000e+01 9.542807652464709370e-03 1.294381864250198646e+02 1.962152179336347890e+00 7.604242598326035885e-02 1.308582782745361328e+00
4.500000000000000000e+01 9.431599698598828671e-03 1.269711587456656190e+02 1.965256054291016019e+00 6.767212766045496708e-02 1.303830146789550781e+00
4.600000000000000000e+01 9.253476378995257115e-03 1.282519846627501749e+02 1.794857734123658677e+00 7.241334260327911276e-02 1.524990558624267578e+00
4.700000000000000000e+01 9.162156895263555423e-03 1.294873452401538998e+02 1.911005519618883985e+00 7.340615739942119022e-02 1.690907716751098633e+00
4.800000000000000000e+01 9.044854749870255908e-03 1.208433302427976912e+02 1.967873815266475646e+00 6.293307018521829277e-02 1.338089466094970703e+00
4.900000000000000000e+01 8.837677998191786552e-03 1.221322861561467761e+02 1.816877370034733374e+00 7.869887335032495213e-02 1.320355415344238281e+00
5.000000000000000000e+01 8.744233718849319173e-03 1.196901079886612251e+02 1.842536198680868154e+00 6.317437370501235994e-02 1.451378345489501953e+00
5.100000000000000000e+01 8.458377478562029844e-03 1.211890744113985221e+02 1.825045023999604998e+00 7.830110507603157965e-02 1.431523561477661133e+00
5.200000000000000000e+01 8.389790462152055608e-03 1.140067486360165390e+02 1.896793973208555029e+00 6.156379311179505098e-02 1.680955886840820312e+00
5.300000000000000000e+01 8.254264381195400638e-03 1.152709946356736737e+02 1.918019664860408424e+00 6.762755719531549081e-02 1.672009944915771484e+00
5.400000000000000000e+01 8.293929482166194356e-03 1.112436374269735921e+02 1.922341627249639195e+00 5.183384100588810106e-02 1.727912664413452148e+00
5.500000000000000000e+01 8.096305760841004603e-03 1.122567888625817858e+02 1.866902589483820929e+00 6.431011486368777563e-02 1.563216209411621094e+00
5.600000000000000000e+01 8.021386525050962918e-03 1.100814239523582785e+02 1.828972432621079225e+00 6.066992238512061014e-02 1.522033452987670898e+00
5.700000000000000000e+01 7.907152174836987527e-03 1.085467421689718748e+02 1.734444817733265864e+00 8.021544561127630368e-02 1.899025917053222656e+00
5.800000000000000000e+01 7.707569995735188799e-03 1.062429084238611381e+02 1.915813365450737660e+00 5.630087623449733097e-02 1.537254810333251953e+00
5.900000000000000000e+01 7.635246412869763598e-03 1.071613592855471921e+02 1.734891899197491094e+00 5.590936961931219917e-02 1.599463939666748047e+00
6.000000000000000000e+01 7.634934460108415248e-03 1.073275683898251742e+02 1.898299347199240650e+00 5.989514231316502013e-02 1.570649385452270508e+00
6.100000000000000000e+01 7.373207877061275714e-03 1.028931158340773919e+02 1.892804530777260963e+00 5.354337288744007856e-02 1.645203590393066406e+00
6.200000000000000000e+01 7.275670472691797737e-03 1.032273333492550620e+02 1.868337201905335032e+00 5.550157913947772331e-02 1.733459234237670898e+00
6.300000000000000000e+01 7.195377741702687312e-03 9.997366266864274564e+01 1.892457766105707373e+00 4.620570949376491543e-02 1.482007741928100586e+00
6.400000000000000000e+01 7.125204051104658265e-03 1.002583501118533036e+02 1.871100587116406810e+00 5.489580012127258379e-02 1.780246734619140625e+00
6.500000000000000000e+01 7.120134449708011466e-03 9.972101889539740682e+01 1.846207891267812151e+00 4.903853524234584593e-02 1.563815593719482422e+00
6.600000000000000000e+01 6.981759450555249935e-03 9.819344646529103215e+01 1.877706244411862180e+00 4.306686935413420875e-02 1.663027048110961914e+00
6.700000000000000000e+01 6.871088896992822055e-03 1.008373026680525726e+02 1.807538594806878951e+00 6.084036612996226306e-02 1.544022560119628906e+00
6.800000000000000000e+01 6.768583872862393366e-03 9.412258875117080947e+01 1.842012417357186571e+00 5.486838124851670107e-02 1.781780004501342773e+00
6.900000000000000000e+01 6.851545984806610944e-03 9.409748581185171190e+01 1.794380536429606599e+00 5.194093564310275218e-02 1.696872234344482422e+00
7.000000000000000000e+01 6.677184765578317825e-03 9.453588553775428238e+01 1.888724794848108735e+00 5.619208449637142638e-02 1.763436794281005859e+00
7.100000000000000000e+01 6.591899515420180516e-03 9.701274840887685968e+01 1.770713541847400707e+00 5.573727962978792388e-02 1.704141139984130859e+00
7.200000000000000000e+01 6.468121042189276665e-03 9.366896950476507300e+01 1.805201341907290535e+00 4.023711126755191020e-02 1.551745414733886719e+00
7.300000000000000000e+01 6.399035130387376209e-03 9.300047421071941756e+01 1.751533196158385985e+00 4.203871202570762244e-02 1.979266881942749023e+00
7.400000000000000000e+01 6.266841434724266559e-03 9.054849503684843626e+01 1.805897178033080142e+00 4.668962720675241818e-02 1.708958864212036133e+00
7.500000000000000000e+01 6.306642599956835404e-03 9.053545117916468143e+01 1.761471206227184449e+00 4.153086755180666889e-02 1.480021953582763672e+00
7.600000000000000000e+01 6.182601947213066905e-03 9.258633313749585625e+01 1.751576459311371847e+00 5.096029410882807476e-02 1.779771089553833008e+00
7.700000000000000000e+01 6.066826732995623389e-03 9.105995223523765958e+01 1.791394495567246503e+00 4.236856857533490700e-02 1.494413137435913086e+00
7.800000000000000000e+01 6.125220155336392851e-03 8.908316995060124555e+01 1.744220362995996476e+00 4.121424226167622051e-02 1.478588104248046875e+00
7.900000000000000000e+01 6.052775095562994839e-03 8.820924922670124602e+01 1.735696629587118123e+00 4.089776042697081115e-02 1.461004257202148438e+00
8.000000000000000000e+01 5.997011260851101144e-03 8.749512449913554235e+01 1.738881079117703177e+00 3.852042087432785283e-02 1.504802227020263672e+00
8.100000000000000000e+01 5.877702798099523375e-03 8.596537088562671158e+01 1.752161983328414552e+00 4.747303894407415431e-02 1.805787086486816406e+00
8.200000000000000000e+01 5.847680769171414127e-03 8.622813042846885878e+01 1.737096367031695010e+00 3.894296569030466365e-02 1.832050085067749023e+00
8.300000000000000000e+01 5.785047653551763681e-03 8.543684495242747801e+01 1.735809090504325525e+00 3.832440266629047465e-02 1.626523017883300781e+00
8.400000000000000000e+01 5.730842819292338713e-03 8.478878929676633902e+01 1.727160445286178403e+00 3.959068716504619834e-02 1.493448734283447266e+00
8.500000000000000000e+01 5.661923751409921393e-03 8.530643388735309429e+01 1.733027082976214217e+00 4.148553881364457768e-02 1.385757923126220703e+00
8.600000000000000000e+01 5.540648830418367331e-03 8.269798974522311141e+01 1.703055921944322648e+00 3.994543181504843499e-02 1.649823188781738281e+00
8.700000000000000000e+01 5.403365609528243234e-03 8.091506148786275787e+01 1.765899251553206373e+00 2.455920359659421667e-02 1.801332235336303711e+00
8.800000000000000000e+01 5.485432034777597624e-03 8.340926778211238002e+01 1.698604425034994314e+00 4.062405623160272872e-02 1.678911924362182617e+00
8.900000000000000000e+01 5.412308584394107981e-03 8.258269637693629761e+01 1.694615485323790693e+00 3.984709420529924939e-02 1.711772441864013672e+00
9.000000000000000000e+01 5.349685950769935729e-03 8.202783624044201360e+01 1.677849140235737391e+00 4.032092264538587878e-02 1.697521924972534180e+00
9.100000000000000000e+01 5.290128022890502706e-03 8.109521361673446904e+01 1.693756115314790867e+00 3.863062782619730573e-02 1.589270830154418945e+00
9.200000000000000000e+01 5.225306053823757825e-03 8.076820352073596609e+01 1.681909733872240853e+00 3.968494722693803600e-02 1.999006748199462891e+00
9.300000000000000000e+01 5.169061266355516604e-03 8.001595965271710043e+01 1.679467408212774737e+00 3.919496177549711136e-02 1.818713188171386719e+00
9.400000000000000000e+01 5.121670478377444470e-03 7.868400847729441239e+01 1.676809068465016317e+00 3.475834631848607331e-02 1.722164154052734375e+00
9.500000000000000000e+01 5.015532494651390658e-03 7.629543639118860199e+01 1.756281084848527518e+00 3.095071196674381922e-02 1.536768198013305664e+00
9.600000000000000000e+01 4.947496995233758264e-03 7.697855468306435966e+01 1.691067409707946112e+00 2.174205405471297745e-02 2.009275436401367188e+00
9.700000000000000000e+01 4.990097232536175841e-03 7.654468861510869715e+01 1.671880109812731607e+00 2.918150681497393498e-02 2.004851102828979492e+00
9.800000000000000000e+01 4.930399176261548999e-03 7.614318472481582489e+01 1.669894169307067910e+00 2.865994283492193442e-02 1.646445512771606445e+00
9.900000000000000000e+01 4.883488032177626947e-03 7.540142893358422782e+01 1.654700371816925752e+00 2.700183145767676499e-02 1.780445575714111328e+00
