2.000000000000000000e+00 5.429487990088381622e-02 7.808070448268247219e+02 9.203196979591884430e-01 4.541083803030562804e-01 8.399436473846435547e-01
3.000000000000000000e+00 4.258246737820649969e-02 6.076880963223701428e+02 1.002540163608674595e+00 3.950863101607857142e-01 1.177294492721557617e+00
4.000000000000000000e+00 3.968492958003468074e-02 6.740618550562923019e+02 1.004413343696311856e+00 3.384408860381795670e-01 1.784694671630859375e+00
5.000000000000000000e+00 3.770728549653240558e-02 6.167030000681496631e+02 9.967894378075540240e-01 3.175112429441046547e-01 1.682497739791870117e+00
6.000000000000000000e+00 3.247941056639953167e-02 5.624531876266635209e+02 1.170099855602198202e+00 2.751801332895355556e-01 2.331509590148925781e+00
7.000000000000000000e+00 2.898868710825475842e-02 5.448459573655998156e+02 1.149775531089613168e+00 2.799028191547124345e-01 2.247239589691162109e+00
8.000000000000000000e+00 2.808383397176734617e-02 5.277750331213462687e+02 1.191630450665163821e+00 2.507205957335587043e-01 1.978460311889648438e+00
9.000000000000000000e+00 2.567960190906774451e-02 5.041903498875438459e+02 1.161696936582350848e+00 2.419433863364229831e-01 1.986406803131103516e+00
1.000000000000000000e+01 2.375403101259994029e-02 4.742601657328103215e+02 1.228794901106819548e+00 2.373336441070912350e-01 1.897502183914184570e+00
1.100000000000000000e+01 2.229520615890923443e-02 4.447387872264755515e+02 1.310552618464969843e+00 2.334837037583811503e-01 2.220474004745483398e+00
1.200000000000000000e+01 2.281638800229633321e-02 4.310339017703581703e+02 1.258292545996479328e+00 2.281345426944364208e-01 2.304257154464721680e+00
1.300000000000000000e+01 2.257161858129278637e-02 4.198913756162691016e+02 1.222289478088424142e+00 2.077437444565631841e-01 1.920633554458618164e+00
1.400000000000000000e+01 2.009408667333658152e-02 3.906826098450110862e+02 1.318826884939205968e+00 2.035572642504605012e-01 2.462922096252441406e+00
1.500000000000000000e+01 1.971559257717707750e-02 3.702417234816151108e+02 1.372963383019458972e+00 2.030780910807684914e-01 2.632728576660156250e+00
1.600000000000000000e+01 2.029075749500449180e-02 3.581713902411150912e+02 1.426511378779425687e+00 1.727143225230728663e-01 1.977528810501098633e+00
1.700000000000000000e+01 1.824244212677474455e-02 3.445711424313852831e+02 1.680260342974472687e+00 1.685339571474559761e-01 2.955435514450073242e+00
1.800000000000000000e+01 1.749922125664345532e-02 3.252828055083369918e+02 1.562557672566214029e+00 1.749394154537101120e-01 2.288865804672241211e+00
1.900000000000000000e+01 1.720718582849994904e-02 3.205606000007534249e+02 1.580890757525140300e+00 1.518473909088234042e-01 2.035829067230224609e+00
2.000000000000000000e+01 1.644733513606015315e-02 3.085037312162497187e+02 1.631268410093766219e+00 1.461147311488220912e-01 2.095058202743530273e+00
2.100000000000000000e+01 1.636206575195516336e-02 3.063907787229537121e+02 1.701166281719252549e+00 1.482011326927990813e-01 2.296245098114013672e+00
2.200000000000000000e+01 1.593185811653027514e-02 2.883270185609979421e+02 1.843117863135863566e+00 1.377472182494112185e-01 2.585385560989379883e+00
2.300000000000000000e+01 1.580746077552026840e-02 2.904944214070021076e+02 1.478268085938293286e+00 1.451194924321642377e-01 2.445182085037231445e+00
2.400000000000000000e+01 1.528876039701261222e-02 2.837204782188099443e+02 1.596104121990453706e+00 1.456809795890432746e-01 2.399341106414794922e+00
2.500000000000000000e+01 1.484020025499925739e-02 2.729373978639090410e+02 1.530343722313921351e+00 1.419656735776309575e-01 2.170606136322021484e+00
2.600000000000000000e+01 1.463411274762258657e-02 2.629091169726867747e+02 1.790114484293470642e+00 1.130099672866363841e-01 2.287012338638305664e+00
2.700000000000000000e+01 1.423353437961447261e-02 2.571923376175278122e+02 1.860221971014518028e+00 1.112781195087937242e-01 2.292534112930297852e+00
2.800000000000000000e+01 1.392163587310543509e-02 2.519446769127456776e+02 1.594143447279976700e+00 1.139070410945466627e-01 1.831190347671508789e+00
2.900000000000000000e+01 1.355239783739042858e-02 2.440986881937467388e+02 1.686268947592172385e+00 1.122357767439119552e-01 1.942968606948852539e+00
3.000000000000000000e+01 1.268728396310082884e-02 2.455062147887132653e+02 1.707254031095338354e+00 1.111182951796740037e-01 2.333562612533569336e+00
3.100000000000000000e+01 1.312812361215408979e-02 2.365557108976767893e+02 1.754932747387089265e+00 1.096447119268239567e-01 2.091598033905029297e+00
3.200000000000000000e+01 1.236039016092407676e-02 2.239816333712771552e+02 1.810644928670541942e+00 9.631297464070066872e-02 2.458264112472534180e+00
3.300000000000000000e+01 1.235802572660505208e-02 2.201093927354413609e+02 1.940429735654841226e+00 8.788367281972139788e-02 2.371190071105957031e+00
3.400000000000000000e+01 1.201881297106966416e-02 2.202562794023073138e+02 1.932472977486146215e+00 9.222689395643435262e-02 1.711505651473999023e+00
3.500000000000000000e+01 1.153996756194902717e-02 2.164420118881758981e+02 1.780399913047506999e+00 1.091234363390683193e-01 2.629015922546386719e+00
3.600000000000000000e+01 1.148933506820159177e-02 2.109128485042338923e+02 1.862377983093483236e+00 9.186742980524148505e-02 2.173077821731567383e+00
3.700000000000000000e+01 1.130857386604969088e-02 2.066207865735941311e+02 1.717743924697945124e+00 9.094606369839269844e-02 2.462413311004638672e+00
3.800000000000000000e+01 1.093811392238931701e-02 2.034763929358832968e+02 1.889467996195076660e+00 9.670846979249124453e-02 1.977388858795166016e+00
3.900000000000000000e+01 1.083350922016645783e-02 1.986645211054106426e+02 1.775862940732351847e+00 7.967659695212832294e-02 1.993835687637329102e+00
4.000000000000000000e+01 1.086382255891905901e-02 1.943345806793204247e+02 1.804761092313023285e+00 8.714404286523842746e-02 2.329480648040771484e+00
4.100000000000000000e+01 1.080583875124872632e-02 1.950975738096038867e+02 1.790890542393479112e+00 8.685201089831960652e-02 1.925696134567260742e+00
4.200000000000000000e+01 1.049264351867141946e-02 1.878593180634735518e+02 1.918964895232056378e+00 8.325717266649439174e-02 2.105710983276367188e+00
4.300000000000000000e+01 9.985067770997923739e-03 1.825818524565397922e+02 2.064001609483605115e+00 8.218032258573722271e-02 2.199756622314453125e+00
4.400000000000000000e+01 1.012051612793624968e-02 1.872163434544797269e+02 1.900665460845502031e+00 7.703528649408551698e-02 2.233388423919677734e+00
4.500000000000000000e+01 9.649162495619666158e-03 1.804966439239287865e+02 1.871486565651730327e+00 8.564155737364305410e-02 2.632847070693969727e+00
4.600000000000000000e+01 9.585279018660202224e-03 1.757581122307489068e+02 1.946533486972009452e+00 7.147693610229852168e-02 2.209130764007568359e+00
4.700000000000000000e+01 9.642470550379183408e-03 1.754459273979738612e+02 1.804673177810760754e+00 6.350453584114557071e-02 2.364137887954711914e+00
4.800000000000000000e+01 9.205888622926719500e-03 1.708158334937442362e+02 1.887045620582738836e+00 7.668479203310381298e-02 2.231194257736206055e+00
4.900000000000000000e+01 9.163930082580758890e-03 1.706838009120234574e+02 1.894915209802628731e+00 7.295086022612819188e-02 2.393591165542602539e+00
5.000000000000000000e+01 9.172923905091672978e-03 1.694649213938823209e+02 1.938534965134238064e+00 7.204967582868160303e-02 2.649730920791625977e+00
5.100000000000000000e+01 9.205306448529891952e-03 1.690054844845312516e+02 1.961286021565266546e+00 7.355922319058444403e-02 2.425593137741088867e+00
5.200000000000000000e+01 8.784605526723337707e-03 1.605838726685454958e+02 1.844359185046859917e+00 6.448578657836376293e-02 2.248524665832519531e+00
5.300000000000000000e+01 8.906815334135766149e-03 1.615384351797535487e+02 1.898149129517326505e+00 7.710226286940545515e-02 2.103771448135375977e+00
5.400000000000000000e+01 8.563957128075196795e-03 1.587555205813706891e+02 1.845582484080585006e+00 6.927545380087690718e-02 2.442733049392700195e+00
5.500000000000000000e+01 8.288768672043715993e-03 1.548386447090817626e+02 2.004731687266201323e+00 6.487963821543461795e-02 2.133361577987670898e+00
5.600000000000000000e+01 8.303042193789605951e-03 1.540471831629713790e+02 1.941126639160378753e+00 7.030310254502925016e-02 2.032151937484741211e+00
5.700000000000000000e+01 8.147170869159321357e-03 1.521638250242605181e+02 1.743758578834732065e+00 6.730085805659936915e-02 2.574280023574829102e+00
5.800000000000000000e+01 8.277993038136683898e-03 1.537612537866593243e+02 1.924910622143340300e+00 5.798520590748031112e-02 2.571507215499877930e+00
5.900000000000000000e+01 8.109857158799247887e-03 1.520025029171965230e+02 1.881251419749596865e+00 7.240628871984948478e-02 2.193748712539672852e+00
6.000000000000000000e+01 7.810257751335475743e-03 1.482374110090573538e+02 1.850568120869567013e+00 6.455367481786569717e-02 2.230957269668579102e+00
6.100000000000000000e+01 7.866680222293817928e-03 1.502972691745351597e+02 1.871236860249203771e+00 6.792774428251299734e-02 2.461934328079223633e+00
6.200000000000000000e+01 7.639870108719553320e-03 1.463715204540828267e+02 1.827044231510382533e+00 7.113823934350886613e-02 2.257086515426635742e+00
6.300000000000000000e+01 7.553140684504727059e-03 1.483571808090211164e+02 1.718137265224682242e+00 7.180188850671398448e-02 2.167476177215576172e+00
6.400000000000000000e+01 7.443517832707989557e-03 1.469626448913620607e+02 1.752375590641736869e+00 7.082896664182726509e-02 2.591988325119018555e+00
6.500000000000000000e+01 7.408716549383169252e-03 1.380506491321129943e+02 1.850040562303512548e+00 4.859313808873830937e-02 2.022579193115234375e+00
6.600000000000000000e+01 7.361906972743572850e-03 1.439392356542787752e+02 1.737451240744807945e+00 6.948480314776502020e-02 2.001592397689819336e+00
6.700000000000000000e+01 7.304852686745392024e-03 1.418426539598826253e+02 1.724069340403471262e+00 6.743897956188472931e-02 2.742499589920043945e+00
6.800000000000000000e+01 7.237565006509470537e-03 1.406962622436337824e+02 1.719531588358856000e+00 6.542531893368890017e-02 2.091145277023315430e+00
6.900000000000000000e+01 7.157766162387616676e-03 1.386788212576366561e+02 1.717225342512840536e+00 6.386084983202577892e-02 2.052550077438354492e+00
7.000000000000000000e+01 7.094395823203990953e-03 1.375273914970393889e+02 1.721132528291312358e+00 6.125548616921463324e-02 2.187823534011840820e+00
7.100000000000000000e+01 7.024848731391412915e-03 1.356931396517978214e+02 1.710389878774907002e+00 5.968454095856057934e-02 2.555523157119750977e+00
7.200000000000000000e+01 6.931364804868639373e-03 1.333996328689734412e+02 1.722574980420414015e+00 5.732727240421003206e-02 2.673173427581787109e+00
7.300000000000000000e+01 6.857100241413316942e-03 1.299288415429437009e+02 1.818565936384527904e+00 5.339567324736715220e-02 2.644090175628662109e+00
7.400000000000000000e+01 6.824398773975154549e-03 1.307005623503358436e+02 1.724496414121438725e+00 5.241851274834133378e-02 2.490954399108886719e+00
7.500000000000000000e+01 6.658407262241137527e-03 1.290026454832280649e+02 1.895981291689597947e+00 5.465300861640683822e-02 2.181776762008666992e+00
7.600000000000000000e+01 6.648232581764671606e-03 1.267997317702926523e+02 1.736510917975622847e+00 4.756045612736956030e-02 2.418271064758300781e+00
7.700000000000000000e+01 6.491349762608737001e-03 1.271364409063313587e+02 1.827764741947843996e+00 5.035493408797266784e-02 2.692987203598022461e+00
7.800000000000000000e+01 6.368234579218365506e-03 1.227496275153700793e+02 1.781517281155627019e+00 4.463983433120820299e-02 2.441083431243896484e+00
7.900000000000000000e+01 6.281957634265212739e-03 1.220195257939147382e+02 1.861356767493280939e+00 4.400731963604638530e-02 2.607331752777099609e+00
8.000000000000000000e+01 6.246639497574552752e-03 1.218741218353963802e+02 1.895971333141245996e+00 5.499836125945943566e-02 2.637128829956054688e+00
8.100000000000000000e+01 6.232847887421575153e-03 1.225623609402693290e+02 1.751855077999435961e+00 5.368699040078362544e-02 2.880206823348999023e+00
8.200000000000000000e+01 6.125240613763390483e-03 1.197207800125301134e+02 1.795369269479122565e+00 4.229403231777989491e-02 2.936105251312255859e+00
8.300000000000000000e+01 6.111930265551037550e-03 1.154622955806087532e+02 1.791510260604733062e+00 4.025245436662598653e-02 2.612143993377685547e+00
8.400000000000000000e+01 6.002807657636557818e-03 1.176969851120337438e+02 1.802310846982134729e+00 3.860144271560191076e-02 2.220688343048095703e+00
8.500000000000000000e+01 5.881548267332128987e-03 1.171892274081245233e+02 1.895256120340487183e+00 4.280927763713776590e-02 2.358627796173095703e+00
8.600000000000000000e+01 5.836867060267002250e-03 1.152127016689268544e+02 1.763965340847686081e+00 4.315741970022559520e-02 2.390010595321655273e+00
8.700000000000000000e+01 5.872300767295875711e-03 1.130341361947292143e+02 1.804979167058138767e+00 3.771961539374029532e-02 2.176240444183349609e+00
8.800000000000000000e+01 5.712287837882913145e-03 1.112604960207517450e+02 1.868534951830269852e+00 3.976531274231702440e-02 2.425145387649536133e+00
8.900000000000000000e+01 5.861070322885640442e-03 1.132615554886494493e+02 1.727774969065706268e+00 4.431439700068681015e-02 1.970489978790283203e+00
9.000000000000000000e+01 5.685932840982077692e-03 1.142800018947643821e+02 1.730152311428809542e+00 4.623121427731090305e-02 2.778887271881103516e+00
9.100000000000000000e+01 5.643820355818138755e-03 1.135406940641795046e+02 1.745287437638918471e+00 4.618887835525874175e-02 2.472958087921142578e+00
9.200000000000000000e+01 5.608889510886045857e-03 1.123551663828864378e+02 1.749467382919266845e+00 4.285087916005650421e-02 2.517811298370361328e+00
9.300000000000000000e+01 5.553208229308512732e-03 1.114914151524189947e+02 1.750115785868816998e+00 4.188443185268718449e-02 2.072102785110473633e+00
9.400000000000000000e+01 5.436620853797641609e-03 1.097502530328551984e+02 1.732831975145818770e+00 3.974991962453691685e-02 2.427132368087768555e+00
9.500000000000000000e+01 5.411560006306004485e-03 1.082312079117184851e+02 1.840436248284677445e+00 3.697461359970837663e-02 2.368961572647094727e+00
9.600000000000000000e+01 5.372942190544160654e-03 1.083515673469784701e+02 1.773026137194181118e+00 3.910351259101615268e-02 2.540403842926025391e+00
9.700000000000000000e+01 5.335416017393995042e-03 1.066595013149925393e+02 1.761384793536936222e+00 3.610576940848431171e-02 2.522315502166748047e+00
9.800000000000000000e+01 5.225235294659634315e-03 1.052661597090052368e+02 1.747094226852880405e+00 3.357124599186645658e-02 2.213332414627075195e+00
9.900000000000000000e+01 5.220582831700971635e-03 1.037065979964869769e+02 1.706377380298775170e+00 3.087847760363275976e-02 2.550905466079711914e+00
