2.000000000000000000e+00 6.337797199114339475e-02 6.360949517822592725e+02 8.357251199719732959e-01 4.848341280360972116e-01 6.567420959472656250e-01
3.000000000000000000e+00 4.827812635557960502e-02 5.541616406136693058e+02 9.557415580055600435e-01 4.197387064738899998e-01 9.560091495513916016e-01
4.000000000000000000e+00 4.436813203947154866e-02 5.506356082457426737e+02 9.522767958166595825e-01 3.631294646184530239e-01 1.263322830200195312e+00
5.000000000000000000e+00 3.780864445030212434e-02 4.747093338144998711e+02 1.230114530056224842e+00 3.006474738643129530e-01 1.216983318328857422e+00
6.000000000000000000e+00 3.351308953303538257e-02 4.546357766152464137e+02 1.222178868617095349e+00 3.045261579330293400e-01 1.437725543975830078e+00
7.000000000000000000e+00 3.187736494411237687e-02 4.429143542187829894e+02 1.199489023498164997e+00 2.737045775199076769e-01 1.464459896087646484e+00
8.000000000000000000e+00 2.892664551958268326e-02 4.271127762988039080e+02 1.175866682904027627e+00 2.610724714320641349e-01 1.476346254348754883e+00
9.000000000000000000e+00 2.676109595594412111e-02 3.878031663897999692e+02 1.404615666259595441e+00 2.360991531906886376e-01 1.414103507995605469e+00
1.000000000000000000e+01 2.506195034933347485e-02 3.629937048157195818e+02 1.474537806667399975e+00 2.369360759013123818e-01 1.359005451202392578e+00
1.100000000000000000e+01 2.396559257416517458e-02 3.384372111308827016e+02 1.562894212280938389e+00 1.968711971877354638e-01 1.140841245651245117e+00
1.200000000000000000e+01 2.237764559119654467e-02 3.197162252684275359e+02 1.414262252522278773e+00 2.338590505149083509e-01 1.300304412841796875e+00
1.300000000000000000e+01 2.160474693359641651e-02 3.088111584922083352e+02 1.564334878724624067e+00 1.906269125568696710e-01 1.352138280868530273e+00
1.400000000000000000e+01 2.023420200464321611e-02 2.881651882940173550e+02 1.586638723520004346e+00 1.738745386309338004e-01 1.165876150131225586e+00
1.500000000000000000e+01 1.997955363508912771e-02 2.905951282467167403e+02 1.523330266933473398e+00 1.655899393616317716e-01 1.133168935775756836e+00
1.600000000000000000e+01 1.903856100349991115e-02 2.760393748023076341e+02 1.638384281746201765e+00 1.521213803556592803e-01 1.082860708236694336e+00
1.700000000000000000e+01 1.826106167785996465e-02 2.623521001610824328e+02 1.791598813130007573e+00 1.490145016537949285e-01 1.504341840744018555e+00
1.800000000000000000e+01 1.749029959340804921e-02 2.433741447733306984e+02 2.115379662075659972e+00 1.275639118145026341e-01 1.471771955490112305e+00
1.900000000000000000e+01 1.678449789117869920e-02 2.354758346517311338e+02 1.868738814392889802e+00 1.410977067918964545e-01 1.319223880767822266e+00
2.000000000000000000e+01 1.617586205576132530e-02 2.291945015204341018e+02 1.698429150720406344e+00 1.457377701665333314e-01 1.303308010101318359e+00
2.100000000000000000e+01 1.579601251186269276e-02 2.205259885183351685e+02 1.823177533418312235e+00 1.393263077643550618e-01 1.421563625335693359e+00
2.200000000000000000e+01 1.547273540270438855e-02 2.131053349000591481e+02 1.856296733943339827e+00 1.164653431933140443e-01 1.138407945632934570e+00
2.300000000000000000e+01 1.520910960974775246e-02 2.062697292047446922e+02 1.992970407277713019e+00 1.109994671441936476e-01 1.253559350967407227e+00
2.400000000000000000e+01 1.466435543959805458e-02 1.983138229068941030e+02 1.982308383166304422e+00 1.152794397188618564e-01 1.318888664245605469e+00
2.500000000000000000e+01 1.423075406235807180e-02 1.978189771826703520e+02 1.858592392485643563e+00 1.177969165266083279e-01 1.451310157775878906e+00
2.600000000000000000e+01 1.387705532549417253e-02 1.968359579279817240e+02 1.822371899720749644e+00 1.127507976759910685e-01 1.619283437728881836e+00
2.700000000000000000e+01 1.338735561805591036e-02 1.882984424215622710e+02 1.847825028874504616e+00 1.125200456684872924e-01 1.595107793807983398e+00
2.800000000000000000e+01 1.313630903423035692e-02 1.830893684934629277e+02 1.920996342648994881e+00 1.051180941140577446e-01 1.727372646331787109e+00
2.900000000000000000e+01 1.295538463075654456e-02 1.749307146003729088e+02 1.917518939165378411e+00 1.014727055778149312e-01 1.385782241821289062e+00
3.000000000000000000e+01 1.251248338417155007e-02 1.750151724181336306e+02 2.038507649487899531e+00 1.087227318003322896e-01 1.428044080734252930e+00
3.100000000000000000e+01 1.219808708099485994e-02 1.681079201888153705e+02 1.955184339743842425e+00 9.730607435843455222e-02 1.494725465774536133e+00
3.200000000000000000e+01 1.188906387999884469e-02 1.644237829135731204e+02 1.941675429566144695e+00 9.598418919553414197e-02 1.593960285186767578e+00
3.300000000000000000e+01 1.159457690497674512e-02 1.613986032959104762e+02 1.932791443493520722e+00 9.547651941034794587e-02 1.391973257064819336e+00
3.400000000000000000e+01 1.137205379803754753e-02 1.576991974719672385e+02 2.068073362789284886e+00 9.751716746967402372e-02 1.285063266754150391e+00
3.500000000000000000e+01 1.127347645398825600e-02 1.555614733276321147e+02 1.969786016297657483e+00 8.779211263816089073e-02 1.903250932693481445e+00
3.600000000000000000e+01 1.113519323293281522e-02 1.469690225900484677e+02 1.808310033519345383e+00 1.007265843498562075e-01 1.470697641372680664e+00
3.700000000000000000e+01 1.072822291544536441e-02 1.474467853406878248e+02 1.929192549498497833e+00 8.870175529837960593e-02 1.487543344497680664e+00
3.800000000000000000e+01 1.071103943066455122e-02 1.436703941629990595e+02 1.940719222085808049e+00 8.391985088355088940e-02 1.352931022644042969e+00
3.900000000000000000e+01 1.047946775533968242e-02 1.388373787586000390e+02 1.913707493234511503e+00 7.287536086059423490e-02 1.458795070648193359e+00
4.000000000000000000e+01 1.054579537633702074e-02 1.376405078220775806e+02 2.085148757340935077e+00 6.700863544602064792e-02 1.450739622116088867e+00
4.100000000000000000e+01 1.021116504893463013e-02 1.393545699271954845e+02 1.923671071498789020e+00 8.624316722103747557e-02 1.489068508148193359e+00
4.200000000000000000e+01 1.000379086891695773e-02 1.365553406309732623e+02 1.797461174366404624e+00 8.455542218468496685e-02 1.397736787796020508e+00
4.300000000000000000e+01 9.681471014944400405e-03 1.340308493647761452e+02 1.926203573311531692e+00 8.282171008374697441e-02 1.355916023254394531e+00
4.400000000000000000e+01 9.481653977947531592e-03 1.293826962823410724e+02 1.962444722460563895e+00 6.581407740372714754e-02 1.666087627410888672e+00
4.500000000000000000e+01 9.225335432589075110e-03 1.310514475746458345e+02 1.896775812879422096e+00 8.276950446336546474e-02 1.600957870483398438e+00
4.600000000000000000e+01 9.305435890416255407e-03 1.246177891565050260e+02 1.946484528883003495e+00 7.726807442439859175e-02 1.573961734771728516e+00
4.700000000000000000e+01 9.140982237448880623e-03 1.249834269676773033e+02 1.964150870383822411e+00 7.624549896305185537e-02 1.419081449508666992e+00
4.800000000000000000e+01 8.876079888883638830e-03 1.238452018897194193e+02 1.967764528294809523e+00 6.860793964644394671e-02 1.461187839508056641e+00
4.900000000000000000e+01 8.815135556449036139e-03 1.212725494463951321e+02 1.922338105939806807e+00 5.725107045098243308e-02 1.480458259582519531e+00
5.000000000000000000e+01 8.719254099957480728e-03 1.196528542303767750e+02 1.947680136741217538e+00 5.265734839548259771e-02 1.647126674652099609e+00
5.100000000000000000e+01 8.443447368833312608e-03 1.147346868078565194e+02 1.892284038138543067e+00 5.692016645546919829e-02 1.710889101028442383e+00
5.200000000000000000e+01 8.412357060288087537e-03 1.151341009971630172e+02 1.981884294823046622e+00 7.032352097888924791e-02 1.263462781906127930e+00
5.300000000000000000e+01 8.379860357242960300e-03 1.150516739874614558e+02 1.889648337716042237e+00 6.910979472244781208e-02 1.542322635650634766e+00
5.400000000000000000e+01 8.356440162295235979e-03 1.114626458604142982e+02 1.874011693562197101e+00 5.411927791717430908e-02 1.227097749710083008e+00
5.500000000000000000e+01 8.120517987232811832e-03 1.115130520087910071e+02 1.878027671788572217e+00 6.004750997945405844e-02 1.409581184387207031e+00
5.600000000000000000e+01 7.823081245559266456e-03 1.076266912625481638e+02 1.890855914132935967e+00 5.687907233882869007e-02 1.530462265014648438e+00
5.700000000000000000e+01 7.836236843047289860e-03 1.074875695660026196e+02 1.888549814951139938e+00 5.156002452148125692e-02 1.542323112487792969e+00
5.800000000000000000e+01 7.729399324524253469e-03 1.076743070448755759e+02 1.865293350003931483e+00 6.498287763188489996e-02 1.591220378875732422e+00
5.900000000000000000e+01 7.721941570502554447e-03 1.084229728207353816e+02 1.859973307085358130e+00 6.676043591509130126e-02 1.607756137847900391e+00
6.000000000000000000e+01 7.415963865113065628e-03 1.064902061637730668e+02 1.803089451904068552e+00 5.479362839820964975e-02 1.319701671600341797e+00
6.100000000000000000e+01 7.506091089718100462e-03 1.032820169942662574e+02 1.865368191941047638e+00 5.094507683336599313e-02 1.526228904724121094e+00
6.200000000000000000e+01 7.363958627514409667e-03 1.018344455892785305e+02 1.837405425601981834e+00 4.409937596954810468e-02 1.359722137451171875e+00
6.300000000000000000e+01 7.265059948383429007e-03 1.003297548725791586e+02 1.803053677472270300e+00 4.950697115211681598e-02 1.445533275604248047e+00
6.400000000000000000e+01 7.096867995809060838e-03 9.918110016687474229e+01 1.808731732481414278e+00 6.024891449297128942e-02 1.305239439010620117e+00
6.500000000000000000e+01 7.126017348092352800e-03 1.013389061527899599e+02 1.748705928498170747e+00 5.993981241193628573e-02 1.662846803665161133e+00
6.600000000000000000e+01 6.965490317513154186e-03 9.884949194876018908e+01 1.788229061486906968e+00 4.723214036812108108e-02 1.661789894104003906e+00
6.700000000000000000e+01 6.867846972120088787e-03 9.907548782787343100e+01 1.892190189655861499e+00 5.901326969545216822e-02 1.343527793884277344e+00
6.800000000000000000e+01 6.810608327087111849e-03 9.729192749104423399e+01 1.812311752785904062e+00 5.865908438500748445e-02 1.228060483932495117e+00
6.900000000000000000e+01 6.705519508855751001e-03 9.643723609217460080e+01 1.750490652011539305e+00 4.157109333738803758e-02 1.237293481826782227e+00
7.000000000000000000e+01 6.682756900241271919e-03 9.439799692384653440e+01 1.812967058714021196e+00 3.656673308014100898e-02 1.308961629867553711e+00
7.100000000000000000e+01 6.518639565123645480e-03 9.279177980210431542e+01 1.827816335097413925e+00 4.179880414367949382e-02 1.413067817687988281e+00
7.200000000000000000e+01 6.495562218410088490e-03 9.392723529975020824e+01 1.862506618532270730e+00 3.850183009150807273e-02 1.706987142562866211e+00
7.300000000000000000e+01 6.405289630804862980e-03 9.036304237191122013e+01 1.836354907214224008e+00 3.742655219652640808e-02 1.622344970703125000e+00
7.400000000000000000e+01 6.297653286920529281e-03 9.219752365964477292e+01 1.718892609650709780e+00 4.911763286490088837e-02 1.890052080154418945e+00
7.500000000000000000e+01 6.203815347604816136e-03 9.090609621658948925e+01 1.762553048700607805e+00 5.620100597892017241e-02 1.447847366333007812e+00
7.600000000000000000e+01 6.211906775283395320e-03 9.098347736663814089e+01 1.692421809808549948e+00 3.669224308521341210e-02 1.738379716873168945e+00
7.700000000000000000e+01 6.071344226770665833e-03 8.860431084857891904e+01 1.793381691303625125e+00 3.579917731610464393e-02 1.610176563262939453e+00
7.800000000000000000e+01 5.934534268181576762e-03 8.897533596156493729e+01 1.747165294549906100e+00 4.476238793426819129e-02 1.452571630477905273e+00
7.900000000000000000e+01 5.849963328833241577e-03 8.743122027507484972e+01 1.746034170764771742e+00 4.417966000525952452e-02 1.817805051803588867e+00
8.000000000000000000e+01 5.877314585099360257e-03 8.737191583494913516e+01 1.721624284210519606e+00 4.264219595807551555e-02 1.685981035232543945e+00
8.100000000000000000e+01 5.834849514073398892e-03 8.896787516508102556e+01 1.625893524541334179e+00 3.921385368719240705e-02 1.713047266006469727e+00
8.200000000000000000e+01 5.726414998951552537e-03 8.648234594825652266e+01 1.719226644310404728e+00 3.117829965701386305e-02 1.565801382064819336e+00
8.300000000000000000e+01 5.681304330303289796e-03 8.606802715369136081e+01 1.713923838318913040e+00 3.134975157024558201e-02 1.564920186996459961e+00
8.400000000000000000e+01 5.619103957302463287e-03 8.559241838965165527e+01 1.694320522914344762e+00 3.112138298483779764e-02 1.553972005844116211e+00
8.500000000000000000e+01 5.564065981826742287e-03 8.473671702918160520e+01 1.685305472993426923e+00 3.008748432758004757e-02 1.706512928009033203e+00
8.600000000000000000e+01 5.498307331205710448e-03 8.385163432722835353e+01 1.689852533196141815e+00 2.888771410539673484e-02 1.685427904129028320e+00
8.700000000000000000e+01 5.442735044770149154e-03 8.284119033975663626e+01 1.690575319259870923e+00 2.544394631366690002e-02 1.530875444412231445e+00
8.800000000000000000e+01 5.418692508912778365e-03 8.231593532295251237e+01 1.674486790504327693e+00 2.578905866453298085e-02 1.599501132965087891e+00
8.900000000000000000e+01 5.310679387176945460e-03 8.038777839924193813e+01 1.750651843987544032e+00 3.349677528173817392e-02 1.872273921966552734e+00
9.000000000000000000e+01 5.294417470540865867e-03 8.028636397769484745e+01 1.701294769098403048e+00 2.222027862508820992e-02 1.668595790863037109e+00
9.100000000000000000e+01 5.238859708972087859e-03 8.000152046786095639e+01 1.686131786302275337e+00 2.265211994509459120e-02 1.798136949539184570e+00
9.200000000000000000e+01 5.226589488258316825e-03 7.823130887843174719e+01 1.686308850164743856e+00 3.159120873222561604e-02 1.820694208145141602e+00
9.300000000000000000e+01 5.099703779672544110e-03 7.699872738909432712e+01 1.782398797745940344e+00 2.225137414863190624e-02 1.917143583297729492e+00
9.400000000000000000e+01 5.054864284825609337e-03 7.816609359928219192e+01 1.654227058920641813e+00 2.021137825997528989e-02 2.071338415145874023e+00
9.500000000000000000e+01 5.007349709307638147e-03 7.600815307033519730e+01 1.761089847817792986e+00 2.157500346812046138e-02 1.766870260238647461e+00
9.600000000000000000e+01 4.974404742059328026e-03 7.761764480182885961e+01 1.688738195546982235e+00 2.878540458282871292e-02 1.871923446655273438e+00
9.700000000000000000e+01 4.983226114171314218e-03 7.857773608675738330e+01 1.626157708786304168e+00 3.657561039990030877e-02 1.955364227294921875e+00
9.800000000000000000e+01 4.872856653920255680e-03 7.451807262318199321e+01 1.622592613577698462e+00 1.769518568354226662e-02 1.674869298934936523e+00
9.900000000000000000e+01 4.812430186700029922e-03 7.467425385064747445e+01 1.700093234827426691e+00 1.857881149266725831e-02 1.522049427032470703e+00
