2.000000000000000000e+00 -2.530071206932829218e-04 7.203088283331656960e+00 1.018882488776841200e+01 8.299758357411330528e-03 2.405218839645385742e+00
3.000000000000000000e+00 -9.903972712590372975e-05 6.035922442372440244e+00 9.344473607404321314e+00 7.295944580105294917e-03 2.223433732986450195e+00
4.000000000000000000e+00 2.311732895804726354e-05 5.655721108792050700e+00 8.706865614072787807e+00 7.657950799235149590e-03 2.903239965438842773e+00
5.000000000000000000e+00 -1.224074313921376920e-04 5.272929866412582989e+00 8.018381088181213201e+00 8.084748192959973628e-03 2.207646131515502930e+00
6.000000000000000000e+00 -1.626967934366605568e-03 5.397514481613357340e+00 7.469036037392979388e+00 9.794227125937454009e-03 2.049355983734130859e+00
7.000000000000000000e+00 -1.495004483856911067e-05 4.751039246435746044e+00 7.515942072132188123e+00 8.668609548458839839e-03 2.010781049728393555e+00
8.000000000000000000e+00 -8.749700730280993892e-04 5.008348888744537319e+00 7.090418726410126382e+00 1.150085038333645109e-02 2.312585830688476562e+00
9.000000000000000000e+00 -7.309343263125659762e-04 4.803851483359423469e+00 6.807868361610159624e+00 1.157716849662759721e-02 2.666936635971069336e+00
1.000000000000000000e+01 -6.453760369002534917e-04 4.824489080525582452e+00 6.430829645999985189e+00 1.325080259127856680e-02 2.257746219635009766e+00
1.100000000000000000e+01 -8.746328077536241849e-05 4.555941630435566658e+00 6.370993491959313637e+00 1.299349134932029255e-02 2.588778972625732422e+00
1.200000000000000000e+01 -5.602547116225913048e-04 4.495327987947287163e+00 5.988026395039242722e+00 1.451424079692558745e-02 2.390816450119018555e+00
1.300000000000000000e+01 -3.198554585052949492e-04 4.489795444961956150e+00 5.843747424345233199e+00 1.435296270878218955e-02 2.442009687423706055e+00
1.400000000000000000e+01 -2.857676441203340864e-04 4.397853652952965930e+00 5.803515514473592596e+00 1.587953701339252927e-02 2.718512058258056641e+00
1.500000000000000000e+01 -4.220674606876220931e-04 4.345701513220548762e+00 5.843227263501737490e+00 1.725992203319946100e-02 2.304741859436035156e+00
1.600000000000000000e+01 -1.628562181961797800e-04 4.223181207805017934e+00 5.674029087513155822e+00 1.718170088251957939e-02 2.630201101303100586e+00
1.700000000000000000e+01 -1.267475478370144119e-04 4.247005505871240594e+00 5.539513021854292951e+00 1.832026282099850564e-02 2.610581159591674805e+00
1.800000000000000000e+01 -1.409760896182954372e-04 4.144891863651881891e+00 5.452807561888892707e+00 1.886965571894947194e-02 2.373053550720214844e+00
1.900000000000000000e+01 -9.454419539184470711e-05 4.061226723983009101e+00 5.350732595122525304e+00 1.926496815186001452e-02 2.800336360931396484e+00
2.000000000000000000e+01 -1.212081329876008398e-04 4.090280433039305663e+00 5.278697000762237579e+00 2.061110516063549905e-02 2.907428741455078125e+00
2.100000000000000000e+01 -9.303510729191606697e-05 3.957486676532279812e+00 5.029412879249941071e+00 2.072493968742042739e-02 2.695288181304931641e+00
2.200000000000000000e+01 2.162124956056099057e-04 3.906995209013355286e+00 5.042848633342494225e+00 1.909843393548281767e-02 2.548639297485351562e+00
2.300000000000000000e+01 9.932241567916927642e-05 3.966361941356506993e+00 5.015800545220330697e+00 2.162174572064413589e-02 2.464178800582885742e+00
2.400000000000000000e+01 3.022169908042853588e-05 3.996956135929882414e+00 4.935392500778751135e+00 2.331839230346794203e-02 2.716156244277954102e+00
2.500000000000000000e+01 -3.114621928602825203e-04 3.846979449614638558e+00 4.997705144288907775e+00 2.217084663110933593e-02 2.511269569396972656e+00
2.600000000000000000e+01 8.635802029342659581e-05 3.770650459179439196e+00 4.787712489182571751e+00 2.204442642967401056e-02 2.477122545242309570e+00
2.700000000000000000e+01 1.750263793988983058e-05 3.682295261428302435e+00 4.779255336010753474e+00 2.017747829542605731e-02 2.543444395065307617e+00
2.800000000000000000e+01 -1.748652049844067683e-04 3.736081496514526812e+00 4.427704303909876238e+00 2.389808088384107188e-02 2.837310075759887695e+00
2.900000000000000000e+01 1.370900058506566565e-05 3.630560128178073942e+00 4.495428287972814907e+00 2.152404993660944968e-02 2.510792970657348633e+00
3.000000000000000000e+01 -3.525238181667156913e-05 3.698795256271154130e+00 4.575411982504324016e+00 2.362211965532912822e-02 2.773536443710327148e+00
3.100000000000000000e+01 2.111074090370099684e-05 3.600875223592964858e+00 4.520583097863657862e+00 2.442146430430447435e-02 2.870719671249389648e+00
3.200000000000000000e+01 -6.381447783454494475e-05 3.545255959114106403e+00 4.336948776272792294e+00 2.420288459484018495e-02 2.493699073791503906e+00
3.300000000000000000e+01 -1.474097811930631836e-04 3.580251559636063341e+00 4.503242583876174265e+00 2.477064896976888600e-02 2.745811939239501953e+00
3.400000000000000000e+01 -1.712206694856414416e-05 3.488412652205113762e+00 4.110467014993911761e+00 2.484888826312226309e-02 2.478942632675170898e+00
3.500000000000000000e+01 -3.229370022954892262e-05 3.453558224015746081e+00 4.046524508121153829e+00 2.512435958833924426e-02 2.665845155715942383e+00
3.600000000000000000e+01 -4.104995936957132996e-06 3.453106977429497348e+00 3.981906373740423888e+00 2.578332267046004253e-02 2.663092851638793945e+00
3.700000000000000000e+01 -5.076063897691440485e-05 3.486204158781871953e+00 4.116268194598420749e+00 2.643679518192100508e-02 2.898027181625366211e+00
3.800000000000000000e+01 4.455464770602250431e-06 3.429004622835986282e+00 3.888683443619191937e+00 2.694087117783606350e-02 2.555592536926269531e+00
3.900000000000000000e+01 -2.383265906550067922e-05 3.388258593308102640e+00 3.862398537980639368e+00 2.715199388387153079e-02 2.426287889480590820e+00
4.000000000000000000e+01 -9.224876083719423339e-06 3.358492520837777828e+00 3.822821959401054848e+00 2.726386614504982750e-02 2.670425653457641602e+00
4.100000000000000000e+01 -1.977218195463964853e-05 3.317440739809158323e+00 3.789356240342098836e+00 2.669213829604287838e-02 2.568212747573852539e+00
4.200000000000000000e+01 -3.150138947594343514e-05 3.391539058811729568e+00 3.799970269268497791e+00 2.875010138061916479e-02 2.622557640075683594e+00
4.300000000000000000e+01 2.959148430013047414e-05 3.309468537053180448e+00 3.821594163484028250e+00 2.743378546620844904e-02 2.483389616012573242e+00
4.400000000000000000e+01 6.417462165393619941e-05 3.335523015254148849e+00 3.768836038485927631e+00 2.871906737723882441e-02 2.455751180648803711e+00
4.500000000000000000e+01 3.907783434028156149e-05 3.257728996619864148e+00 3.639761397214577698e+00 2.632743751905684479e-02 2.811804533004760742e+00
4.600000000000000000e+01 -9.467497387565264235e-05 3.228652275625587098e+00 3.711245330717463098e+00 2.675687078979691741e-02 2.824949741363525391e+00
4.700000000000000000e+01 -7.114467536354202287e-05 3.254979203442236457e+00 3.651764267027312272e+00 2.767239042279851305e-02 2.635842323303222656e+00
4.800000000000000000e+01 4.729310010160310253e-05 3.273039084012817401e+00 3.557539208454623125e+00 3.038604582374306376e-02 2.457581520080566406e+00
4.900000000000000000e+01 7.265025894238992738e-05 3.207419663129679854e+00 3.546683832996030183e+00 2.964509842093045189e-02 2.561889648437500000e+00
5.000000000000000000e+01 -6.025377320380309495e-05 3.327857179974327728e+00 3.661750312238218452e+00 3.124168995556424536e-02 2.845532894134521484e+00
5.100000000000000000e+01 9.457529130875516209e-06 3.173449987714601850e+00 3.471815583915484282e+00 2.864486993781799676e-02 2.409425020217895508e+00
5.200000000000000000e+01 -2.578908912706214530e-05 3.118382003736656305e+00 3.506036479414724738e+00 2.762282384467185797e-02 2.696350097656250000e+00
5.300000000000000000e+01 -5.360821931693019599e-05 3.195074858799536344e+00 3.783686617219191639e+00 2.903857709173440424e-02 2.838409900665283203e+00
5.400000000000000000e+01 -8.283270779766960495e-05 3.080282632382005836e+00 3.523565229942100974e+00 2.641497610563574988e-02 2.873398542404174805e+00
5.500000000000000000e+01 -9.627979653659802335e-05 3.174776765597200345e+00 3.468605244978816948e+00 2.960357757714607990e-02 2.531105518341064453e+00
5.600000000000000000e+01 -2.671110849545236721e-05 3.132682761964429741e+00 3.371075194022492560e+00 3.002662969018081093e-02 2.764802694320678711e+00
5.700000000000000000e+01 -6.431053406118945342e-06 3.106619954852054999e+00 3.289716579875644253e+00 3.008860299717802320e-02 2.765618085861206055e+00
5.800000000000000000e+01 -2.841035132628357029e-05 3.095984699852360134e+00 3.329313140491848788e+00 2.973685742677158184e-02 2.904073715209960938e+00
5.900000000000000000e+01 -5.006953979701466134e-05 3.091055395851135756e+00 3.283713497449200602e+00 3.085068527204170089e-02 2.577470302581787109e+00
6.000000000000000000e+01 -3.481168527404636626e-05 3.048787117298978444e+00 3.314037698363587747e+00 3.029196598579289926e-02 2.574412584304809570e+00
6.100000000000000000e+01 2.155568153738288132e-05 3.073725253848443639e+00 3.238325757631989710e+00 2.965649650542791574e-02 2.804714918136596680e+00
6.200000000000000000e+01 -1.458934718982764541e-06 3.100092319545094011e+00 3.162903606546879853e+00 3.434548404742842481e-02 2.864783048629760742e+00
6.300000000000000000e+01 3.700232568835262552e-05 3.001121342919119694e+00 3.353664055811396150e+00 3.063058706178148002e-02 2.631093978881835938e+00
6.400000000000000000e+01 -4.247605199715542634e-05 3.037708958481200483e+00 3.110549309313564326e+00 3.229313839801617458e-02 2.592282533645629883e+00
6.500000000000000000e+01 -3.435602140659538978e-05 2.972895960876209553e+00 3.207917683154509536e+00 2.907008663263126527e-02 2.617360830307006836e+00
6.600000000000000000e+01 -3.382978248651747304e-06 3.033938747943325520e+00 3.180993764862602546e+00 3.202091405686652292e-02 2.446484565734863281e+00
6.700000000000000000e+01 -4.860044180713640988e-05 3.002338970846777144e+00 3.168047601173268557e+00 3.098246680820510024e-02 2.536589384078979492e+00
6.800000000000000000e+01 -5.995302338503197520e-05 3.002455581829116760e+00 3.052329002559448501e+00 3.314363040098765312e-02 2.736670970916748047e+00
6.900000000000000000e+01 -2.989572856509100615e-05 3.040299495098222060e+00 3.028239806305947024e+00 3.186017901930029289e-02 2.875530958175659180e+00
7.000000000000000000e+01 3.626330844936835027e-05 2.939764132268099406e+00 3.020243160346510525e+00 3.232924913294434044e-02 2.818280220031738281e+00
7.100000000000000000e+01 6.044761095495746161e-05 2.986621884548839034e+00 3.008695768851857189e+00 3.187061778431132114e-02 2.500151395797729492e+00
7.200000000000000000e+01 -5.546716943201417750e-05 3.009981938482537256e+00 3.027730818778910482e+00 3.417245231266428235e-02 2.987764120101928711e+00
7.300000000000000000e+01 -9.373256684192293102e-06 2.948322305487940387e+00 3.087126200836979084e+00 3.234162887101646455e-02 2.746409416198730469e+00
7.400000000000000000e+01 2.721921388878376444e-05 2.959389396205732048e+00 2.923246553994931940e+00 3.339048757078968976e-02 2.648263692855834961e+00
7.500000000000000000e+01 6.596261349081550992e-07 2.895319114398410498e+00 3.035091512798836710e+00 3.221512142227373615e-02 3.050088882446289062e+00
7.600000000000000000e+01 3.631477543802235833e-05 2.931564634358294175e+00 3.013565580917453968e+00 3.163917326842805716e-02 2.772343158721923828e+00
7.700000000000000000e+01 -2.756733089134565025e-05 2.936418227892994448e+00 2.947562128565280659e+00 3.385299264600224317e-02 3.045665979385375977e+00
7.800000000000000000e+01 3.773889223732996015e-06 2.869787141890484339e+00 2.947048151773051128e+00 3.106722300839096298e-02 2.626236915588378906e+00
7.900000000000000000e+01 8.051712530171586699e-06 2.920720972143948213e+00 2.889380422767689360e+00 3.364588540694744140e-02 2.627831697463989258e+00
8.000000000000000000e+01 1.533038954116197543e-05 2.906597950697141997e+00 2.956193835052716601e+00 3.449283463271807237e-02 3.093080282211303711e+00
8.100000000000000000e+01 -7.406088226479097694e-07 2.894795400735395319e+00 2.807960762173237423e+00 3.500974950498526861e-02 2.924206256866455078e+00
8.200000000000000000e+01 -1.440138133967246544e-05 2.902147562172446182e+00 2.875060486670866666e+00 3.453794321280117402e-02 2.932043313980102539e+00
8.300000000000000000e+01 4.400423334221824953e-05 2.896077577682579118e+00 2.854183240308882485e+00 3.455556915016091274e-02 2.781507015228271484e+00
8.400000000000000000e+01 -4.368664122929072271e-05 2.885200901269451279e+00 2.824351179261624711e+00 3.412882856810128124e-02 2.683465242385864258e+00
8.500000000000000000e+01 3.692524089138984639e-05 2.887258263948439652e+00 2.795464217416537167e+00 3.613490539067747837e-02 2.816690683364868164e+00
8.600000000000000000e+01 6.718887269885642866e-06 2.850826728010630529e+00 2.822572738911969914e+00 3.191502004566871414e-02 2.591923713684082031e+00
8.700000000000000000e+01 5.251752970480548605e-06 2.896164811923614746e+00 2.721496334362626168e+00 3.726017013372325687e-02 2.731637954711914062e+00
8.800000000000000000e+01 -4.157565215467904236e-05 2.858402637711042082e+00 2.759032166904271222e+00 3.660933609685745882e-02 2.915720224380493164e+00
8.900000000000000000e+01 -3.243437973951109136e-05 2.849391419708481532e+00 2.747648792786413718e+00 3.623936270415326066e-02 3.039256572723388672e+00
9.000000000000000000e+01 -2.702989096527168191e-05 2.855397043634208210e+00 2.717056773473032649e+00 3.621846848209570729e-02 2.819731473922729492e+00
9.100000000000000000e+01 -3.149755556307018561e-06 2.827572730447236005e+00 2.722177329124417344e+00 3.521345430092040485e-02 3.054551124572753906e+00
9.200000000000000000e+01 -9.899961739025169046e-06 2.829482906633761008e+00 2.778061102525506865e+00 3.603007667886374416e-02 2.835563182830810547e+00
9.300000000000000000e+01 2.368698699779075154e-05 2.828267933761883235e+00 2.724020531231755360e+00 3.697649485520067975e-02 3.123502731323242188e+00
9.400000000000000000e+01 1.077805900615321718e-05 2.832969607567894066e+00 2.649116443509840213e+00 3.695786051191868316e-02 3.079300165176391602e+00
9.500000000000000000e+01 4.653965327885504276e-06 2.820072060927138136e+00 2.663645277579586246e+00 3.771123574567297049e-02 2.967527627944946289e+00
9.600000000000000000e+01 6.686591779928834728e-06 2.818681874923233632e+00 2.592790536516859312e+00 3.650591173197095113e-02 2.825492858886718750e+00
9.700000000000000000e+01 -1.993325634282339950e-05 2.793317648051789170e+00 2.699697906628590882e+00 3.822881192058923128e-02 3.244755506515502930e+00
9.800000000000000000e+01 1.805380956098410681e-06 2.816841129414481504e+00 2.619259257108230710e+00 3.762766245691256950e-02 3.025248765945434570e+00
9.900000000000000000e+01 -1.264350257975527417e-05 2.775302855977859195e+00 2.597966176215183776e+00 3.349615759488513284e-02 2.989488601684570312e+00
