2.000000000000000000e+00 3.497864074477314428e-02 6.100105887108900049e+01 3.425694185576448891e+00 7.958789452604209114e-02 2.724384546279907227e+00
3.000000000000000000e+00 4.046536598244464961e-02 5.830625225606914341e+01 2.964078308243996762e+00 5.374288734686108460e-02 3.555504322052001953e+00
4.000000000000000000e+00 3.116480306798514316e-02 5.420302683446969638e+01 2.742177861328941813e+00 5.441150705114841668e-02 4.036417961120605469e+00
5.000000000000000000e+00 2.013960679211929811e-02 4.882875286461815989e+01 2.782960024324498072e+00 6.105233136662634175e-02 2.119040250778198242e+00
6.000000000000000000e+00 1.895619176430675401e-02 4.432954508909887181e+01 2.738928990996302826e+00 6.321492600110700799e-02 2.725116968154907227e+00
7.000000000000000000e+00 1.689596105799203579e-02 4.104341278378401370e+01 2.705854498222488580e+00 6.568956961530733607e-02 2.555842399597167969e+00
8.000000000000000000e+00 2.091351062103672526e-02 3.735654930723400469e+01 2.753546549791515030e+00 6.012073215535142928e-02 1.948755979537963867e+00
9.000000000000000000e+00 1.339219428956167288e-02 3.687925245273262931e+01 2.798389060853498034e+00 6.349738175204433510e-02 2.577097177505493164e+00
1.000000000000000000e+01 1.344291714906080230e-02 3.348313233979953907e+01 2.757682002380241748e+00 5.697325802156179286e-02 2.435647487640380859e+00
1.100000000000000000e+01 1.468379158352308908e-02 3.163318312792299025e+01 2.766351278702422700e+00 5.679642247063625138e-02 2.667895793914794922e+00
1.200000000000000000e+01 9.317515958664642634e-03 3.136110196048832677e+01 2.810015165538565896e+00 5.895098695401439909e-02 2.955304622650146484e+00
1.300000000000000000e+01 1.457228809122504062e-02 2.804983801079156436e+01 2.834983448930722183e+00 5.599422471068531137e-02 3.429242372512817383e+00
1.400000000000000000e+01 1.430636472758667864e-02 2.768906341926178882e+01 2.572035036428519383e+00 5.622530417722365614e-02 2.349540948867797852e+00
1.500000000000000000e+01 1.163175668025205264e-02 2.771378496930914892e+01 2.746842301076444226e+00 6.617465514424636375e-02 2.539508581161499023e+00
1.600000000000000000e+01 9.580903993310413078e-03 2.556151449468870496e+01 2.520560785932675962e+00 5.614129067305852205e-02 2.923400878906250000e+00
1.700000000000000000e+01 9.694465927680851608e-03 2.551171964030594452e+01 2.736867299802157039e+00 6.109777897615823600e-02 2.793087482452392578e+00
1.800000000000000000e+01 1.393675708146431373e-02 2.400387718605928100e+01 2.761545488589219666e+00 5.228109058291514205e-02 2.968402862548828125e+00
1.900000000000000000e+01 1.150623717970161719e-02 2.397073543825961650e+01 2.786847702382024394e+00 6.287299630298209818e-02 2.687500000000000000e+00
2.000000000000000000e+01 8.089129598925432277e-03 2.348249286807030600e+01 2.695039378264289631e+00 6.747399289026836944e-02 2.530942201614379883e+00
2.100000000000000000e+01 1.006718687157515807e-02 2.232716042998459471e+01 2.567501740140770927e+00 5.834572655559958076e-02 3.100753545761108398e+00
2.200000000000000000e+01 1.195352078285845734e-02 2.205849864293919893e+01 2.705840997837695383e+00 6.311846796706074847e-02 3.061151742935180664e+00
2.300000000000000000e+01 6.398156348602306205e-03 2.206534672608947645e+01 2.679577423515662193e+00 6.313678071364985100e-02 2.408352375030517578e+00
2.400000000000000000e+01 7.794520918591698461e-03 2.144405137588710986e+01 2.623663015067671633e+00 5.844151744511177915e-02 2.624307632446289062e+00
2.500000000000000000e+01 1.081589898777311244e-02 2.027416250754638938e+01 2.560283872816126127e+00 6.129543093107765739e-02 2.563833713531494141e+00
2.600000000000000000e+01 8.669674051652967103e-03 2.004885009153941056e+01 2.639248408405397317e+00 5.647065794860432059e-02 2.728283405303955078e+00
2.700000000000000000e+01 9.688908462571470259e-03 1.984250072707179058e+01 2.566119513306188704e+00 7.276218553433391745e-02 2.694480895996093750e+00
2.800000000000000000e+01 6.145722540777977250e-03 1.976563708925765894e+01 2.524244966956916247e+00 6.744543072217211443e-02 2.922256946563720703e+00
2.900000000000000000e+01 9.215670465861618837e-03 1.875247423525278023e+01 2.562390260621277616e+00 5.826553235261600072e-02 2.726194381713867188e+00
3.000000000000000000e+01 5.464717222616035860e-03 1.909395727888394134e+01 2.561777041300434821e+00 6.464056804878683116e-02 3.447226285934448242e+00
3.100000000000000000e+01 7.901634729333186988e-03 1.834130282649597277e+01 2.572495229455571852e+00 6.511060714370954516e-02 2.875809907913208008e+00
3.200000000000000000e+01 7.555510976773837685e-03 1.802608463513456982e+01 2.520669396834262166e+00 6.617451622366660180e-02 2.719513416290283203e+00
3.300000000000000000e+01 4.383777244168324608e-03 1.770904147397688888e+01 2.484130852184647242e+00 7.281334751150501938e-02 2.895190715789794922e+00
3.400000000000000000e+01 5.585591049459126892e-03 1.724335649495622036e+01 2.531475302706500230e+00 6.834968484415863965e-02 3.003904581069946289e+00
3.500000000000000000e+01 6.968065091971229093e-03 1.706127961151752714e+01 2.548953164671122096e+00 6.091026033989785371e-02 3.141897201538085938e+00
3.600000000000000000e+01 9.225234871475265774e-03 1.608594497916835309e+01 2.552765848500934354e+00 6.110116302905405777e-02 3.300123929977416992e+00
3.700000000000000000e+01 8.336937148268152090e-03 1.627548591216732987e+01 2.493577289267151276e+00 6.090141761576346735e-02 2.946572065353393555e+00
3.800000000000000000e+01 6.871591182647020582e-03 1.667830786773678753e+01 2.517407725271400665e+00 6.722537384138198291e-02 3.111634254455566406e+00
3.900000000000000000e+01 7.036158892770406903e-03 1.575849952956771283e+01 2.595683893887963833e+00 5.695499628440447992e-02 2.819641828536987305e+00
4.000000000000000000e+01 6.227825635051002437e-03 1.573544189317109065e+01 2.490335538017655281e+00 6.574186672144617660e-02 3.096194267272949219e+00
4.100000000000000000e+01 8.309030760173811286e-03 1.506480650808563482e+01 2.523435143513881318e+00 6.280471393819624104e-02 2.817992687225341797e+00
4.200000000000000000e+01 4.970916354993550751e-03 1.567187270655649911e+01 2.456902030403174564e+00 6.576183261589824136e-02 3.256754875183105469e+00
4.300000000000000000e+01 6.553673401511616800e-03 1.488547198270113547e+01 2.453501279143906810e+00 5.925837490996713197e-02 3.049909114837646484e+00
4.400000000000000000e+01 5.778299357944617284e-03 1.476758389103088298e+01 2.381774263923057688e+00 7.075257852666438918e-02 2.902424573898315430e+00
4.500000000000000000e+01 5.326998144588509891e-03 1.470330551611482583e+01 2.424018740377488434e+00 6.756648244432618411e-02 2.892701625823974609e+00
4.600000000000000000e+01 5.817761668662707088e-03 1.446299244714134957e+01 2.456952857340761742e+00 6.493814565776738490e-02 2.824267864227294922e+00
4.700000000000000000e+01 4.507443956258674542e-03 1.405083943209391073e+01 2.424105754128378365e+00 6.743837176744274520e-02 2.757589340209960938e+00
4.800000000000000000e+01 4.655917470231308621e-03 1.434496917906884583e+01 2.379482800170543921e+00 6.960879247139087345e-02 3.019699096679687500e+00
4.900000000000000000e+01 5.554484394513236473e-03 1.417779940133762828e+01 2.382541256852981792e+00 6.866834230049606580e-02 2.966511487960815430e+00
5.000000000000000000e+01 4.547584913329282344e-03 1.400556422770096354e+01 2.347327937643492568e+00 7.199157137589279332e-02 2.877687931060791016e+00
5.100000000000000000e+01 4.051438587377536454e-03 1.355846910425342422e+01 2.334698474218507069e+00 6.940694443302120042e-02 3.170446157455444336e+00
5.200000000000000000e+01 5.588318162538613749e-03 1.360946495348016150e+01 2.317710017312225368e+00 7.181312580705774551e-02 2.946269035339355469e+00
5.300000000000000000e+01 4.428412999821239315e-03 1.333511519065728734e+01 2.334072657504375758e+00 6.833234476371775890e-02 2.866966962814331055e+00
5.400000000000000000e+01 5.135794900009423708e-03 1.306643992592349690e+01 2.367666608725264688e+00 6.220583550465479117e-02 2.962894916534423828e+00
5.500000000000000000e+01 5.294569560480276611e-03 1.280220699265667683e+01 2.407074319982193344e+00 6.112588673610007406e-02 2.845435619354248047e+00
5.600000000000000000e+01 3.501527600156302631e-03 1.301097252833110574e+01 2.357348873300550540e+00 7.095193391988360854e-02 3.373126268386840820e+00
5.700000000000000000e+01 4.977567039775702279e-03 1.280336280623872014e+01 2.382164318328629626e+00 6.200646213724796130e-02 3.352763652801513672e+00
5.800000000000000000e+01 4.996012129800698164e-03 1.264543802153192509e+01 2.342821151704534532e+00 6.121619046766862277e-02 3.059396982192993164e+00
5.900000000000000000e+01 4.655189207630423820e-03 1.257670618868577783e+01 2.372420401057295791e+00 6.278800992285567262e-02 2.896184921264648438e+00
6.000000000000000000e+01 3.781119666069104705e-03 1.235285105122857807e+01 2.290568596183449657e+00 6.966438803056908269e-02 3.055487394332885742e+00
6.100000000000000000e+01 3.673737965612672990e-03 1.244787652603500128e+01 2.364926081460737795e+00 6.823116856246154438e-02 3.126741409301757812e+00
6.200000000000000000e+01 5.882721589908266810e-03 1.203114254416309592e+01 2.326180747898831669e+00 5.833260180174876935e-02 2.861849546432495117e+00
6.300000000000000000e+01 3.975894153504807606e-03 1.227872058159651836e+01 2.319967722240727781e+00 7.033471372963551183e-02 3.137963533401489258e+00
6.400000000000000000e+01 2.972434695876866474e-03 1.197477251059251024e+01 2.277913191629422407e+00 6.956119348617743892e-02 3.388144731521606445e+00
6.500000000000000000e+01 4.322593403102302848e-03 1.178053725476692293e+01 2.312729641611715348e+00 5.704934601104232061e-02 2.733519315719604492e+00
6.600000000000000000e+01 5.269177619820470879e-03 1.153664283909140842e+01 2.286711676369731272e+00 5.679698075179404060e-02 3.235554218292236328e+00
6.700000000000000000e+01 4.099730786980801921e-03 1.162341074092661763e+01 2.303402218925057809e+00 6.239950046863511346e-02 3.404465436935424805e+00
6.800000000000000000e+01 4.485024532046900242e-03 1.153250659232038444e+01 2.302212788436908131e+00 6.944752440701391916e-02 3.413621664047241211e+00
6.900000000000000000e+01 4.604498580871648795e-03 1.126605452286910669e+01 2.267451553452246138e+00 5.696648495271933871e-02 3.867353200912475586e+00
7.000000000000000000e+01 3.932613358959293447e-03 1.146116905402966779e+01 2.278423699875403052e+00 6.639108406443819388e-02 3.700704097747802734e+00
7.100000000000000000e+01 2.665112267409845866e-03 1.133469444505841928e+01 2.211590341566342044e+00 7.278665272290213428e-02 3.054696559906005859e+00
7.200000000000000000e+01 3.609420449117459271e-03 1.098402596909303064e+01 2.121707745166860448e+00 6.227188633041901011e-02 3.082592725753784180e+00
7.300000000000000000e+01 3.694308210833963015e-03 1.096930239149657993e+01 2.154920767182244123e+00 6.205868123100359568e-02 3.364005804061889648e+00
7.400000000000000000e+01 3.014256517071318801e-03 1.117056335286565449e+01 2.033992443887338464e+00 6.862116355039026006e-02 3.297944068908691406e+00
7.500000000000000000e+01 3.325233696514438494e-03 1.079714101435030393e+01 2.142955399760280155e+00 6.946766620479551124e-02 3.411044597625732422e+00
7.600000000000000000e+01 2.908633104873097931e-03 1.095713670075870283e+01 2.010608850574561846e+00 6.527842503373147698e-02 3.112708330154418945e+00
7.700000000000000000e+01 2.457516028531553289e-03 1.097992501370734253e+01 2.103623936405749184e+00 6.507015017897758991e-02 3.159188985824584961e+00
7.800000000000000000e+01 4.546909428407514345e-03 1.058959996413426907e+01 2.114682370492202423e+00 6.419466541498619616e-02 3.331452846527099609e+00
7.900000000000000000e+01 2.950496816555393982e-03 1.057804003202914700e+01 2.072018872588182514e+00 6.627975756578018129e-02 3.271436452865600586e+00
8.000000000000000000e+01 3.946242928971470040e-03 1.024334349828719581e+01 2.102136144041491406e+00 5.790780285342896072e-02 3.400994062423706055e+00
8.100000000000000000e+01 2.935522607341963918e-03 1.044123400116882117e+01 2.009090146991041159e+00 6.492896358799495060e-02 3.298945665359497070e+00
8.200000000000000000e+01 3.129849366964439824e-03 1.022566108854624112e+01 2.134600417883962375e+00 5.987888723803799773e-02 3.476949453353881836e+00
8.300000000000000000e+01 2.321962975054816733e-03 1.041837523734036708e+01 2.095031864786844888e+00 6.949519165298077839e-02 3.175219774246215820e+00
8.400000000000000000e+01 2.580161485168065098e-03 1.014589055800971451e+01 2.037882896597145166e+00 7.057397999823304680e-02 3.321663618087768555e+00
8.500000000000000000e+01 2.408946761417835383e-03 1.022341751165041401e+01 2.013507178318390878e+00 7.205830484995501273e-02 3.594852447509765625e+00
8.600000000000000000e+01 2.766718873895172848e-03 1.001371490486211258e+01 2.081894563796488740e+00 5.598873240310476423e-02 3.563665628433227539e+00
8.700000000000000000e+01 3.593807311749454021e-03 9.937430037547867911e+00 1.977471148654864619e+00 6.078092125475505897e-02 3.485170125961303711e+00
8.800000000000000000e+01 2.157078651529827692e-03 9.986297993886298130e+00 1.910154504644294482e+00 6.201645465553635300e-02 3.606563091278076172e+00
8.900000000000000000e+01 3.021662477387349749e-03 9.990731843337396612e+00 1.980418027985429319e+00 6.177530846275717386e-02 3.617169141769409180e+00
9.000000000000000000e+01 2.085580907240076973e-03 9.953594701880767559e+00 2.021454304692055892e+00 6.685739677062545183e-02 3.855252027511596680e+00
9.100000000000000000e+01 1.806212728336383791e-03 1.008896196017731839e+01 1.887686766303848351e+00 7.389397259218002945e-02 3.513305425643920898e+00
9.200000000000000000e+01 1.612589021881823603e-03 9.867663324178222339e+00 1.902499598482674026e+00 7.269572374410392113e-02 3.649606466293334961e+00
9.300000000000000000e+01 2.016497922181657333e-03 9.825913324007860439e+00 1.920933167654494067e+00 6.550797805571072219e-02 3.483188629150390625e+00
9.400000000000000000e+01 2.274678011040783335e-03 9.629439345513009840e+00 1.829717387420467078e+00 6.938718813514541117e-02 3.798922538757324219e+00
9.500000000000000000e+01 1.933230860674790743e-03 9.771593643522587413e+00 1.963879993976509697e+00 6.412144051273817313e-02 3.365828514099121094e+00
9.600000000000000000e+01 2.700138029403149984e-03 9.647023760180999830e+00 1.908605070526037117e+00 6.787546902878796584e-02 3.436545372009277344e+00
9.700000000000000000e+01 2.989722575358372270e-03 9.605290162959970957e+00 1.834310076113728982e+00 6.792518658931148701e-02 3.352712154388427734e+00
9.800000000000000000e+01 2.929410523560438840e-03 9.572897859876844606e+00 1.934140398086302115e+00 7.222804638805455091e-02 3.419969558715820312e+00
9.900000000000000000e+01 2.067644214332176999e-03 9.524292546276075910e+00 1.913474701334045847e+00 7.097299107043673894e-02 3.766013383865356445e+00
