2.000000000000000000e+00 2.528625261619452808e-02 3.719483450566861507e+02 1.721676796529562070e+00 2.491523837367687622e-01 3.035600900650024414e+00
3.000000000000000000e+00 8.001804537930817460e-03 3.274679602385647286e+02 1.751939127129968909e+00 2.557995570940679864e-01 2.815180063247680664e+00
4.000000000000000000e+00 1.115371766886338704e-03 2.791800755794180304e+02 1.819961246538805089e+00 2.452856454117515184e-01 3.682173967361450195e+00
5.000000000000000000e+00 3.492966868522853047e-04 2.447973166122608291e+02 1.784920025341364624e+00 2.361141590406100887e-01 3.385426282882690430e+00
6.000000000000000000e+00 1.114827802496557363e-03 2.263207346336124601e+02 1.757237727990545340e+00 1.732860545592084800e-01 3.587764263153076172e+00
7.000000000000000000e+00 2.678257516052742933e-04 2.082488559207995991e+02 1.745676776949594000e+00 1.791120603624244412e-01 2.909461498260498047e+00
8.000000000000000000e+00 3.171475328382695157e-03 1.926019933097146577e+02 1.794858050326392451e+00 1.836916397771762854e-01 3.396653890609741211e+00
9.000000000000000000e+00 -2.527569149476287594e-05 1.804624074536673959e+02 1.675592201457743569e+00 1.932059315514304265e-01 3.220844984054565430e+00
1.000000000000000000e+01 1.445581227872399371e-03 1.703677509754580228e+02 1.708752841808391709e+00 1.929007964482290782e-01 3.895637512207031250e+00
1.100000000000000000e+01 -1.353167269129060355e-03 1.595568440319963770e+02 1.806286794964583997e+00 1.904358927729464801e-01 2.994024038314819336e+00
1.200000000000000000e+01 3.758404516467966829e-04 1.557067105053279192e+02 1.740171312778509227e+00 1.986752089679546529e-01 3.713590145111083984e+00
1.300000000000000000e+01 -4.744807252680153468e-04 1.463335935119781368e+02 1.759193176245159140e+00 1.966912900669766928e-01 3.324641466140747070e+00
1.400000000000000000e+01 -6.624383931124615309e-04 1.432523116192798796e+02 1.690985510002718906e+00 2.056517728637998199e-01 3.202739238739013672e+00
1.500000000000000000e+01 -7.458298885441524712e-04 1.372465744790609961e+02 1.720390716070291370e+00 2.049244089618014186e-01 4.165993690490722656e+00
1.600000000000000000e+01 6.389162744585805435e-04 1.326677481735236483e+02 1.673058190251831112e+00 2.019949657708037249e-01 3.766011476516723633e+00
1.700000000000000000e+01 -3.635326432968014770e-04 1.290633597394741230e+02 1.755972596081095238e+00 1.794650381357922875e-01 4.321981430053710938e+00
1.800000000000000000e+01 -2.205564681121877459e-04 1.266312246511797639e+02 1.695100558216488196e+00 1.707200996266443338e-01 4.659833908081054688e+00
1.900000000000000000e+01 1.120554665808990595e-05 1.271136152876580212e+02 1.599089750295487944e+00 1.903702540781961605e-01 3.483142614364624023e+00
2.000000000000000000e+01 -7.253525545213490491e-05 1.196624893388056563e+02 1.681251797970304551e+00 1.738313526521751418e-01 3.547958612442016602e+00
2.100000000000000000e+01 1.538526220791591574e-04 1.211844439767976809e+02 1.671613433751634625e+00 1.839840765825781765e-01 3.961539268493652344e+00
2.200000000000000000e+01 8.529324313587364212e-05 1.186206843074793369e+02 1.638551451742685572e+00 1.852242959470186690e-01 3.829392910003662109e+00
2.300000000000000000e+01 1.816832993861441871e-04 1.153971021514521027e+02 1.649194758692760221e+00 1.883981240677088387e-01 4.580085992813110352e+00
2.400000000000000000e+01 -4.172952437550149062e-04 1.147984746739616497e+02 1.556072101942326258e+00 1.930542904208874810e-01 4.367403507232666016e+00
2.500000000000000000e+01 2.220040565333392595e-05 1.106568394020083161e+02 1.650149934632058280e+00 1.927730560642834656e-01 4.286446094512939453e+00
2.600000000000000000e+01 2.583325875245799235e-05 1.092588182792298426e+02 1.613719977217350721e+00 2.000786345519012244e-01 3.861391782760620117e+00
2.700000000000000000e+01 6.330379875162967125e-05 1.085831902371768223e+02 1.551425953017449677e+00 2.017214905369932865e-01 3.993983983993530273e+00
2.800000000000000000e+01 2.316153876720376305e-04 1.077823836766873740e+02 1.538788731432330747e+00 2.047003637711184709e-01 3.814042568206787109e+00
2.900000000000000000e+01 1.663701499730659429e-04 1.049294215861219612e+02 1.624020155644384955e+00 2.040657296222012917e-01 5.156652927398681641e+00
3.000000000000000000e+01 -8.887792542140116807e-05 1.038768473534052390e+02 1.612929197175343443e+00 2.009889501403940848e-01 4.397563934326171875e+00
3.100000000000000000e+01 2.522932018339595983e-04 9.948739437236274341e+01 1.745849481701889250e+00 1.953654138565329157e-01 4.286287546157836914e+00
3.200000000000000000e+01 3.109566769862156035e-04 9.889150318833587505e+01 1.599990384820155098e+00 1.966867064645888286e-01 3.625933170318603516e+00
3.300000000000000000e+01 2.446532828621792127e-04 9.856895595960662604e+01 1.590176708935127969e+00 2.022228426571709703e-01 4.190635204315185547e+00
3.400000000000000000e+01 -1.925556734206999228e-05 9.688065273759802665e+01 1.522372911770831339e+00 2.019388725300441112e-01 3.872909545898437500e+00
3.500000000000000000e+01 4.330405522991941726e-05 9.509430181820869166e+01 1.648786060992734948e+00 2.057438842248729416e-01 4.160025596618652344e+00
3.600000000000000000e+01 -9.996119277539449789e-05 9.283118793943330616e+01 1.588386125356934908e+00 2.028510529331284673e-01 4.712730646133422852e+00
3.700000000000000000e+01 -4.133231607188655706e-04 9.059180457374043272e+01 1.585334089194766261e+00 2.085866127987011098e-01 4.398756504058837891e+00
3.800000000000000000e+01 2.445522354767707584e-05 9.187875459017820390e+01 1.594175290457105154e+00 2.126441574625030917e-01 5.494945526123046875e+00
3.900000000000000000e+01 3.138021148666934835e-04 9.019133545515659023e+01 1.626614500900289917e+00 2.009845313081816409e-01 4.971427202224731445e+00
4.000000000000000000e+01 2.258448254686873022e-04 8.953749125855705415e+01 1.591039458433635145e+00 2.014400753420055312e-01 4.966229438781738281e+00
4.100000000000000000e+01 -5.487701117691940578e-05 8.705087123447232500e+01 1.600193121303689070e+00 2.093380540808313650e-01 4.166593790054321289e+00
4.200000000000000000e+01 3.848622064976948954e-05 8.760410331038413290e+01 1.565756319130517493e+00 2.123138894359857531e-01 4.062819480895996094e+00
4.300000000000000000e+01 2.589133731965889674e-04 8.563881630454322647e+01 1.593593795450366057e+00 2.140519135918041715e-01 5.063057661056518555e+00
4.400000000000000000e+01 -3.583469457825994822e-04 8.418784236597824133e+01 1.576910478629759860e+00 2.000190685630921783e-01 5.885333538055419922e+00
4.500000000000000000e+01 1.340279821876836654e-04 8.503635833536064581e+01 1.565111041309148465e+00 2.171487234315005455e-01 5.272450208663940430e+00
4.600000000000000000e+01 5.636660175882115880e-04 8.274525551591844419e+01 1.569157063804379693e+00 2.094984459173708236e-01 4.624069452285766602e+00
4.700000000000000000e+01 -1.118169882482316491e-04 8.138847296564978251e+01 1.581021833506299545e+00 2.200857817004337469e-01 4.852059841156005859e+00
4.800000000000000000e+01 1.425144500982048260e-04 7.986445189258600408e+01 1.601334848445485237e+00 2.043580683046093416e-01 5.003876686096191406e+00
4.900000000000000000e+01 -1.352033521547761510e-05 8.195621014094062673e+01 1.541091692128595536e+00 2.252823101204299294e-01 4.858521938323974609e+00
5.000000000000000000e+01 1.835965109943872478e-04 8.068734763394397191e+01 1.535203485240961951e+00 2.113181688101927191e-01 5.306491613388061523e+00
5.100000000000000000e+01 6.929896452990147730e-05 7.968660091834365744e+01 1.526948426575435835e+00 2.319143094730038435e-01 4.967692852020263672e+00
5.200000000000000000e+01 -1.742513694931952049e-04 7.931439957321261147e+01 1.492836330863273275e+00 2.309102798346515939e-01 4.343508005142211914e+00
5.300000000000000000e+01 2.865054717613568086e-04 7.823140408690029801e+01 1.521465889903256485e+00 2.212708851667125887e-01 4.738363742828369141e+00
5.400000000000000000e+01 1.921983784811277915e-04 7.773878212298845369e+01 1.565017255763873960e+00 2.384486868067526300e-01 5.776021480560302734e+00
5.500000000000000000e+01 2.607792354932009942e-04 7.597950889350231307e+01 1.493700419649140132e+00 2.186906946715530820e-01 4.373162984848022461e+00
5.600000000000000000e+01 -1.194750272593467477e-04 7.662033316385718251e+01 1.499942731440359278e+00 2.230512892094753952e-01 4.393448352813720703e+00
5.700000000000000000e+01 -1.261430608688666707e-04 7.521721562928526339e+01 1.504735594260286469e+00 2.167544683807192396e-01 4.681478023529052734e+00
5.800000000000000000e+01 1.326467150980763655e-04 7.493250954966103450e+01 1.530689334430026527e+00 2.194438501438620848e-01 5.183810710906982422e+00
5.900000000000000000e+01 -1.514471207592448096e-04 7.350595232219959030e+01 1.558191774751136682e+00 2.185614540307942721e-01 4.811820507049560547e+00
6.000000000000000000e+01 1.137205708048586768e-04 7.338651371087750874e+01 1.472572079492710406e+00 2.176082812057570370e-01 4.422529458999633789e+00
6.100000000000000000e+01 -7.139549200084032701e-05 7.284118391433875672e+01 1.489191870573833620e+00 2.301120998434350307e-01 5.558389663696289062e+00
6.200000000000000000e+01 5.930230851122318550e-04 7.327723543297005904e+01 1.447505040257092368e+00 2.426787144251803252e-01 5.054355621337890625e+00
6.300000000000000000e+01 -1.124989518444922016e-04 7.209297496900279612e+01 1.442630253611376423e+00 2.433855405106833403e-01 5.539625883102416992e+00
6.400000000000000000e+01 -6.720306146892998959e-05 7.042918156502301485e+01 1.472677064538333802e+00 2.293745556574884048e-01 4.877015829086303711e+00
6.500000000000000000e+01 -3.482608679507920248e-05 6.988526989555960256e+01 1.479761936823514867e+00 2.217660864625360662e-01 4.691704511642456055e+00
6.600000000000000000e+01 1.603418745850110360e-04 7.046344857832002617e+01 1.488922696222459763e+00 2.222109542178823949e-01 5.563790082931518555e+00
6.700000000000000000e+01 3.035920961854640969e-04 6.957165548459012427e+01 1.457088686177546943e+00 2.437183326927468419e-01 4.551766633987426758e+00
6.800000000000000000e+01 5.820663692038172246e-05 6.860198866071105783e+01 1.451480137103594581e+00 2.294590288504686215e-01 5.956420660018920898e+00
6.900000000000000000e+01 2.268369941510026442e-05 6.829139921125884882e+01 1.435135435639903090e+00 2.308552995077573777e-01 6.003821134567260742e+00
7.000000000000000000e+01 4.037023964461696531e-04 6.978749961499563881e+01 1.429089535587221071e+00 2.360994630074311484e-01 5.412795305252075195e+00
7.100000000000000000e+01 1.007791299559610571e-05 6.892342001171292054e+01 1.442131924376149010e+00 2.332420110571661043e-01 4.654934644699096680e+00
7.200000000000000000e+01 3.132369769244946463e-06 6.753181241651368794e+01 1.428145281355146068e+00 2.356983095031005837e-01 5.658373117446899414e+00
7.300000000000000000e+01 -2.629151041601937615e-05 6.748484528880121047e+01 1.425010420904241570e+00 2.373707941381850983e-01 6.536624431610107422e+00
7.400000000000000000e+01 2.638561416556692123e-04 6.768177000189032810e+01 1.431742630268610927e+00 2.271343780170301252e-01 5.129714012145996094e+00
7.500000000000000000e+01 3.863932079219846276e-05 6.774413356266519770e+01 1.440489379443170126e+00 2.483585336993732462e-01 5.582421064376831055e+00
7.600000000000000000e+01 -1.040611577167076870e-04 6.686417310239784229e+01 1.478426522745174498e+00 2.384451764966795950e-01 5.780925750732421875e+00
7.700000000000000000e+01 -1.155795321009460132e-04 6.612451785809909666e+01 1.457665128272721988e+00 2.404844891409637919e-01 4.685357093811035156e+00
7.800000000000000000e+01 -2.122580757026281393e-04 6.501872783560774849e+01 1.404300932785207401e+00 2.374540473416295594e-01 5.293335437774658203e+00
7.900000000000000000e+01 -1.776868080420593223e-04 6.580104590592689817e+01 1.432621587493603244e+00 2.250466061503949289e-01 5.733674049377441406e+00
8.000000000000000000e+01 -2.329534698802677149e-04 6.415733049187593906e+01 1.400174768356169164e+00 2.375834139669497913e-01 6.019546508789062500e+00
8.100000000000000000e+01 2.320603883434729363e-04 6.442082917476706427e+01 1.371231553632350053e+00 2.412102775277988609e-01 5.325563192367553711e+00
8.200000000000000000e+01 -1.022822424270020552e-06 6.481207622211343278e+01 1.441393664659210927e+00 2.322336731448770841e-01 7.335228681564331055e+00
8.300000000000000000e+01 1.164315452498571025e-04 6.446619253463595101e+01 1.435962947681939550e+00 2.357604436633935485e-01 6.097064495086669922e+00
8.400000000000000000e+01 -1.764404100524474936e-04 6.407824754312721893e+01 1.407962907369039174e+00 2.502113308214150011e-01 5.987829446792602539e+00
8.500000000000000000e+01 -1.754282935786870648e-04 6.365422523845123237e+01 1.381096358716250361e+00 2.451968665079028997e-01 5.725395202636718750e+00
8.600000000000000000e+01 -2.182506605186318070e-04 6.333933220571569223e+01 1.390567819753886436e+00 2.480720860485212953e-01 5.239039897918701172e+00
8.700000000000000000e+01 -1.876730677505798761e-04 6.315565903938066583e+01 1.384116996289688206e+00 2.478025838193293751e-01 5.220929384231567383e+00
8.800000000000000000e+01 -2.062729988040048286e-04 6.267844143225754294e+01 1.373445969008806777e+00 2.477398570224247365e-01 5.815397262573242188e+00
8.900000000000000000e+01 -1.640358885870245829e-04 6.218322983432615558e+01 1.381269372492513359e+00 2.473164680283111705e-01 4.875263690948486328e+00
9.000000000000000000e+01 -1.594803233152177629e-04 6.218199782445316259e+01 1.365709231699029802e+00 2.486650919668923487e-01 5.797857522964477539e+00
9.100000000000000000e+01 -1.457689283149443422e-04 6.178164824914846776e+01 1.362187121135321144e+00 2.489311880216286965e-01 5.451055765151977539e+00
9.200000000000000000e+01 -1.358341446481015622e-04 6.147434203072069892e+01 1.367476178973017431e+00 2.498291564068187143e-01 6.442093372344970703e+00
9.300000000000000000e+01 -1.254880561937670217e-04 6.093982575174447192e+01 1.357157227420276335e+00 2.496361168518297369e-01 6.160082578659057617e+00
9.400000000000000000e+01 -1.302960613943742992e-04 6.097029933801281487e+01 1.353413066771009587e+00 2.510624993999439614e-01 6.667672872543334961e+00
9.500000000000000000e+01 -1.252450464437051213e-04 6.040827270377769764e+01 1.351606886541041996e+00 2.502477038851828595e-01 5.695748329162597656e+00
9.600000000000000000e+01 -1.785077829765409471e-04 6.001742555847268790e+01 1.347994524142094086e+00 2.504845735487126190e-01 5.393226623535156250e+00
9.700000000000000000e+01 -3.471417441815611844e-04 5.964158754915977312e+01 1.379136109607820071e+00 2.388770049783141836e-01 5.340112447738647461e+00
9.800000000000000000e+01 -1.153496071165038627e-04 5.966005061935076270e+01 1.389534295254974294e+00 2.387713441963914829e-01 5.736628770828247070e+00
9.900000000000000000e+01 -1.833336499404171472e-04 6.027664436136812043e+01 1.361358235237859926e+00 2.444913597055276833e-01 6.323937177658081055e+00
