2.000000000000000000e+00 -1.324692198661388172e-06 1.669015408665994293e+00 1.086473511950412707e+01 3.344060653665689112e-03 3.915588855743408203e-01
3.000000000000000000e+00 -1.278125221118826338e-04 1.437027210493095453e+00 9.729244541873358187e+00 1.323619917705100117e-03 2.577660083770751953e-01
4.000000000000000000e+00 -1.074761595775432086e-04 1.463174765378990383e+00 8.373059978585462915e+00 1.415943028222262871e-03 2.613978385925292969e-01
5.000000000000000000e+00 -2.162739725031709640e-04 1.409313024559302852e+00 7.677336761306446711e+00 4.429479951643775122e-04 3.639230728149414062e-01
6.000000000000000000e+00 5.051074237654423845e-06 1.360816381116099594e+00 7.353576814291995056e+00 -3.506187793835192939e-05 3.446755409240722656e-01
7.000000000000000000e+00 -9.993218569064180924e-05 1.325447522280064350e+00 6.687462652049602774e+00 -5.823214745818689310e-04 3.388526439666748047e-01
8.000000000000000000e+00 1.758301206723355702e-04 1.334204284264207452e+00 6.479063774590501090e+00 -3.211939718108651237e-04 3.237984180450439453e-01
9.000000000000000000e+00 6.539601104119685559e-05 1.320560354863258290e+00 6.027393618071652526e+00 -6.752005394856379523e-04 3.794360160827636719e-01
1.000000000000000000e+01 6.295598573064128663e-05 1.325432254087675954e+00 5.661855610201040001e+00 -6.474508122316013567e-04 4.878671169281005859e-01
1.100000000000000000e+01 7.770663035317574847e-05 1.303501886070687066e+00 5.446124251913413872e+00 -4.239073937996540244e-04 4.285557270050048828e-01
1.200000000000000000e+01 -4.593089649730234717e-05 1.329005235505688720e+00 5.123758184751805445e+00 -2.949855531627074211e-04 4.198782444000244141e-01
1.300000000000000000e+01 -7.631284938311775181e-05 1.293209374590106986e+00 5.268258666856308281e+00 -8.936387962020319155e-04 4.107029438018798828e-01
1.400000000000000000e+01 1.151360484066492844e-04 1.281877289205009651e+00 4.872869249184479834e+00 -1.652755207808072509e-03 4.064912796020507812e-01
1.500000000000000000e+01 1.256381698021304377e-04 1.283428153691655416e+00 4.674727017349732172e+00 -1.687864929551211035e-03 3.502740859985351562e-01
1.600000000000000000e+01 2.156922318880047232e-05 1.289510934366611128e+00 4.535511030014021117e+00 -7.726994796002048830e-04 3.416659832000732422e-01
1.700000000000000000e+01 2.959542262507880014e-05 1.303108890960136268e+00 4.450710483981560550e+00 -6.566815608098150328e-04 3.812179565429687500e-01
1.800000000000000000e+01 1.453751936843344973e-05 1.269723711955850876e+00 4.327329099187045003e+00 -1.659114729262144974e-03 4.476392269134521484e-01
1.900000000000000000e+01 4.193216402465140956e-05 1.277319088315737483e+00 4.179255368452631458e+00 -9.200375382285927309e-04 3.995940685272216797e-01
2.000000000000000000e+01 6.731201927370238874e-06 1.284476438730003167e+00 4.067238563954384212e+00 -6.311299108939733352e-04 3.881952762603759766e-01
2.100000000000000000e+01 9.202747749016387853e-06 1.289524214399851543e+00 3.908284751249653688e+00 -1.548801289833466295e-03 3.893711566925048828e-01
2.200000000000000000e+01 -6.979056681225357884e-06 1.286256790049431054e+00 4.001915316211766438e+00 -7.738333719705830539e-04 3.951530456542968750e-01
2.300000000000000000e+01 4.153722246814836030e-05 1.285759262604782238e+00 3.852133304255147550e+00 -1.134714792933544337e-04 4.677834510803222656e-01
2.400000000000000000e+01 2.437961554598762630e-05 1.272645767884749146e+00 3.820269831337890221e+00 -1.070906387571278831e-03 5.154995918273925781e-01
2.500000000000000000e+01 -6.871647263679368637e-05 1.269254428565437465e+00 3.715929746274768686e+00 -5.421112003183385913e-04 4.958508014678955078e-01
2.600000000000000000e+01 6.657153455807966909e-05 1.282433129035972730e+00 3.709047215185182100e+00 4.921760880960232998e-04 5.860702991485595703e-01
2.700000000000000000e+01 4.850297997608785154e-05 1.268339749508428538e+00 3.604132252395561231e+00 -6.735350151195518319e-04 4.840564727783203125e-01
2.800000000000000000e+01 6.988906928819673623e-06 1.265784047719098249e+00 3.362844207779158712e+00 -5.056419134549674068e-04 4.646296501159667969e-01
2.900000000000000000e+01 -3.720347830131576585e-05 1.277092659708237044e+00 3.492507511745668314e+00 4.435053811175443329e-04 4.415829181671142578e-01
3.000000000000000000e+01 5.537563654736965557e-05 1.270506835722422512e+00 3.362342094973672424e+00 -4.579188876882762135e-04 4.432969093322753906e-01
3.100000000000000000e+01 -3.900875052969196701e-05 1.266978525735021455e+00 3.254504696295284383e+00 1.000740557646419320e-04 4.207899570465087891e-01
3.200000000000000000e+01 -6.039785675253063787e-06 1.264515591326429433e+00 3.235348976833902768e+00 4.576427695282076153e-04 4.618928432464599609e-01
3.300000000000000000e+01 -6.948220658891335821e-05 1.277218145324899634e+00 3.220326370022497109e+00 1.036629387351466289e-03 4.691486358642578125e-01
3.400000000000000000e+01 -7.858926280281794863e-05 1.271925899671168425e+00 3.094348245214033177e+00 1.519254268145947334e-03 4.796736240386962891e-01
3.500000000000000000e+01 2.532225221844353429e-05 1.260537270570577961e+00 3.128335516164215235e+00 -6.140760619359377902e-04 5.260281562805175781e-01
3.600000000000000000e+01 3.338729271187915836e-06 1.270449243014603047e+00 3.018348076054580886e+00 1.373999853898464837e-03 4.963550567626953125e-01
3.700000000000000000e+01 9.195906479454276955e-05 1.258065931434012574e+00 3.084808805494291928e+00 -1.520415906678917984e-04 5.056869983673095703e-01
3.800000000000000000e+01 1.843490650341019039e-06 1.268148548644209450e+00 2.948589025813740161e+00 2.260574614842947284e-04 5.636718273162841797e-01
3.900000000000000000e+01 3.040130105907947490e-06 1.270948353810893883e+00 2.886578680563932409e+00 1.866386521263247453e-03 5.841703414916992188e-01
4.000000000000000000e+01 -1.335314995222293922e-07 1.286588667242687167e+00 2.851790054969763233e+00 3.554087837270892853e-03 5.117642879486083984e-01
4.100000000000000000e+01 6.564159596721416765e-05 1.254885823811203727e+00 2.947145617809753482e+00 1.426637291623425517e-04 5.645875930786132812e-01
4.200000000000000000e+01 2.010620169247015631e-06 1.270840779140958388e+00 2.865652206109948530e+00 2.238338087234321202e-03 5.485823154449462891e-01
4.300000000000000000e+01 -5.955804659611556803e-06 1.265085459545514990e+00 2.737399403794919195e+00 2.678801864930132476e-03 5.732412338256835938e-01
4.400000000000000000e+01 9.161246572498097314e-06 1.265167552633426062e+00 2.680862753022323908e+00 3.034430920757369074e-03 5.303397178649902344e-01
4.500000000000000000e+01 -1.790263770868393369e-05 1.261787904132535942e+00 2.676791321625873632e+00 1.829604468165679809e-04 5.805292129516601562e-01
4.600000000000000000e+01 -1.299637212357978598e-05 1.254038828074256706e+00 2.648289109847548950e+00 4.650784208005251841e-04 5.892348289489746094e-01
4.700000000000000000e+01 -8.371972867378022582e-05 1.257067286565195507e+00 2.591603684930666951e+00 2.353758459229187729e-03 6.357417106628417969e-01
4.800000000000000000e+01 -2.218144336914943272e-06 1.249522894289125441e+00 2.571271618569618500e+00 -3.575345086604869499e-04 5.745966434478759766e-01
4.900000000000000000e+01 -1.430657802907046995e-05 1.254750540007354198e+00 2.604013226189310526e+00 1.854383425131986285e-03 5.878646373748779297e-01
5.000000000000000000e+01 3.731145523691826668e-05 1.256427840644767535e+00 2.452040760629536909e+00 3.058534496300369197e-03 7.419023513793945312e-01
5.100000000000000000e+01 1.798238192934482793e-05 1.256652592727211193e+00 2.486323738461234001e+00 2.837962057744415449e-03 5.619709491729736328e-01
5.200000000000000000e+01 4.141899818547293985e-05 1.248829092734587975e+00 2.581431066552769771e+00 1.426482110067212690e-03 6.315076351165771484e-01
5.300000000000000000e+01 -2.298949550557058847e-05 1.257887109017317817e+00 2.509965655806825513e+00 2.585670264654252922e-03 6.056115627288818359e-01
5.400000000000000000e+01 3.647818986679111805e-05 1.248644685194590265e+00 2.538151428389883613e+00 2.002009820650163183e-03 5.922231674194335938e-01
5.500000000000000000e+01 -2.833061775337331514e-05 1.254388675170948764e+00 2.353948773691135088e+00 1.901025314717870235e-03 6.488559246063232422e-01
5.600000000000000000e+01 -7.747505294806527704e-06 1.255265654026821220e+00 2.356085496071313568e+00 3.161334863686780100e-03 6.724612712860107422e-01
5.700000000000000000e+01 -9.042447150080594511e-06 1.254335490029914180e+00 2.334554092842771489e+00 3.495601061518888598e-03 6.620867252349853516e-01
5.800000000000000000e+01 -4.611191556232429513e-06 1.258099492733187441e+00 2.280259566562668372e+00 4.276488292096572788e-03 6.804313659667968750e-01
5.900000000000000000e+01 6.233657782970740928e-06 1.258578366648678504e+00 2.255481370692221432e+00 5.351080114521867062e-03 6.576211452484130859e-01
6.000000000000000000e+01 -4.687381561172342969e-06 1.257350499245604381e+00 2.193164184587286236e+00 4.380892936504800737e-03 7.065885066986083984e-01
6.100000000000000000e+01 -6.205473551736607389e-06 1.259947878538318689e+00 2.166580836362284046e+00 4.785638262359608042e-03 6.755945682525634766e-01
6.200000000000000000e+01 -9.397912470736955904e-06 1.260696958099723819e+00 2.145344312632289974e+00 5.185814575868950144e-03 6.519131660461425781e-01
6.300000000000000000e+01 1.633787704230184171e-06 1.257957630861795462e+00 2.225638813867850896e+00 5.606622152647629254e-03 7.634937763214111328e-01
6.400000000000000000e+01 -1.549248195779517927e-05 1.257696188951240135e+00 2.098318541047659913e+00 4.722377491715081671e-03 7.798335552215576172e-01
6.500000000000000000e+01 -1.905000147631073784e-05 1.255208237482356104e+00 2.074422999931928580e+00 4.295124942806167329e-03 8.453807830810546875e-01
6.600000000000000000e+01 -1.362530430948033722e-05 1.253430541535647702e+00 2.061761446874147197e+00 4.504326819257733171e-03 8.256394863128662109e-01
6.700000000000000000e+01 -8.241714133573407137e-06 1.251773632075087184e+00 2.048788706453576580e+00 4.528233935829586131e-03 7.090053558349609375e-01
6.800000000000000000e+01 -3.313673305799299011e-06 1.249102370163836628e+00 2.026704575963393040e+00 4.132697168360725815e-03 7.777235507965087891e-01
6.900000000000000000e+01 -5.919547756974975418e-06 1.248515038271103661e+00 2.013715351862684244e+00 4.616191647078773767e-03 8.141689300537109375e-01
7.000000000000000000e+01 -6.349147609775657850e-06 1.247172930894072662e+00 1.993306052017462582e+00 4.778789599920726244e-03 8.166000843048095703e-01
7.100000000000000000e+01 3.971917853347162278e-07 1.245567229026295131e+00 1.970272696099988563e+00 4.610840601344840840e-03 8.107197284698486328e-01
7.200000000000000000e+01 1.590247039297254296e-07 1.245587847965226480e+00 1.942082128693681797e+00 4.871384205346562975e-03 8.905377388000488281e-01
7.300000000000000000e+01 2.401038771581292560e-06 1.245697160455704555e+00 1.933251645405728469e+00 5.247767007411574362e-03 8.975446224212646484e-01
7.400000000000000000e+01 -1.806736902214687359e-07 1.244136647997512224e+00 1.923431555588799080e+00 5.416498340799666758e-03 8.124148845672607422e-01
7.500000000000000000e+01 -4.731903420692543116e-06 1.241221628110300790e+00 1.903545728787755298e+00 5.094842600757576098e-03 7.806015014648437500e-01
7.600000000000000000e+01 -2.586869659867181224e-05 1.240929020785977777e+00 1.931077640904008463e+00 4.940164936865456234e-03 8.057954311370849609e-01
7.700000000000000000e+01 -2.248940461178319640e-05 1.239853026833337424e+00 1.840005323448351326e+00 4.605060355429669433e-03 8.215000629425048828e-01
7.800000000000000000e+01 -9.444712216975265925e-06 1.235208408087403953e+00 1.855370536100463541e+00 5.106339814871974254e-03 8.574197292327880859e-01
7.900000000000000000e+01 -1.809552164625860061e-05 1.233596986661052330e+00 1.838712838953016737e+00 4.930012878959460880e-03 8.732738494873046875e-01
8.000000000000000000e+01 2.045462672028636760e-06 1.234442769718760102e+00 1.878713277073604360e+00 5.629842441258993239e-03 8.622303009033203125e-01
8.100000000000000000e+01 -1.183924742699271919e-05 1.235785403704724894e+00 1.823620297695635051e+00 6.027557217035794945e-03 9.630851745605468750e-01
8.200000000000000000e+01 -1.118259146109342576e-05 1.241351627029285476e+00 1.832696078515558380e+00 6.388262197152987099e-03 9.107778072357177734e-01
8.300000000000000000e+01 -1.055350472589563055e-05 1.232880298994002644e+00 1.799295953872243281e+00 6.076056369590327778e-03 9.581615924835205078e-01
8.400000000000000000e+01 -6.812477922568538420e-06 1.231973605523868365e+00 1.853529010786892472e+00 5.869626134806692902e-03 9.520144462585449219e-01
8.500000000000000000e+01 -1.101145121862584831e-05 1.229471252610799370e+00 1.766548251841046024e+00 5.420962900745503014e-03 8.565468788146972656e-01
8.600000000000000000e+01 -1.834046480787478335e-05 1.226859293319388255e+00 1.743721725374003828e+00 4.803901022893953404e-03 8.538639545440673828e-01
8.700000000000000000e+01 -1.683086366678543776e-05 1.226985458605589940e+00 1.734912529046569452e+00 5.196271066385533925e-03 8.471767902374267578e-01
8.800000000000000000e+01 -1.524040046931258959e-05 1.224189876347258954e+00 1.713313443215967791e+00 4.972145917986093254e-03 9.035875797271728516e-01
8.900000000000000000e+01 -1.139779424059834134e-05 1.227042225431691502e+00 1.663798902145803504e+00 5.677626720987542959e-03 8.555595874786376953e-01
9.000000000000000000e+01 -1.821008137580993315e-05 1.226027854391805283e+00 1.632251478256963262e+00 4.665701626544647290e-03 8.620285987854003906e-01
9.100000000000000000e+01 -2.107603888499307108e-05 1.218803300790844535e+00 1.664058075027978534e+00 4.498566507278038869e-03 9.147686958312988281e-01
9.200000000000000000e+01 -1.733129948122703247e-05 1.216367446913479533e+00 1.651116596595781028e+00 4.409732160453211022e-03 9.772713184356689453e-01
9.300000000000000000e+01 2.120433783201110504e-06 1.217681803122374840e+00 1.633082179209325080e+00 3.390148937145116663e-03 1.064120292663574219e+00
9.400000000000000000e+01 -6.649379159459115278e-06 1.221446735067130529e+00 1.584373222839267736e+00 4.146777763533252177e-03 9.523963928222656250e-01
9.500000000000000000e+01 1.353466187242090248e-05 1.215268081485203933e+00 1.537144765843062588e+00 2.961121035437172446e-03 1.025259733200073242e+00
9.600000000000000000e+01 -1.473283055473305395e-05 1.215026280859562657e+00 1.631429305404890284e+00 4.981180022037627782e-03 1.014863729476928711e+00
9.700000000000000000e+01 -3.996452966433317110e-06 1.211719114705118727e+00 1.562799194596096619e+00 4.031413776798654230e-03 1.079911231994628906e+00
9.800000000000000000e+01 -6.862707198033302391e-06 1.215020869612555066e+00 1.627902385597821855e+00 5.338423143179844843e-03 9.967746734619140625e-01
9.900000000000000000e+01 -1.291682819011230907e-07 1.211867690603259273e+00 1.618687081715154852e+00 5.875813154517882560e-03 9.598138332366943359e-01
