2.000000000000000000e+00 4.197722263415511711e-03 2.223571978811908156e+00 6.256909902546660796e+00 -8.014431427649344741e-02 1.811184167861938477e+00
3.000000000000000000e+00 6.133898916700863263e-03 2.594676223544993388e+00 8.177435945412346641e+00 -8.249345313647356293e-02 2.082206964492797852e+00
4.000000000000000000e+00 5.831620831156392876e-03 2.385785370123041371e+00 7.495187382977485768e+00 -8.738847233015428762e-02 2.101064205169677734e+00
5.000000000000000000e+00 6.867819879660229040e-03 2.455800020550787721e+00 8.403937843702113497e+00 -5.837722898868365207e-02 2.296797990798950195e+00
6.000000000000000000e+00 5.679981613690801914e-03 2.580519934642302005e+00 9.534927741014174174e+00 -6.366087824863267408e-02 2.296845436096191406e+00
7.000000000000000000e+00 6.796351488599436906e-03 2.323558524543378745e+00 8.350287687589373675e+00 -9.630526239223730078e-02 2.396308422088623047e+00
8.000000000000000000e+00 7.933397053930967349e-03 2.507430534996439420e+00 7.546846945268354645e+00 -7.810982305242090973e-02 2.187700033187866211e+00
9.000000000000000000e+00 7.240567800568536647e-03 2.376609825835067635e+00 8.531895219315606127e+00 -7.427175050734606543e-02 2.510525941848754883e+00
1.000000000000000000e+01 7.485799996987205045e-03 2.325148086367082811e+00 7.357211027497939426e+00 -9.478134763826301379e-02 2.388751506805419922e+00
1.100000000000000000e+01 8.499699467058603047e-03 2.354131184150944023e+00 7.356297823567183869e+00 -7.047802937021657721e-02 2.177675485610961914e+00
1.200000000000000000e+01 8.845955832924053477e-03 2.353505977409694250e+00 7.500738824634381352e+00 -7.427028107034427951e-02 2.409755945205688477e+00
1.300000000000000000e+01 8.586199272473239372e-03 2.376335497663042418e+00 7.261103997652384123e+00 -9.610973400878701500e-02 2.914166688919067383e+00
1.400000000000000000e+01 8.131326913038550500e-03 2.401488130866365811e+00 7.159370700136188148e+00 -7.918613135618327026e-02 2.488378047943115234e+00
1.500000000000000000e+01 8.254975809900998163e-03 2.380550055321772440e+00 6.802789177123155007e+00 -9.069590779605027353e-02 2.098459005355834961e+00
1.600000000000000000e+01 8.273560684460969789e-03 2.460141855686152290e+00 6.648454530014060282e+00 -9.534800705177474967e-02 2.560045957565307617e+00
1.700000000000000000e+01 9.209820425620273907e-03 2.410216026621420760e+00 6.425932681408641933e+00 -8.147403778385774176e-02 2.484921932220458984e+00
1.800000000000000000e+01 9.507029744539255076e-03 2.331837823771502283e+00 6.158424164542651624e+00 -7.613208180180923434e-02 3.234997749328613281e+00
1.900000000000000000e+01 9.321601240485661438e-03 2.304111916937548354e+00 6.366105398093688805e+00 -8.063954037671434982e-02 2.721940279006958008e+00
2.000000000000000000e+01 9.426450321563804510e-03 2.276407181792146073e+00 6.400443060096587367e+00 -6.749300021377604986e-02 2.525947093963623047e+00
2.100000000000000000e+01 9.134405470171127681e-03 2.331984096247270433e+00 6.271020698261586368e+00 -7.768984424842091674e-02 2.479435682296752930e+00
2.200000000000000000e+01 9.532055324474411964e-03 2.284284892174681225e+00 6.268601156543922137e+00 -7.454002400980393184e-02 2.660578727722167969e+00
2.300000000000000000e+01 9.656171187585774890e-03 2.257794570007333412e+00 5.913139842312741479e+00 -8.532446749295069521e-02 2.852378368377685547e+00
2.400000000000000000e+01 8.951497539648712101e-03 2.380572482816314395e+00 5.904221282469116261e+00 -7.043976069287855024e-02 2.686972379684448242e+00
2.500000000000000000e+01 9.423032014025974415e-03 2.317102511655887653e+00 5.740901601850474378e+00 -6.755871380831983408e-02 3.001451730728149414e+00
2.600000000000000000e+01 1.024273918076551784e-02 2.299276441074572297e+00 5.782115941386109625e+00 -5.866475704640577993e-02 2.956879138946533203e+00
2.700000000000000000e+01 1.006221286043404786e-02 2.268844270725641543e+00 5.762848678281193848e+00 -7.377037806000100173e-02 3.556894063949584961e+00
2.800000000000000000e+01 9.545617751147494195e-03 2.307980566299081993e+00 5.803450788573926822e+00 -7.142253948377681738e-02 2.607365608215332031e+00
2.900000000000000000e+01 9.006989096924765056e-03 2.363406391179679211e+00 5.506426108433381650e+00 -5.770711549280209407e-02 3.350110054016113281e+00
3.000000000000000000e+01 9.306489830936442303e-03 2.272918333781038136e+00 5.540562338567725398e+00 -5.504844366038130071e-02 2.850947141647338867e+00
3.100000000000000000e+01 9.517612189897446673e-03 2.358149219203143243e+00 5.307049367076561275e+00 -7.396637221176749488e-02 2.895000696182250977e+00
3.200000000000000000e+01 9.641497491105115517e-03 2.314350251525119528e+00 5.501126600955437596e+00 -5.879254329026539078e-02 3.007285833358764648e+00
3.300000000000000000e+01 9.334653487107187966e-03 2.313701066732643863e+00 5.256090648773472651e+00 -4.492392678505299081e-02 2.807452917098999023e+00
3.400000000000000000e+01 9.805993504554775392e-03 2.246705538161684945e+00 5.373215258686781404e+00 -7.345566866867395128e-02 3.178651571273803711e+00
3.500000000000000000e+01 1.006757593463832902e-02 2.274850126749082602e+00 5.144465249268855622e+00 -5.268858255649707528e-02 2.982656717300415039e+00
3.600000000000000000e+01 9.469152120671930559e-03 2.259359664981581695e+00 5.220012555065967064e+00 -6.782163743554708857e-02 2.814436674118041992e+00
3.700000000000000000e+01 1.005924609823195988e-02 2.272480246424125383e+00 4.946101668117867334e+00 -7.359070587057861546e-02 3.422616243362426758e+00
3.800000000000000000e+01 9.382605702878904844e-03 2.311665311812950208e+00 5.059177210024913052e+00 -5.697116945471981247e-02 3.144196748733520508e+00
3.900000000000000000e+01 9.217875202025020351e-03 2.292770996417690554e+00 5.079336016423015465e+00 -8.219602895436732559e-02 2.905876159667968750e+00
4.000000000000000000e+01 9.150984655830442932e-03 2.296112498701037730e+00 5.053158238636487276e+00 -6.944937334297282550e-02 2.909407138824462891e+00
4.100000000000000000e+01 9.887247988628692849e-03 2.259103300542534498e+00 5.077103671372960925e+00 -7.839940312660610700e-02 2.970671415328979492e+00
4.200000000000000000e+01 9.379741100127483161e-03 2.244744488368539681e+00 4.960405159236642270e+00 -5.015992259660617680e-02 3.497034788131713867e+00
4.300000000000000000e+01 1.009618046552144578e-02 2.255785209334276953e+00 4.907066693552187608e+00 -5.611968323349179888e-02 3.293824195861816406e+00
4.400000000000000000e+01 9.595379721075693313e-03 2.227293053106633725e+00 4.805299480052422467e+00 -8.424327280750056046e-02 3.619830608367919922e+00
4.500000000000000000e+01 9.345526915001040047e-03 2.261575686608662483e+00 5.016420362794008270e+00 -6.269884435847310200e-02 3.087515115737915039e+00
4.600000000000000000e+01 9.369346689304768397e-03 2.317644186729657108e+00 4.914904574942384308e+00 -7.089468129219438086e-02 3.847702026367187500e+00
4.700000000000000000e+01 9.480388317170492310e-03 2.218783369877122880e+00 4.891781139619167718e+00 -5.499412801413869345e-02 4.009916782379150391e+00
4.800000000000000000e+01 9.193736285111483997e-03 2.233569278777457701e+00 4.771008017121481259e+00 -4.413841638413003310e-02 2.998306274414062500e+00
4.900000000000000000e+01 9.296791017898139997e-03 2.238643537007374729e+00 4.741495682017892399e+00 -4.162778456561826157e-02 4.142137765884399414e+00
5.000000000000000000e+01 1.011496643171532102e-02 2.194006306594967981e+00 4.747683200537497150e+00 -6.825680336303646678e-02 2.879200935363769531e+00
5.100000000000000000e+01 9.759110803995734232e-03 2.237271698059379421e+00 4.729754364367186881e+00 -5.517458660693792816e-02 3.510259866714477539e+00
5.200000000000000000e+01 9.158582388262221166e-03 2.294152287998802109e+00 4.548631300756365903e+00 -3.867180532035663365e-02 3.203523397445678711e+00
5.300000000000000000e+01 9.339230575754380384e-03 2.179576945462132098e+00 4.619993441883500473e+00 -6.283132593790771714e-02 3.038228034973144531e+00
5.400000000000000000e+01 8.499818910645955475e-03 2.314034660904730867e+00 4.363470811062201804e+00 -5.451870688347666000e-02 3.491646528244018555e+00
5.500000000000000000e+01 9.002550665730156554e-03 2.221904713714205393e+00 4.578471309795211219e+00 -6.990156072914377461e-02 3.403579473495483398e+00
5.600000000000000000e+01 9.295757590601793144e-03 2.202145805742959705e+00 4.538792292320880328e+00 -1.002695366321673942e-01 3.782003402709960938e+00
5.700000000000000000e+01 9.132407325639298884e-03 2.243512092818205961e+00 4.526399532635084988e+00 -5.471220599734235440e-02 3.275105476379394531e+00
5.800000000000000000e+01 9.999723479198639395e-03 2.182278111714050173e+00 4.541601348469138877e+00 -5.796520124633326720e-02 3.654892444610595703e+00
5.900000000000000000e+01 9.054707763150647223e-03 2.235372150858324858e+00 4.457736785413102254e+00 -5.829037795827994584e-02 3.298693418502807617e+00
6.000000000000000000e+01 9.312088037531113249e-03 2.212664862278053590e+00 4.285604228548383965e+00 -5.316109492278173199e-02 3.018679141998291016e+00
6.100000000000000000e+01 9.430200333344089872e-03 2.198754457560150755e+00 4.436546492940596664e+00 -8.107288634893232426e-02 3.922377109527587891e+00
6.200000000000000000e+01 8.326860319380947201e-03 2.272130211599661997e+00 4.293233768358043712e+00 -6.246531900703972823e-02 3.586471319198608398e+00
6.300000000000000000e+01 8.542006530582622534e-03 2.228104753607875299e+00 4.257452539473748132e+00 -5.519679964837406055e-02 3.387269735336303711e+00
6.400000000000000000e+01 9.655833639377803257e-03 2.174469378624258376e+00 4.394119951131091106e+00 -4.393719961832628224e-02 3.462635993957519531e+00
6.500000000000000000e+01 8.640265223192968719e-03 2.283060927035769350e+00 4.212422807966794913e+00 -5.905475066216105823e-02 3.593516826629638672e+00
6.600000000000000000e+01 6.880138536664454248e-03 2.356222789313972665e+00 3.563444687273704226e+00 -8.150453953636510596e-02 3.049276351928710938e+00
6.700000000000000000e+01 8.465918399826780419e-03 2.200307575740888311e+00 4.172863915522300182e+00 -3.483229411031518730e-02 3.087944507598876953e+00
6.800000000000000000e+01 7.733383833428586485e-03 2.290830447983721374e+00 3.996437795101371648e+00 -4.897087528275282514e-02 3.342460870742797852e+00
6.900000000000000000e+01 8.807504736258671071e-03 2.203536835119083381e+00 4.154629157188293398e+00 -3.487512912189939113e-02 3.485636234283447266e+00
7.000000000000000000e+01 7.876127776651873150e-03 2.258474304031389046e+00 3.839451430594477355e+00 -4.101271090451763524e-02 3.056021451950073242e+00
7.100000000000000000e+01 8.849615642813290356e-03 2.216754806868450611e+00 4.098877048846966353e+00 -4.051319891708632381e-02 3.411540746688842773e+00
7.200000000000000000e+01 7.835108884101460794e-03 2.247115029944570352e+00 3.932700475252669303e+00 -5.764617970953687248e-02 3.565856218338012695e+00
7.300000000000000000e+01 8.456517937402884683e-03 2.234313771015447259e+00 4.083762831714503605e+00 -6.032335235214190960e-02 3.827002286911010742e+00
7.400000000000000000e+01 7.242874763253134146e-03 2.197968336914144505e+00 3.942159017923636988e+00 -8.004629608448067535e-02 3.142253637313842773e+00
7.500000000000000000e+01 7.892628088057964189e-03 2.230362844836068170e+00 3.998479056936761644e+00 -4.712524006255389836e-02 3.568057537078857422e+00
7.600000000000000000e+01 7.943734324368482633e-03 2.237394630126606554e+00 3.875375940687400877e+00 -3.479941055441019421e-02 3.341488599777221680e+00
7.700000000000000000e+01 6.849793353800704733e-03 2.304979993203670308e+00 3.485256299105767841e+00 -3.054492176045233570e-02 3.087958574295043945e+00
7.800000000000000000e+01 8.118853919977127992e-03 2.191222838463355860e+00 4.002857819190772659e+00 -5.465639350649142969e-02 3.389006137847900391e+00
7.900000000000000000e+01 7.509324034384508642e-03 2.279475553312285907e+00 3.845576312345708736e+00 -6.366564769792999734e-02 3.448135614395141602e+00
8.000000000000000000e+01 7.430283585985783534e-03 2.229563181774814495e+00 3.514779238898795732e+00 -4.060115074350203329e-02 3.626264572143554688e+00
8.100000000000000000e+01 8.582164406134084461e-03 2.178189846758882720e+00 3.940136242223750696e+00 -6.196896403600853087e-02 3.254227876663208008e+00
8.200000000000000000e+01 8.623695502348855887e-03 2.137270469706143317e+00 4.022833236693159620e+00 -3.666792296403759838e-02 3.111480951309204102e+00
8.300000000000000000e+01 7.819024096507198873e-03 2.180781646493430426e+00 3.818694471040615213e+00 -5.767725481040327645e-02 3.631804466247558594e+00
8.400000000000000000e+01 7.295422894050754628e-03 2.277984771885146920e+00 3.805523574574261492e+00 -4.824442410346395371e-02 4.009478092193603516e+00
8.500000000000000000e+01 8.031702345635844537e-03 2.122468064728938675e+00 3.634622862793948084e+00 -7.778064481082819226e-02 3.802005767822265625e+00
8.600000000000000000e+01 7.065328753084025755e-03 2.191351141362338328e+00 3.631408115833900663e+00 -4.371482325689394349e-02 3.262661695480346680e+00
8.700000000000000000e+01 8.030721107978672224e-03 2.096257154875037720e+00 3.834936401559024599e+00 -6.428072142934049271e-02 3.153548479080200195e+00
8.800000000000000000e+01 7.076398300529375927e-03 2.207703135006628514e+00 3.576452578568475538e+00 -5.805259201037728245e-02 3.526111841201782227e+00
8.900000000000000000e+01 7.183231007159567201e-03 2.216850059210246915e+00 3.596253938931703864e+00 -7.538272406249847679e-02 3.701238870620727539e+00
9.000000000000000000e+01 6.805590493778285871e-03 2.236044757761411983e+00 3.662859234920088802e+00 -2.723511934201721871e-02 3.743486404418945312e+00
9.100000000000000000e+01 7.451207941954635441e-03 2.183925744902384114e+00 3.796019987033635079e+00 -5.353746997185147155e-02 3.372982740402221680e+00
9.200000000000000000e+01 7.135012455987597112e-03 2.174054460504688979e+00 3.551681210854921389e+00 -7.385189108377215872e-02 3.798168420791625977e+00
9.300000000000000000e+01 8.069207863613916606e-03 2.135633118931917096e+00 3.727176322679613740e+00 -2.869351679810283953e-02 3.838397264480590820e+00
9.400000000000000000e+01 7.414092245392191541e-03 2.141489960243252444e+00 3.590551931871177160e+00 -6.947103867600426530e-02 3.852813720703125000e+00
9.500000000000000000e+01 6.870182240403579707e-03 2.189209124117664107e+00 3.243231640480020328e+00 -8.872566906347643945e-02 3.579942941665649414e+00
9.600000000000000000e+01 7.265104853988802076e-03 2.208290320334738155e+00 3.494777291631930183e+00 -2.037622044589514764e-02 3.233036279678344727e+00
9.700000000000000000e+01 6.230215833590574924e-03 2.252945716035230195e+00 2.925348054472864501e+00 -5.317997997299089841e-02 3.605106592178344727e+00
9.800000000000000000e+01 6.711357380266584974e-03 2.277474523089404013e+00 3.219483419179215655e+00 -4.430152837069478711e-02 3.694559574127197266e+00
9.900000000000000000e+01 5.974282739012252465e-03 2.269345951954554241e+00 3.439479365900957042e+00 -5.327688076884416757e-02 3.837283849716186523e+00
