2.000000000000000000e+00 -1.216759285841085142e-01 6.033268864811454080e+01 3.102686373709294010e+00 1.019431025884133118e-01 1.306288719177246094e+00
3.000000000000000000e+00 -7.469963569745464993e-02 9.173521194186093908e+01 2.303489816293191605e+00 1.339813674977756996e-01 1.255164623260498047e+00
4.000000000000000000e+00 -5.728071248670570798e-02 8.860277777226731644e+01 2.044960304800769180e+00 1.547111684949462329e-01 1.343172788619995117e+00
5.000000000000000000e+00 -4.881999390693703839e-02 8.319550142541606874e+01 2.035327137021611943e+00 1.377300333603530547e-01 1.142190694808959961e+00
6.000000000000000000e+00 -3.993802677885485708e-02 7.405033678299828637e+01 2.087122830650363969e+00 1.445639754111363862e-01 1.097297430038452148e+00
7.000000000000000000e+00 -3.661269412629335196e-02 6.988778945192896686e+01 2.171418177148468853e+00 1.454437525496619643e-01 1.356473207473754883e+00
8.000000000000000000e+00 -3.583390770479528975e-02 5.768603615724781974e+01 2.648967307022820350e+00 1.080856632992126531e-01 1.231663703918457031e+00
9.000000000000000000e+00 -3.190894379264681835e-02 5.814389413681882957e+01 2.517012828574511474e+00 1.096305782856586003e-01 1.535005092620849609e+00
1.000000000000000000e+01 -3.102979773301105595e-02 5.250344421098593983e+01 2.595348792686794859e+00 1.068868362474914291e-01 1.369499921798706055e+00
1.100000000000000000e+01 -2.938511302148683751e-02 5.165271198512682815e+01 2.416330466308232339e+00 1.137660969443184400e-01 1.266448020935058594e+00
1.200000000000000000e+01 -2.637790222368443724e-02 4.926503482666465317e+01 2.414016542288330402e+00 1.106508097885870179e-01 1.414788007736206055e+00
1.300000000000000000e+01 -2.722337028358208164e-02 4.478164223680313683e+01 2.481482374369882393e+00 1.131638723715116396e-01 1.392175436019897461e+00
1.400000000000000000e+01 -2.632471726367641846e-02 4.416717679380683137e+01 2.360440625102349532e+00 1.089847806739984298e-01 1.448168754577636719e+00
1.500000000000000000e+01 -2.327478449765961466e-02 4.276269623482112792e+01 2.397732796763053287e+00 1.099271804280407133e-01 1.500052928924560547e+00
1.600000000000000000e+01 -2.245313978714493647e-02 4.058422902238287833e+01 2.424854458911141819e+00 1.080003717862496604e-01 1.258785486221313477e+00
1.700000000000000000e+01 -2.081975733120043984e-02 3.862822401212729062e+01 2.489449225613518113e+00 1.054018878481570304e-01 1.445550680160522461e+00
1.800000000000000000e+01 -2.017748130842819329e-02 3.748227832794656678e+01 2.437409002358148946e+00 1.075067472312051381e-01 1.385434150695800781e+00
1.900000000000000000e+01 -1.930199853914236346e-02 3.616140529601688058e+01 2.365217228205775957e+00 1.077867461643493147e-01 1.252052307128906250e+00
2.000000000000000000e+01 -2.002704459690514069e-02 3.461393147149017580e+01 2.376647266477804443e+00 9.422879120170962741e-02 1.410629034042358398e+00
2.100000000000000000e+01 -1.896308799385451604e-02 3.343777327879710981e+01 2.396189536291630340e+00 9.437160299154359611e-02 1.264307498931884766e+00
2.200000000000000000e+01 -1.993985911255415772e-02 3.245680494661122850e+01 2.458132271252857493e+00 8.132813735661301169e-02 1.294690132141113281e+00
2.300000000000000000e+01 -1.886096894193063297e-02 3.271947036782123064e+01 2.217077666993900298e+00 9.624837647400281970e-02 1.533987283706665039e+00
2.400000000000000000e+01 -1.839710301086569522e-02 3.100072502152103482e+01 2.297316079106382247e+00 8.685423643666857763e-02 1.230327367782592773e+00
2.500000000000000000e+01 -1.642694736063980351e-02 2.994482337123818283e+01 2.429712733976301831e+00 9.620305655050111204e-02 1.164704322814941406e+00
2.600000000000000000e+01 -1.634263488176687651e-02 2.918275164547117484e+01 2.363491951475612751e+00 9.871824448816929332e-02 1.273777246475219727e+00
2.700000000000000000e+01 -1.567169099812803015e-02 2.828404212786559668e+01 2.374399604441383094e+00 9.757467166068518882e-02 1.299988746643066406e+00
2.800000000000000000e+01 -1.559673582244267519e-02 2.784193288007442746e+01 2.408114909435622675e+00 8.526724974165493520e-02 1.227784156799316406e+00
2.900000000000000000e+01 -1.508575950083425148e-02 2.733202428322855226e+01 2.382891902060023437e+00 8.348194283358502388e-02 1.251332759857177734e+00
3.000000000000000000e+01 -1.490773120049734314e-02 2.668695088477269550e+01 2.393857402579806060e+00 8.242936862775482321e-02 1.350461959838867188e+00
3.100000000000000000e+01 -1.509649586102038664e-02 2.623867931444910440e+01 2.420940610657384973e+00 6.182259763128025720e-02 1.412734031677246094e+00
3.200000000000000000e+01 -1.471461275608943430e-02 2.536151897560216639e+01 2.364109255221595873e+00 8.001845783339592288e-02 1.223078727722167969e+00
3.300000000000000000e+01 -1.435460736776787358e-02 2.481244681995784163e+01 2.377720955968811722e+00 7.931677796671915415e-02 1.263467550277709961e+00
3.400000000000000000e+01 -1.389281954122187183e-02 2.470634924944936728e+01 2.319452798856533882e+00 7.396532326090914100e-02 1.148287773132324219e+00
3.500000000000000000e+01 -1.382165381434683447e-02 2.360679955061513624e+01 2.467007704359496234e+00 6.449231424877494012e-02 1.173371315002441406e+00
3.600000000000000000e+01 -1.403704947272459147e-02 2.373541583815919154e+01 2.282098406265632651e+00 8.183358331193740787e-02 1.463320255279541016e+00
3.700000000000000000e+01 -1.362119375234648738e-02 2.265962071897624952e+01 2.279270599753135951e+00 8.372751444038645241e-02 1.231066942214965820e+00
3.800000000000000000e+01 -1.356700204423094865e-02 2.302225900592489438e+01 2.254450610267859201e+00 6.422926019718312729e-02 1.284101247787475586e+00
3.900000000000000000e+01 -1.285280233426459515e-02 2.258202170729892089e+01 2.263893007578274386e+00 6.418858073322214475e-02 1.288290500640869141e+00
4.000000000000000000e+01 -1.138762694974874458e-02 2.189723487364009458e+01 2.303430511279716875e+00 7.388458690531163331e-02 1.354737758636474609e+00
4.100000000000000000e+01 -1.206505210995449315e-02 2.180975574594085131e+01 2.330659257712070609e+00 6.636352849757394534e-02 1.413082599639892578e+00
4.200000000000000000e+01 -1.192731315735665043e-02 2.130699877542613052e+01 2.322656258789896011e+00 6.435524433020543833e-02 1.559065103530883789e+00
4.300000000000000000e+01 -1.182165850495499153e-02 2.093080019199185671e+01 2.301382208174890476e+00 6.445974460505231318e-02 1.593220710754394531e+00
4.400000000000000000e+01 -1.162684986226832258e-02 2.079674943170018864e+01 2.254518128973218349e+00 6.585053740321214488e-02 1.705313682556152344e+00
4.500000000000000000e+01 -1.151435691164755769e-02 2.043184910126628040e+01 2.297960282220158135e+00 6.549950610000283835e-02 1.281215429306030273e+00
4.600000000000000000e+01 -1.147199006921070102e-02 2.037902069088969270e+01 2.273434349288229406e+00 6.650321318452796782e-02 1.203809261322021484e+00
4.700000000000000000e+01 -1.149327639554297877e-02 2.008624470112099658e+01 2.309512210101918761e+00 6.156015420354771922e-02 1.459791660308837891e+00
4.800000000000000000e+01 -1.130028251789940048e-02 1.968777198787348581e+01 2.341725874967967247e+00 5.868528929833853602e-02 1.519350767135620117e+00
4.900000000000000000e+01 -1.081458931269732235e-02 1.938203482351390505e+01 2.317752481456094582e+00 5.804587030767932587e-02 1.536677122116088867e+00
5.000000000000000000e+01 -9.766559120858449294e-03 1.916655887621203647e+01 2.175341825750578106e+00 7.064350402082847369e-02 1.378257751464843750e+00
5.100000000000000000e+01 -1.019148554222690413e-02 1.874790175433511763e+01 2.202254902783862267e+00 5.832606687668596274e-02 1.442219018936157227e+00
5.200000000000000000e+01 -1.032886880921461865e-02 1.861965434597588853e+01 2.223813473185487943e+00 5.893440720639086389e-02 1.383527517318725586e+00
5.300000000000000000e+01 -1.015431629285181402e-02 1.838790123769007323e+01 2.205654873452015607e+00 5.957965597844196853e-02 1.233527183532714844e+00
5.400000000000000000e+01 -9.925277046746297516e-03 1.812175775300645952e+01 2.208145327100266897e+00 5.842545475643844133e-02 1.294620990753173828e+00
5.500000000000000000e+01 -9.365099985622340681e-03 1.764020048104081795e+01 2.305631950626339854e+00 5.013029247113400672e-02 1.464812517166137695e+00
5.600000000000000000e+01 -9.534920841039528500e-03 1.741416041421917882e+01 2.237397679137709705e+00 5.740372101070875810e-02 1.556222915649414062e+00
5.700000000000000000e+01 -1.004024711287579592e-02 1.744241854345450449e+01 2.105020629538274068e+00 7.412070199654285929e-02 1.539947748184204102e+00
5.800000000000000000e+01 -9.233586107514159258e-03 1.693603668321195954e+01 2.209809072076429182e+00 5.307135096319656742e-02 1.477188825607299805e+00
5.900000000000000000e+01 -9.876119006199432504e-03 1.730777681152070002e+01 2.124987325370277347e+00 5.798502274291688491e-02 1.517121553421020508e+00
6.000000000000000000e+01 -8.739865451669829449e-03 1.647797856016746465e+01 2.207265259364860732e+00 4.791075268070885823e-02 1.430505752563476562e+00
6.100000000000000000e+01 -9.287921801543023992e-03 1.659944294021690325e+01 2.104939991666678889e+00 4.866512209930048960e-02 1.649055480957031250e+00
6.200000000000000000e+01 -8.710948023443361443e-03 1.664871163069361160e+01 2.100548390132007892e+00 6.627780859620134579e-02 1.659550666809082031e+00
6.300000000000000000e+01 -8.793014921601694303e-03 1.646368045525881385e+01 2.135730869430425560e+00 6.023355951949082437e-02 1.550002813339233398e+00
6.400000000000000000e+01 -8.404013639395028351e-03 1.642898124265589743e+01 2.184887606308324681e+00 5.205216928384688579e-02 1.538320302963256836e+00
6.500000000000000000e+01 -8.115522398534353102e-03 1.588040364892177614e+01 2.166035645646117391e+00 5.452155535390447449e-02 1.537476778030395508e+00
6.600000000000000000e+01 -8.204645442315765605e-03 1.573284999858846334e+01 2.153199680705642827e+00 4.856341894403359838e-02 1.641160011291503906e+00
6.700000000000000000e+01 -8.317502772045721679e-03 1.560895706292586382e+01 2.144354190845540131e+00 5.086723642411341423e-02 1.447431802749633789e+00
6.800000000000000000e+01 -8.026901371329260224e-03 1.539165024678258575e+01 2.098523650568452137e+00 4.548184630926122018e-02 1.243537664413452148e+00
6.900000000000000000e+01 -7.802440882523304332e-03 1.536124837315375125e+01 2.107905369546584140e+00 4.939022687784472287e-02 1.509203433990478516e+00
7.000000000000000000e+01 -8.285109943170608157e-03 1.501927097552970558e+01 2.141594500611283980e+00 4.921099464338012097e-02 1.596535921096801758e+00
7.100000000000000000e+01 -7.448585373661334268e-03 1.540921510615142154e+01 2.003396114833853936e+00 5.990209834236048803e-02 1.613841772079467773e+00
7.200000000000000000e+01 -7.741357500228937191e-03 1.481045400285285751e+01 2.102673378152406070e+00 3.867049186230891306e-02 1.636384725570678711e+00
7.300000000000000000e+01 -7.957442045916128873e-03 1.488203838580376193e+01 2.103781019076511605e+00 5.047560323395454407e-02 1.359533309936523438e+00
7.400000000000000000e+01 -7.558611317443285002e-03 1.473710325227084894e+01 2.032168369460035873e+00 5.298159360561814635e-02 1.501686573028564453e+00
7.500000000000000000e+01 -6.979930646542707035e-03 1.485865008895144079e+01 2.059143177935291558e+00 4.706035094857710654e-02 1.491301298141479492e+00
7.600000000000000000e+01 -7.186441370393734790e-03 1.460179752890372562e+01 2.009263294664127120e+00 5.485071905212813431e-02 1.731496572494506836e+00
7.700000000000000000e+01 -7.216087789680283339e-03 1.414574159993360070e+01 2.051163444281847159e+00 4.315956137290519190e-02 1.550953626632690430e+00
7.800000000000000000e+01 -6.921116331018159658e-03 1.425442073516050456e+01 2.061471718585802027e+00 4.761032781884237675e-02 1.679261445999145508e+00
7.900000000000000000e+01 -6.737878585829504795e-03 1.441365824184427780e+01 1.905942111425945162e+00 4.760714020253541817e-02 1.399402618408203125e+00
8.000000000000000000e+01 -7.080118978817512981e-03 1.418396202670020578e+01 1.965438939902715898e+00 5.416415057345752571e-02 1.775599002838134766e+00
8.100000000000000000e+01 -6.279920819764076532e-03 1.406336651864934417e+01 1.963063446193712869e+00 4.381524960675406422e-02 1.497185945510864258e+00
8.200000000000000000e+01 -6.851172507119506101e-03 1.357361689951305195e+01 2.060011091128570726e+00 4.453702240813035146e-02 1.606997013092041016e+00
8.300000000000000000e+01 -6.897990060197757914e-03 1.377031322707612304e+01 1.983560601191788342e+00 4.458999408168091982e-02 1.400910139083862305e+00
8.400000000000000000e+01 -6.390582375188498879e-03 1.370157725429880102e+01 1.897646887180132635e+00 4.564168906124040775e-02 1.946414709091186523e+00
8.500000000000000000e+01 -6.572678138825666441e-03 1.376975437764913934e+01 1.909469707776922265e+00 6.732322907146714996e-02 1.638823986053466797e+00
8.600000000000000000e+01 -6.325190401838594149e-03 1.375152106573267652e+01 1.920576140868308856e+00 5.048377717248310470e-02 1.353747129440307617e+00
8.700000000000000000e+01 -6.437974355541257847e-03 1.310039785397808743e+01 1.948495875762796592e+00 3.581725237867950523e-02 1.387776613235473633e+00
8.800000000000000000e+01 -6.460072692732298470e-03 1.347393237513332487e+01 1.911007774968372708e+00 4.925820351239653533e-02 1.794312238693237305e+00
8.900000000000000000e+01 -6.510418311047453006e-03 1.330681332183402077e+01 1.869089319869756238e+00 5.670751913006446404e-02 1.730233669281005859e+00
9.000000000000000000e+01 -6.045794109702601338e-03 1.300402902928429860e+01 1.918894558665655614e+00 4.035691313249228224e-02 1.519016742706298828e+00
9.100000000000000000e+01 -6.096489462620524429e-03 1.303152726195629185e+01 1.935697366176261092e+00 3.966517865698889617e-02 1.623379230499267578e+00
9.200000000000000000e+01 -6.031717806317837827e-03 1.275346366529783104e+01 1.958999018156508898e+00 4.656865836438889295e-02 1.752526044845581055e+00
9.300000000000000000e+01 -5.970078607253224458e-03 1.285301790853164050e+01 1.900603504439152491e+00 4.488811835710241477e-02 1.494787216186523438e+00
9.400000000000000000e+01 -5.854795029628912482e-03 1.303065366331856190e+01 1.795423794440914600e+00 6.221897058751949677e-02 1.460751295089721680e+00
9.500000000000000000e+01 -5.856998891933351374e-03 1.284401867678209541e+01 1.868455014814406567e+00 4.807446087692794634e-02 1.410259962081909180e+00
9.600000000000000000e+01 -5.823661046653653105e-03 1.276655872569007322e+01 1.876158260855270710e+00 4.886815064253807045e-02 1.431019306182861328e+00
9.700000000000000000e+01 -5.904285141721753692e-03 1.242900994242841151e+01 1.860595608856655980e+00 4.390422311975523961e-02 1.759719133377075195e+00
9.800000000000000000e+01 -5.475826832382588681e-03 1.255918250014260096e+01 1.813923996028891983e+00 4.462524682512486462e-02 1.744730949401855469e+00
9.900000000000000000e+01 -5.802687796692389960e-03 1.221178696349764969e+01 1.890532915847483508e+00 4.333054841338562779e-02 1.741652965545654297e+00
