2.000000000000000000e+00 6.379217715584462045e-02 2.464409508786763752e+02 1.933911981428162008e+00 2.220135293705085833e-01 1.172641754150390625e+00
3.000000000000000000e+00 4.236989913767515853e-02 1.626069983788516140e+02 2.488327582327016785e+00 1.995228838924166248e-01 1.565106153488159180e+00
4.000000000000000000e+00 4.178151870340882090e-02 1.326253936148143282e+02 2.734183178574803197e+00 1.252408183898196525e-01 1.724776029586791992e+00
5.000000000000000000e+00 1.925510100167585406e-02 1.177639990618375236e+02 2.064499878984838777e+00 2.120679464245709411e-01 1.721090793609619141e+00
6.000000000000000000e+00 2.340796889821016025e-02 1.115316780581849798e+02 2.227797292423690845e+00 1.747424421496331648e-01 1.829703569412231445e+00
7.000000000000000000e+00 2.294825612503488196e-02 1.099733122546099935e+02 2.088446395099912589e+00 1.604156013293137895e-01 2.203165054321289062e+00
8.000000000000000000e+00 2.233244520252312612e-02 9.906095631536227586e+01 2.055734375004914849e+00 1.589490664614598980e-01 2.017650604248046875e+00
9.000000000000000000e+00 1.988167839732215419e-02 9.156989533026393246e+01 2.117535129628814516e+00 1.607145351759809160e-01 1.912413597106933594e+00
1.000000000000000000e+01 2.039860044130051633e-02 8.642930840042035356e+01 2.174975376007196814e+00 1.327268399921285036e-01 2.248314142227172852e+00
1.100000000000000000e+01 1.827945913257977145e-02 8.027817216223347430e+01 2.050922395534728881e+00 1.528338519808818963e-01 1.708402633666992188e+00
1.200000000000000000e+01 1.706748880426738404e-02 7.571411395857006710e+01 2.124453016367997105e+00 1.555609163889652702e-01 1.773377180099487305e+00
1.300000000000000000e+01 1.580707366412038503e-02 7.623683579886538553e+01 2.077321881362877765e+00 1.262933120853985125e-01 2.272433996200561523e+00
1.400000000000000000e+01 1.718548407116800292e-02 7.018718993603826561e+01 2.196244900492181351e+00 1.225254981113867297e-01 2.560026407241821289e+00
1.500000000000000000e+01 1.329428460281022531e-02 6.673456549319220699e+01 2.335916641649427472e+00 1.089949160051000565e-01 2.759766101837158203e+00
1.600000000000000000e+01 1.335111937794206637e-02 6.710933254692379535e+01 2.178275878123653087e+00 1.314245642209120324e-01 2.038050889968872070e+00
1.700000000000000000e+01 1.218818339109819550e-02 6.554485444319425369e+01 2.118444308934029241e+00 1.253263584066348080e-01 2.121058225631713867e+00
1.800000000000000000e+01 1.303701416303116103e-02 6.391697234717427278e+01 2.141501198640982206e+00 1.151631095996148713e-01 2.105883359909057617e+00
1.900000000000000000e+01 1.160770479757129367e-02 5.996814683728679540e+01 2.174578275498621593e+00 1.225909043565241718e-01 2.212741613388061523e+00
2.000000000000000000e+01 1.094317249157558680e-02 5.804860992315523305e+01 2.193906977480776455e+00 1.109020117903554564e-01 2.198802947998046875e+00
2.100000000000000000e+01 1.065335313812126872e-02 5.810699609472665372e+01 2.100403229771300673e+00 1.287571049184426386e-01 1.876142024993896484e+00
2.200000000000000000e+01 1.094539528643888142e-02 5.639449048294927280e+01 2.102768541908006217e+00 1.182211883195845997e-01 1.690223217010498047e+00
2.300000000000000000e+01 9.971514376644889655e-03 5.372348408033381872e+01 2.138948354367329330e+00 1.202178353161041241e-01 1.921112298965454102e+00
2.400000000000000000e+01 1.085197440823795767e-02 5.333484024254197919e+01 2.207780917950211919e+00 1.164180728805123133e-01 1.884162187576293945e+00
2.500000000000000000e+01 1.027558079546282178e-02 5.297804150239582555e+01 2.094755381632634972e+00 1.144739879627021950e-01 2.886943101882934570e+00
2.600000000000000000e+01 1.067582701933625713e-02 5.182826020138580958e+01 2.188887325387876892e+00 1.021609889095129592e-01 1.841613054275512695e+00
2.700000000000000000e+01 8.849919709114620683e-03 5.083853850336306124e+01 2.156448384269928908e+00 1.069900492564699740e-01 1.934331893920898438e+00
2.800000000000000000e+01 8.345026499393880595e-03 4.953660294832332767e+01 2.081279625561540669e+00 1.203810011912189171e-01 1.892727375030517578e+00
2.900000000000000000e+01 9.646077659734471343e-03 4.793195378735774881e+01 2.078640595811673819e+00 1.124038623666266112e-01 2.004017591476440430e+00
3.000000000000000000e+01 8.204998093995871655e-03 4.742901474321936206e+01 2.129196047636018996e+00 1.034452972620939631e-01 2.018746376037597656e+00
3.100000000000000000e+01 6.756104013292745132e-03 4.695296949960685851e+01 2.059617341758166464e+00 1.203340374653873862e-01 1.831803798675537109e+00
3.200000000000000000e+01 8.710044649164014330e-03 4.591034492370791753e+01 2.233211217784063951e+00 9.817688539837614303e-02 2.347963333129882812e+00
3.300000000000000000e+01 8.462697177906155013e-03 4.403262020141180244e+01 2.252897095343796785e+00 8.951417606103480307e-02 1.795981407165527344e+00
3.400000000000000000e+01 7.847360560236485080e-03 4.383270658765160022e+01 2.249725923401138861e+00 9.748461846959631527e-02 2.222598552703857422e+00
3.500000000000000000e+01 8.931730706640678835e-03 4.268352603023344471e+01 2.164438735881127673e+00 9.850688022741189986e-02 2.129426479339599609e+00
3.600000000000000000e+01 7.535018114923131873e-03 4.218476919808243508e+01 2.166075164336072501e+00 9.367584877951266875e-02 2.250585317611694336e+00
3.700000000000000000e+01 7.697081289810846910e-03 4.201319793989232210e+01 2.143156892391745227e+00 9.769753578829674934e-02 2.223649978637695312e+00
3.800000000000000000e+01 8.229779930777994176e-03 4.097986541059110266e+01 2.200936511929593831e+00 9.120565310631620348e-02 2.079132080078125000e+00
3.900000000000000000e+01 8.311138271369771305e-03 3.967796309850010061e+01 2.128279927670479132e+00 9.934100676238742655e-02 2.050165176391601562e+00
4.000000000000000000e+01 7.045053724263060889e-03 3.925797921155464820e+01 2.110325446204533328e+00 9.418446162325745663e-02 2.150096893310546875e+00
4.100000000000000000e+01 7.671457991956170432e-03 3.831495276665727800e+01 2.198677254544763038e+00 8.468232204789745421e-02 2.000893115997314453e+00
4.200000000000000000e+01 7.611074056066926066e-03 3.862141734182137753e+01 2.138386481056924637e+00 8.955078213076964055e-02 1.884464263916015625e+00
4.300000000000000000e+01 6.445995932628409766e-03 3.862781791316989910e+01 2.148199015963697001e+00 9.847856562626469690e-02 2.215823173522949219e+00
4.400000000000000000e+01 5.377365950421753721e-03 3.805866685122246906e+01 2.077322559913779898e+00 9.761515978663766469e-02 2.652344226837158203e+00
4.500000000000000000e+01 6.228625661721616524e-03 3.714713327244942320e+01 2.094359454357951567e+00 9.776183358072243479e-02 2.335149049758911133e+00
4.600000000000000000e+01 5.868557021214098127e-03 3.725298024721742252e+01 2.095616270072946374e+00 9.056613528897614063e-02 2.768522500991821289e+00
4.700000000000000000e+01 5.154019119796605930e-03 3.675791415461987555e+01 2.091982611567541284e+00 8.872733628708864839e-02 2.068998575210571289e+00
4.800000000000000000e+01 6.984042878491892280e-03 3.610689928866939624e+01 2.103748951536009937e+00 1.009242290307716533e-01 2.045814037322998047e+00
4.900000000000000000e+01 6.750508034225471098e-03 3.461245287450061880e+01 2.086047201448129940e+00 9.042197687539647866e-02 2.146289110183715820e+00
5.000000000000000000e+01 4.504894123341930158e-03 3.603313862069731499e+01 2.055907058605401350e+00 9.442851138099181418e-02 2.371855020523071289e+00
5.100000000000000000e+01 4.272835055560020127e-03 3.514038337017778701e+01 2.111292183620302243e+00 8.249261089034484740e-02 2.292673349380493164e+00
5.200000000000000000e+01 5.666585908337712363e-03 3.432297752248810241e+01 2.106474123954797051e+00 9.304498428551566391e-02 2.217900753021240234e+00
5.300000000000000000e+01 5.121275550552870440e-03 3.294096870925881149e+01 2.125355326102071452e+00 8.363958788188428917e-02 2.093750953674316406e+00
5.400000000000000000e+01 4.673396945864233959e-03 3.384656604068013763e+01 2.051502589948211330e+00 9.143594960756488976e-02 2.336022138595581055e+00
5.500000000000000000e+01 4.893257482583866780e-03 3.396454794212672113e+01 2.004373819984037741e+00 9.717972970730417992e-02 2.452828168869018555e+00
5.600000000000000000e+01 4.905538098464617622e-03 3.256786566524873905e+01 2.125131243156045624e+00 8.406469200915231421e-02 2.044753313064575195e+00
5.700000000000000000e+01 5.395915583717766223e-03 3.254851320959136984e+01 2.062685457997104788e+00 9.472669567488689601e-02 2.067783117294311523e+00
5.800000000000000000e+01 4.050055204564233062e-03 3.117849842870093369e+01 2.116833677123200808e+00 7.906591749805118308e-02 2.237159252166748047e+00
5.900000000000000000e+01 4.337388557908447052e-03 3.107816482752365062e+01 2.012100176477519931e+00 8.796357043829532152e-02 2.065845727920532227e+00
6.000000000000000000e+01 4.531584520211673177e-03 3.211709566944544747e+01 1.995788866070037360e+00 8.985962358805668626e-02 2.165535211563110352e+00
6.100000000000000000e+01 5.305007481165157669e-03 3.025527112132060381e+01 2.097413926003626194e+00 8.272330856024827372e-02 2.489393234252929688e+00
6.200000000000000000e+01 4.450830485966602267e-03 3.101276490492906746e+01 2.030787145023265960e+00 9.363541960553035948e-02 2.434188842773437500e+00
6.300000000000000000e+01 4.586048242957436842e-03 3.018836495393447095e+01 2.113008743784455579e+00 7.731917527582178595e-02 2.498926877975463867e+00
6.400000000000000000e+01 3.699306653814106016e-03 2.969761241943932717e+01 2.030623370862559618e+00 8.299458519710346815e-02 1.932857751846313477e+00
6.500000000000000000e+01 4.083314560085059275e-03 3.030576662910286956e+01 2.024852917089067450e+00 9.111285308943696537e-02 2.312077522277832031e+00
6.600000000000000000e+01 4.342515583524019819e-03 2.983139849533304400e+01 2.057472536170223520e+00 9.129919803184773086e-02 2.554384469985961914e+00
6.700000000000000000e+01 3.897320018857943109e-03 2.929721638065277389e+01 2.028827765667907013e+00 8.777588913232772794e-02 2.344326972961425781e+00
6.800000000000000000e+01 4.256755564014984110e-03 2.941337890995388094e+01 2.085854533929601295e+00 8.156404994454305446e-02 2.214442968368530273e+00
6.900000000000000000e+01 3.493748593052302658e-03 2.866568219564266329e+01 1.981135765563948770e+00 8.661629002341829364e-02 2.351984739303588867e+00
7.000000000000000000e+01 3.812196692779519416e-03 2.884286722651260249e+01 2.045957000845481932e+00 9.069456071420410603e-02 2.364963769912719727e+00
7.100000000000000000e+01 2.894340832344103817e-03 2.903030505019925656e+01 1.917742188592323371e+00 8.283254614366954149e-02 2.358915090560913086e+00
7.200000000000000000e+01 3.025626001977727020e-03 2.805103332055486121e+01 2.034761478653039468e+00 8.424751594995090465e-02 2.580394983291625977e+00
7.300000000000000000e+01 3.484487403047701205e-03 2.852016057453599984e+01 1.922893675015745929e+00 9.551866281406624914e-02 2.284109354019165039e+00
7.400000000000000000e+01 3.990881776431499765e-03 2.733905636400286454e+01 2.007085249453252729e+00 8.442312862367533366e-02 2.178377389907836914e+00
7.500000000000000000e+01 3.057547241525916757e-03 2.779390102442733834e+01 1.960110082035775969e+00 8.359926540114825944e-02 2.417175769805908203e+00
7.600000000000000000e+01 2.761612814495444275e-03 2.764104086696361051e+01 1.940515558671174645e+00 8.573443004033994008e-02 2.912060499191284180e+00
7.700000000000000000e+01 3.466935911688500717e-03 2.710708754110443763e+01 2.002735138538972226e+00 7.870783247978858921e-02 2.399942636489868164e+00
7.800000000000000000e+01 1.898987118907785729e-03 2.787980231327657776e+01 1.901802333445343551e+00 9.056549458065628333e-02 2.540316581726074219e+00
7.900000000000000000e+01 2.607398872562321362e-03 2.712556493032634464e+01 1.953149419127568898e+00 7.997475260982007950e-02 2.631002902984619141e+00
8.000000000000000000e+01 2.601428074981826117e-03 2.723052138779583942e+01 1.952993174280726496e+00 8.462455863209145113e-02 2.396606206893920898e+00
8.100000000000000000e+01 2.709477680092278132e-03 2.647021948992562912e+01 1.918921963407147047e+00 8.386437999095126827e-02 2.544332981109619141e+00
8.200000000000000000e+01 2.512386541109009296e-03 2.673521065347073034e+01 1.891721149553493797e+00 8.717090063365176555e-02 2.389624357223510742e+00
8.300000000000000000e+01 2.858161510879630388e-03 2.684325011540440542e+01 2.001039707692029879e+00 8.365187082413065578e-02 2.405861139297485352e+00
8.400000000000000000e+01 2.578002731076849477e-03 2.638295944176775976e+01 1.991413571483222400e+00 7.763985776781322234e-02 2.576682567596435547e+00
8.500000000000000000e+01 2.337135549336414632e-03 2.632342719826997879e+01 1.902930381510524960e+00 8.665243839568446960e-02 2.648916959762573242e+00
8.600000000000000000e+01 2.092648206523024280e-03 2.556438430083143132e+01 1.964672011255683692e+00 8.123984295748833129e-02 2.426696777343750000e+00
8.700000000000000000e+01 2.283619977184063888e-03 2.604555808733252675e+01 1.944261646693949741e+00 8.941612567832228631e-02 2.596112251281738281e+00
8.800000000000000000e+01 2.059412230102695193e-03 2.518695642853667138e+01 1.957304771732318427e+00 8.058758064474985661e-02 2.421674728393554688e+00
8.900000000000000000e+01 2.088252516064572663e-03 2.576961585235192231e+01 1.888025488069073665e+00 8.879046017350755715e-02 2.327244281768798828e+00
9.000000000000000000e+01 2.102603796319179198e-03 2.491928093712673586e+01 1.930775925007012894e+00 8.173118604216871030e-02 2.128634691238403320e+00
9.100000000000000000e+01 2.850318302626533764e-03 2.479527351727901774e+01 1.893383913560079179e+00 7.926413656969384658e-02 2.559186220169067383e+00
9.200000000000000000e+01 2.152169102818049431e-03 2.457453830618296564e+01 1.908420069438797162e+00 8.240816843645404344e-02 2.673805475234985352e+00
9.300000000000000000e+01 2.287167937011436863e-03 2.499020316537502495e+01 1.927300327993488827e+00 8.098839792687842487e-02 2.268531084060668945e+00
9.400000000000000000e+01 2.160010369257392426e-03 2.480503194803247879e+01 1.878937484788062440e+00 8.211134892526983364e-02 2.407041072845458984e+00
9.500000000000000000e+01 2.142875483924777235e-03 2.388891536148054229e+01 1.927296250606400418e+00 7.777874388330362210e-02 2.300046920776367188e+00
9.600000000000000000e+01 2.047698989812753168e-03 2.373464897248347327e+01 1.922948208704049256e+00 7.742866891305145993e-02 2.653143167495727539e+00
9.700000000000000000e+01 2.637888658111621314e-03 2.410554239898824846e+01 1.907133583830495471e+00 8.080908708574020827e-02 2.497828960418701172e+00
9.800000000000000000e+01 2.222721339876932139e-03 2.397425646378919950e+01 1.886769707785555195e+00 8.307017748261416590e-02 2.783891677856445312e+00
9.900000000000000000e+01 1.807396479407856905e-03 2.450804249407115520e+01 1.874056155518242006e+00 8.484714709890048279e-02 2.623496532440185547e+00
