2.000000000000000000e+00 8.188785928366393296e-02 6.045078774008969958e+03 9.900641173311777177e-01 4.439232292251603096e-01 3.514055204391479492e+01
3.000000000000000000e+00 3.108141834783320276e-02 9.692977552838205156e+03 7.524865001131777476e-01 4.953386195605650189e-01 2.668191480636596680e+01
4.000000000000000000e+00 2.005194067992940171e-02 8.691448889300289011e+03 8.322744529226191457e-01 4.118122254426747064e-01 3.439963603019714355e+01
5.000000000000000000e+00 2.518601954625455594e-02 7.460444514014046945e+03 1.266519549107938181e+00 3.437562010386041589e-01 4.918335032463073730e+01
6.000000000000000000e+00 1.887074067935170379e-02 6.938383054662329414e+03 1.279950734332799600e+00 3.041693095444670814e-01 8.956419682502746582e+01
7.000000000000000000e+00 2.167854019427058535e-02 6.351427911220255737e+03 1.228540949812676919e+00 2.988145801381898448e-01 6.850362873077392578e+01
8.000000000000000000e+00 1.767661626958529075e-02 5.956573217984792791e+03 1.268968320179442832e+00 2.622722055007687958e-01 8.199860358238220215e+01
9.000000000000000000e+00 1.981297384463530722e-02 5.528196546570487953e+03 1.503487690607157701e+00 2.691280353703447425e-01 6.800491046905517578e+01
1.000000000000000000e+01 1.691563314478105456e-02 5.196908928929852664e+03 1.513590840756966704e+00 2.423692126086938736e-01 9.319515895843505859e+01
1.100000000000000000e+01 1.790853027456646915e-02 4.852750685230069394e+03 1.535354151426649105e+00 2.366700649769532261e-01 8.277633452415466309e+01
1.200000000000000000e+01 1.689481882642686339e-02 4.651116031308821221e+03 1.468852493811284354e+00 2.425663385327651300e-01 6.943277931213378906e+01
1.300000000000000000e+01 1.507818606109813213e-02 4.431282942355753221e+03 1.517598304510009877e+00 2.244544110682319404e-01 1.051589183807373047e+02
1.400000000000000000e+01 1.385317119375386284e-02 4.287861581902079706e+03 1.548782930830558069e+00 2.001861572692898161e-01 9.853754329681396484e+01
1.500000000000000000e+01 1.334287140300258537e-02 4.165351673955896331e+03 1.539211001057423589e+00 2.145093614750939737e-01 1.047552919387817383e+02
1.600000000000000000e+01 1.585734715755663868e-02 3.940473369977299626e+03 1.532208922936898254e+00 1.992630082791461699e-01 1.139826858043670654e+02
1.700000000000000000e+01 1.436303595965451527e-02 3.821304682775683887e+03 1.558528648073816081e+00 1.814787650272970121e-01 9.808045458793640137e+01
1.800000000000000000e+01 1.324157196989928821e-02 3.653053487168442643e+03 1.607455306527833416e+00 1.769614654439861934e-01 9.677716588973999023e+01
1.900000000000000000e+01 1.256401928958399312e-02 3.536065334877707755e+03 1.619693899396966508e+00 1.813642114565253427e-01 1.211327915191650391e+02
2.000000000000000000e+01 1.217184371395700800e-02 3.527907627685037369e+03 1.620135370112749440e+00 1.682166351027671869e-01 9.518740820884704590e+01
2.100000000000000000e+01 1.141451751815230134e-02 3.413528525077791073e+03 1.607832290410218468e+00 1.659182853156379311e-01 8.995159769058227539e+01
2.200000000000000000e+01 1.079894695186211714e-02 3.290792799823424957e+03 1.621096317472087156e+00 1.642559292033109464e-01 9.543066811561584473e+01
2.300000000000000000e+01 1.050239834149153603e-02 3.237303528062213445e+03 1.603300930429603754e+00 1.670960928866822293e-01 9.097590732574462891e+01
2.400000000000000000e+01 1.205562414212719112e-02 3.121769372108915377e+03 1.644442632704816054e+00 1.680101307768062657e-01 1.188367707729339600e+02
2.500000000000000000e+01 1.163719674546207991e-02 3.060674900486189927e+03 1.635414005160855666e+00 1.538113118242600830e-01 1.244299485683441162e+02
2.600000000000000000e+01 1.000037436885574567e-02 3.035632869310870319e+03 1.580997199859503155e+00 1.573067882177607846e-01 1.022852597236633301e+02
2.700000000000000000e+01 1.100882799001709662e-02 2.941027104096707717e+03 1.588346848510061138e+00 1.552756273347803972e-01 1.150200307369232178e+02
2.800000000000000000e+01 1.124058387755190458e-02 2.799507508432879604e+03 1.679761589060172922e+00 1.503238345151048927e-01 1.269222741127014160e+02
2.900000000000000000e+01 8.844207613406013246e-03 2.750939397747188195e+03 1.642638625425120624e+00 1.416145402125404962e-01 1.139191315174102783e+02
3.000000000000000000e+01 8.758980419759926014e-03 2.729500661676744130e+03 1.638024676403948554e+00 1.500015596152874942e-01 1.449382669925689697e+02
3.100000000000000000e+01 8.166880234190102700e-03 2.674420340176597165e+03 1.617853938376546674e+00 1.510115596924992976e-01 1.207167360782623291e+02
3.200000000000000000e+01 8.909132592162506692e-03 2.610779908473988598e+03 1.644036241138131071e+00 1.497728824312412610e-01 1.191457369327545166e+02
3.300000000000000000e+01 9.421922683600042134e-03 2.541923859389740755e+03 1.635293231640983391e+00 1.464561647852220816e-01 1.329328222274780273e+02
3.400000000000000000e+01 8.463693447849878274e-03 2.460415575103138963e+03 1.687935872758939748e+00 1.456651669640080526e-01 1.233917775154113770e+02
3.500000000000000000e+01 8.252395226126767527e-03 2.463439811829248811e+03 1.608415486387686277e+00 1.442854277862166690e-01 1.245576467514038086e+02
3.600000000000000000e+01 7.581173914782176303e-03 2.418174774148628785e+03 1.624146692496987177e+00 1.361348392740761581e-01 1.283268117904663086e+02
3.700000000000000000e+01 7.978540369139502930e-03 2.424780188539652954e+03 1.588621012304666902e+00 1.433271422049228472e-01 1.237730960845947266e+02
3.800000000000000000e+01 7.959467711445129823e-03 2.318175428807525350e+03 1.665175694397816430e+00 1.395574928279395832e-01 1.731147341728210449e+02
3.900000000000000000e+01 7.685731421920064324e-03 2.341663521174948528e+03 1.679101500320724583e+00 1.378411631646016544e-01 1.199089269638061523e+02
4.000000000000000000e+01 8.409176322067618212e-03 2.258985507534944190e+03 1.629142103402702713e+00 1.312065227133918377e-01 1.530042891502380371e+02
4.100000000000000000e+01 8.144027601704014602e-03 2.258968298651332134e+03 1.676831970098846769e+00 1.367603864781136158e-01 1.387401301860809326e+02
4.200000000000000000e+01 7.192761669768055026e-03 2.181769132821021230e+03 1.689088754633612632e+00 1.275349482821653557e-01 1.123319842815399170e+02
4.300000000000000000e+01 6.731930219141426912e-03 2.190087821910191906e+03 1.724152560414188740e+00 1.206901386665244352e-01 1.836624879837036133e+02
4.400000000000000000e+01 6.989075393345247841e-03 2.152446681109296605e+03 1.660929375289005527e+00 1.294114162838213011e-01 1.758195281028747559e+02
4.500000000000000000e+01 7.457686310170231342e-03 2.125489224079580708e+03 1.674054239864551707e+00 1.257715178177159221e-01 1.601319947242736816e+02
4.600000000000000000e+01 7.380281835106070054e-03 2.079362506572149414e+03 1.684469628867040658e+00 1.280808682065349979e-01 1.375230813026428223e+02
4.700000000000000000e+01 7.654453339651248397e-03 2.058389075557280648e+03 1.704981631998452540e+00 1.258196619881523648e-01 1.247852580547332764e+02
4.800000000000000000e+01 7.208508861156151352e-03 2.014612839726293259e+03 1.756086299375982263e+00 1.210580142422053168e-01 1.561190054416656494e+02
4.900000000000000000e+01 7.584884632395158879e-03 2.011326157791386095e+03 1.700607490360993124e+00 1.233169098150015963e-01 1.400242068767547607e+02
5.000000000000000000e+01 7.587369172036569943e-03 1.981521985593717545e+03 1.691794715769393553e+00 1.239902989904705655e-01 1.752444627285003662e+02
5.100000000000000000e+01 6.545466226351644677e-03 1.945274260134492579e+03 1.746434357310847396e+00 1.139635066768167615e-01 1.466003000736236572e+02
5.200000000000000000e+01 7.870405234902845895e-03 1.924728033386773404e+03 1.696801414970639854e+00 1.231541268075085210e-01 1.352418467998504639e+02
5.300000000000000000e+01 7.929897044676871565e-03 1.895445096100492492e+03 1.722475471202627118e+00 1.230039359893637246e-01 1.659219706058502197e+02
5.400000000000000000e+01 6.228507914225212341e-03 1.843483636170190039e+03 1.764467803729806272e+00 1.113565843975610203e-01 1.483224039077758789e+02
5.500000000000000000e+01 6.097945089159432890e-03 1.829692140285102369e+03 1.795332224415253641e+00 1.160615599823694860e-01 1.856780359745025635e+02
5.600000000000000000e+01 6.906172857347184051e-03 1.801065562967452934e+03 1.784195006766763791e+00 1.116817253858023301e-01 1.559975597858428955e+02
5.700000000000000000e+01 6.749285957670492220e-03 1.788259755358673374e+03 1.829051587875063722e+00 1.073620169117493889e-01 1.678986747264862061e+02
5.800000000000000000e+01 6.371308566906399434e-03 1.760525629852487555e+03 1.844805543328135400e+00 1.037853499334289720e-01 1.804450283050537109e+02
5.900000000000000000e+01 5.756784479869870436e-03 1.744652833531949000e+03 1.775218545466324294e+00 1.098364351108376963e-01 1.566744887828826904e+02
6.000000000000000000e+01 6.258201315077606929e-03 1.713691883025479683e+03 1.801561703644377621e+00 1.066834361732390407e-01 1.491049683094024658e+02
6.100000000000000000e+01 6.335622032341946784e-03 1.704414478690475562e+03 1.745072735495496019e+00 1.039211226627748119e-01 1.668245129585266113e+02
6.200000000000000000e+01 5.863364281101283992e-03 1.691291019468377044e+03 1.765144370280688380e+00 1.069433859134321513e-01 1.667180263996124268e+02
6.300000000000000000e+01 6.640376669686269898e-03 1.669753452685851926e+03 1.720837025810995513e+00 1.135614571815733165e-01 1.413341188430786133e+02
6.400000000000000000e+01 6.219704758929604435e-03 1.634696322200516761e+03 1.821845100905561621e+00 9.929132753889044483e-02 1.491549062728881836e+02
6.500000000000000000e+01 5.990092036634265746e-03 1.621831587446677986e+03 1.775274184476621997e+00 1.057367916356334731e-01 1.584934964179992676e+02
6.600000000000000000e+01 6.224755889793645233e-03 1.597223885198739708e+03 1.861592213067643664e+00 1.010659278488113821e-01 1.578744628429412842e+02
6.700000000000000000e+01 6.306655838363072093e-03 1.587204816569023251e+03 1.807012458077396966e+00 1.033528599596209019e-01 1.910688946247100830e+02
6.800000000000000000e+01 5.910903194515197689e-03 1.577736682291177885e+03 1.774449520481554021e+00 1.056237936007697747e-01 1.921286907196044922e+02
6.900000000000000000e+01 6.870505433490616508e-03 1.545647477742265437e+03 1.807781139018084904e+00 9.853540570055488446e-02 1.531997017860412598e+02
7.000000000000000000e+01 5.623188537670952350e-03 1.542094449888759073e+03 1.806749766986237349e+00 1.013940861804425858e-01 1.660368080139160156e+02
7.100000000000000000e+01 6.184966011111149402e-03 1.529920806986378011e+03 1.798225479170016072e+00 1.029934783048333663e-01 2.061611003875732422e+02
7.200000000000000000e+01 5.737451588189289992e-03 1.507013483192352169e+03 1.871977027704090357e+00 9.768623748833540898e-02 1.382536487579345703e+02
7.300000000000000000e+01 5.442348115628100474e-03 1.484287068409156063e+03 1.879991369545941149e+00 9.454859919728664241e-02 1.452832233905792236e+02
7.400000000000000000e+01 5.239192173469387447e-03 1.476856539978334695e+03 1.806468773221856283e+00 9.793722608822133524e-02 1.624012806415557861e+02
7.500000000000000000e+01 5.741333953953828631e-03 1.472815395223547057e+03 1.875007768627755977e+00 9.473973964694951122e-02 1.858135159015655518e+02
7.600000000000000000e+01 5.336369036025869449e-03 1.459664837566897177e+03 1.851904574293983030e+00 9.500468049826929495e-02 1.797815415859222412e+02
7.700000000000000000e+01 5.366731637870869424e-03 1.440496179671424443e+03 1.800413438188307458e+00 9.473035554444020345e-02 1.687449371814727783e+02
7.800000000000000000e+01 5.411697760890272699e-03 1.424992518097152697e+03 1.806141342776505621e+00 9.447919839785712259e-02 1.969166207313537598e+02
7.900000000000000000e+01 5.572813497522415005e-03 1.407295830363986170e+03 1.766164085692699892e+00 9.616012747365554336e-02 1.761384191513061523e+02
8.000000000000000000e+01 5.824289983316440281e-03 1.390006754129017736e+03 1.848572036847275779e+00 9.509661164688548718e-02 1.908012688159942627e+02
8.100000000000000000e+01 5.209100850499428191e-03 1.388144934949032177e+03 1.855712912267958759e+00 9.044945618341358740e-02 1.889183938503265381e+02
8.200000000000000000e+01 5.149850156530158714e-03 1.377920559357414049e+03 1.808175003774223244e+00 9.532410448686801097e-02 1.952420177459716797e+02
8.300000000000000000e+01 5.631221497138268542e-03 1.361230048875651164e+03 1.903095181114855983e+00 8.405022661415394170e-02 1.880269665718078613e+02
8.400000000000000000e+01 5.272206040212364456e-03 1.348691991269349728e+03 1.917839600047865467e+00 9.049935992904616089e-02 1.720735185146331787e+02
8.500000000000000000e+01 4.922408436267144451e-03 1.337268162533856639e+03 1.916445888278999865e+00 8.886398979241401375e-02 2.032544724941253662e+02
8.600000000000000000e+01 5.249076753909087158e-03 1.329741405081618268e+03 1.842261632183402220e+00 9.277905157782907752e-02 1.738052294254302979e+02
8.700000000000000000e+01 5.766127406883539246e-03 1.316749161068857347e+03 1.873381409395278974e+00 9.092578749691110351e-02 1.862679536342620850e+02
8.800000000000000000e+01 5.465828634910452170e-03 1.299726870618979547e+03 1.852918854920840852e+00 8.805281655830078658e-02 1.906193230152130127e+02
8.900000000000000000e+01 4.744075111665340544e-03 1.283431563928055766e+03 1.943270485834175165e+00 8.126901180789809775e-02 1.725413322448730469e+02
9.000000000000000000e+01 5.386072843224862759e-03 1.277393200312308863e+03 1.884258348297586538e+00 8.336172487149835775e-02 2.227266688346862793e+02
9.100000000000000000e+01 5.561187415003488593e-03 1.278640889361659674e+03 1.866047888434021917e+00 9.254729111728497715e-02 2.147324404716491699e+02
9.200000000000000000e+01 4.870857503015845261e-03 1.253077766681077719e+03 1.908151484138119525e+00 8.844104205033946620e-02 2.214905314445495605e+02
9.300000000000000000e+01 5.257130933215150605e-03 1.257369264654338849e+03 1.872034270041333714e+00 9.011922282096432313e-02 2.375156602859497070e+02
9.400000000000000000e+01 5.160297737088005536e-03 1.239907188227580718e+03 1.923933620266036648e+00 8.577555427288782730e-02 2.033932826519012451e+02
9.500000000000000000e+01 4.468535590345813942e-03 1.221977284624801541e+03 1.964721455499756297e+00 8.509796955373705174e-02 2.106754486560821533e+02
9.600000000000000000e+01 4.685901728924380186e-03 1.203670969984733347e+03 1.887704934050779215e+00 8.637127017702865561e-02 1.810383210182189941e+02
9.700000000000000000e+01 4.785238765351636919e-03 1.218776661836461926e+03 1.899183504251398480e+00 8.676420293139883166e-02 1.633081560134887695e+02
9.800000000000000000e+01 5.320142030632690755e-03 1.202358139446850373e+03 1.919692021028368778e+00 8.308756013733281653e-02 2.141314623355865479e+02
9.900000000000000000e+01 5.297883116233859102e-03 1.192612728951256713e+03 1.933853654618507667e+00 8.285911260781159138e-02 2.119916715621948242e+02
