2.000000000000000000e+00 5.249772456130742670e-02 9.104729836413590647e+02 8.347450495549320060e-01 5.140378493917643343e-01 1.899228572845458984e+00
3.000000000000000000e+00 4.449837213486670245e-02 6.897628731087032747e+02 1.127232544534247927e+00 2.548868615600781706e-01 2.087215423583984375e+00
4.000000000000000000e+00 4.020389130253718829e-02 6.682522771692983952e+02 9.076470954849414907e-01 3.506697484197711101e-01 3.149923801422119141e+00
5.000000000000000000e+00 3.606542470235524211e-02 6.177606190427591173e+02 1.101140641426274325e+00 2.637455333911497002e-01 1.992773294448852539e+00
6.000000000000000000e+00 3.453208457250862840e-02 5.863350853361105237e+02 1.046756787064677896e+00 2.789900269086962870e-01 2.792679548263549805e+00
7.000000000000000000e+00 3.153988537226783823e-02 5.480379137823473457e+02 1.203303867230053337e+00 2.161469268262215526e-01 2.496480941772460938e+00
8.000000000000000000e+00 2.925301539136515930e-02 5.116088282384577610e+02 1.198650974002118730e+00 2.251361808258840747e-01 2.549224138259887695e+00
9.000000000000000000e+00 2.737720470375666973e-02 4.797510381309455170e+02 1.177251827328787748e+00 2.385776948982286094e-01 4.095607280731201172e+00
1.000000000000000000e+01 2.559429999745135853e-02 4.592286138781829550e+02 1.158512455677086495e+00 2.300800141955764710e-01 3.733202457427978516e+00
1.100000000000000000e+01 2.406034898606691091e-02 4.385029146923565690e+02 1.238644251961351195e+00 2.099362858198998427e-01 3.140358686447143555e+00
1.200000000000000000e+01 2.310259939235341162e-02 4.245296674978636133e+02 1.226181203615550830e+00 1.951969076712543882e-01 3.182152509689331055e+00
1.300000000000000000e+01 2.190111353115676424e-02 4.357666395721820436e+02 1.240342982361122504e+00 2.081180237345213180e-01 2.820041418075561523e+00
1.400000000000000000e+01 2.120065284642745976e-02 3.973168369629052563e+02 1.299473325155734216e+00 1.932915879891619060e-01 2.783932447433471680e+00
1.500000000000000000e+01 1.999505329073423057e-02 4.097480290570545094e+02 1.281984424765364894e+00 2.022614532372893070e-01 2.771135807037353516e+00
1.600000000000000000e+01 2.009512766503607911e-02 3.762347612571216473e+02 1.442864976654681275e+00 1.773676893101680252e-01 2.900847673416137695e+00
1.700000000000000000e+01 1.933110480020606634e-02 3.582915414111584482e+02 1.289199111218591653e+00 1.917811932673687270e-01 3.019046545028686523e+00
1.800000000000000000e+01 1.786834533929106475e-02 3.614599153924414736e+02 1.342482048789406690e+00 1.753432650837908058e-01 2.744928359985351562e+00
1.900000000000000000e+01 1.812218044884698551e-02 3.829974457869606113e+02 1.205349926087132317e+00 2.082575538815462091e-01 3.926391124725341797e+00
2.000000000000000000e+01 1.739304040595540321e-02 3.242951712610152981e+02 1.404801584426797367e+00 1.532884433416107639e-01 2.869629621505737305e+00
2.100000000000000000e+01 1.612325855752057627e-02 3.500691319204739216e+02 1.449909659178312049e+00 1.767114555777091200e-01 2.621689319610595703e+00
2.200000000000000000e+01 1.618799106094898077e-02 3.532706121111538664e+02 1.282960416511386592e+00 1.862456051976071059e-01 3.047950267791748047e+00
2.300000000000000000e+01 1.596793370669754436e-02 3.573731637202783418e+02 1.369611160636546643e+00 1.911329617949286686e-01 2.754123926162719727e+00
2.400000000000000000e+01 1.526446114029839443e-02 3.314200954888032129e+02 1.407054176862738482e+00 1.727219887890511785e-01 2.561522245407104492e+00
2.500000000000000000e+01 1.516477796166412935e-02 3.390044912339099028e+02 1.391221870054724752e+00 1.840760739895073161e-01 2.644130468368530273e+00
2.600000000000000000e+01 1.458226077552655063e-02 3.206285868724623924e+02 1.367172381080826504e+00 1.828384434178319806e-01 3.308868408203125000e+00
2.700000000000000000e+01 1.397793658669774230e-02 3.272438323311808972e+02 1.337200047647788104e+00 1.900484532133079052e-01 2.465571641921997070e+00
2.800000000000000000e+01 1.370988786322423214e-02 3.129464966725500403e+02 1.378540440882783491e+00 1.736741880998468046e-01 2.750368595123291016e+00
2.900000000000000000e+01 1.364559315926641876e-02 3.208137823176549546e+02 1.367352775461982972e+00 1.819512180173060434e-01 2.151557445526123047e+00
3.000000000000000000e+01 1.339790309618126875e-02 3.121206112494263039e+02 1.335446219512109955e+00 1.770407290965417824e-01 2.880704164505004883e+00
3.100000000000000000e+01 1.295400147229271506e-02 3.142921374954848375e+02 1.359807600646982140e+00 1.927770755361166433e-01 2.796415090560913086e+00
3.200000000000000000e+01 1.319828003322279057e-02 3.001201097365076293e+02 1.310640926740024970e+00 1.949214967350834382e-01 2.931440830230712891e+00
3.300000000000000000e+01 1.257299353902339815e-02 3.096469834500846900e+02 1.302494670570961688e+00 1.897931012366760317e-01 3.450768232345581055e+00
3.400000000000000000e+01 1.263990273830845230e-02 3.111628843465059049e+02 1.333277872826674093e+00 2.030022707368679125e-01 2.760173082351684570e+00
3.500000000000000000e+01 1.275434809828169050e-02 3.022754547459615537e+02 1.272538971386952378e+00 1.939692439628747656e-01 2.743010282516479492e+00
3.600000000000000000e+01 1.208362372730546926e-02 2.990922274897507123e+02 1.309136589244100479e+00 2.078147704826596165e-01 2.143610715866088867e+00
3.700000000000000000e+01 1.157061534387874950e-02 2.745022614466408868e+02 1.329504256539709273e+00 1.697041415114204643e-01 2.776994943618774414e+00
3.800000000000000000e+01 1.132497745240379668e-02 2.858341945180115431e+02 1.335723301581281053e+00 1.839303799596999633e-01 3.083853960037231445e+00
3.900000000000000000e+01 1.153260380707558409e-02 2.884332756851002273e+02 1.372798997367902896e+00 1.808997115891395890e-01 3.081846475601196289e+00
4.000000000000000000e+01 1.139445973780917748e-02 2.865927828125686574e+02 1.372996174014741388e+00 1.829728452595368038e-01 3.240565299987792969e+00
4.100000000000000000e+01 1.132317706718575026e-02 2.831918462078635343e+02 1.363328716429338616e+00 1.767267809424363789e-01 2.501408338546752930e+00
4.200000000000000000e+01 1.077170862555503275e-02 2.863752403463983569e+02 1.347243290619516864e+00 1.740965175004496601e-01 3.192036867141723633e+00
4.300000000000000000e+01 1.082859986322234555e-02 2.806504770322137006e+02 1.311247610111699879e+00 1.742958603151512353e-01 2.955080986022949219e+00
4.400000000000000000e+01 1.063806836506691472e-02 2.932533120226701158e+02 1.294174985845947035e+00 1.890877581809825292e-01 3.181475400924682617e+00
4.500000000000000000e+01 1.064372473683761720e-02 2.787073798292404376e+02 1.370784708806890073e+00 1.875358946952954131e-01 2.733870744705200195e+00
4.600000000000000000e+01 1.054050417124831676e-02 2.859302978785948994e+02 1.248589434458809988e+00 1.959852150424982453e-01 2.590290546417236328e+00
4.700000000000000000e+01 1.028361015236912458e-02 2.940750212927154053e+02 1.254545904015734736e+00 1.892549802842109219e-01 2.882158517837524414e+00
4.800000000000000000e+01 1.015127454310545477e-02 2.727749997008337459e+02 1.223025683993952617e+00 1.857471270840375666e-01 2.671085357666015625e+00
4.900000000000000000e+01 9.937374728501218238e-03 2.785851793450627838e+02 1.251638501670121917e+00 1.920770425133731529e-01 2.531834125518798828e+00
5.000000000000000000e+01 1.012430744062980600e-02 2.693110038052932396e+02 1.222279846325784014e+00 2.031993057198924757e-01 3.220891475677490234e+00
5.100000000000000000e+01 9.578494860323100851e-03 2.820684204767771917e+02 1.308070318664957155e+00 1.954345105725580067e-01 2.592850446701049805e+00
5.200000000000000000e+01 9.392988775331281501e-03 2.802781183621804644e+02 1.310235628419050613e+00 1.881918586709556418e-01 2.367453336715698242e+00
5.300000000000000000e+01 9.134654532078437597e-03 2.592695115778087711e+02 1.341518394531463709e+00 1.802020578121829308e-01 2.791105985641479492e+00
5.400000000000000000e+01 9.263483507509700371e-03 2.735595087460125683e+02 1.296453329878678007e+00 1.861733413006631255e-01 2.710897207260131836e+00
5.500000000000000000e+01 9.401889530815294577e-03 2.631163192112385900e+02 1.269739997461855507e+00 1.877467466172838273e-01 2.758810043334960938e+00
5.600000000000000000e+01 9.124290055114852097e-03 2.933846561772498944e+02 1.121860486192545414e+00 2.224641895962629345e-01 3.216086387634277344e+00
5.700000000000000000e+01 8.934823890217914732e-03 2.742307860504527071e+02 1.201295658037949465e+00 1.952576153653813318e-01 2.758746385574340820e+00
5.800000000000000000e+01 8.761720649114908277e-03 2.705816212791729640e+02 1.195208202828164756e+00 1.992122025772720406e-01 2.883177280426025391e+00
5.900000000000000000e+01 8.897472191427396523e-03 2.696313190182607400e+02 1.210096683733306699e+00 1.894708096876078773e-01 2.925284385681152344e+00
6.000000000000000000e+01 8.730935381301697246e-03 2.815434527301104026e+02 1.123982727857357089e+00 2.116494317615821852e-01 2.859500408172607422e+00
6.100000000000000000e+01 8.445415813618833284e-03 2.779620963332981205e+02 1.218183266826518896e+00 2.019225173178694210e-01 3.203839778900146484e+00
6.200000000000000000e+01 8.440438643371211969e-03 2.767666796875899990e+02 1.222332393462948863e+00 1.951520271258661843e-01 3.074572563171386719e+00
6.300000000000000000e+01 8.560686700131847973e-03 2.624567210087336662e+02 1.173023525073542350e+00 1.914439965285189282e-01 3.764467000961303711e+00
6.400000000000000000e+01 8.242953691039847652e-03 2.608744951873661080e+02 1.236866097135769449e+00 1.816491153374913958e-01 2.943302869796752930e+00
6.500000000000000000e+01 8.071090228529106611e-03 2.733647023840621273e+02 1.201550848015242590e+00 1.983028160151447117e-01 3.281973123550415039e+00
6.600000000000000000e+01 8.268531097063632276e-03 2.617963009818609521e+02 1.181640678886607176e+00 1.964122205321007786e-01 3.295212745666503906e+00
6.700000000000000000e+01 7.830776198830229420e-03 2.668164963757458850e+02 1.235429078397446645e+00 2.084368936933119199e-01 3.525512933731079102e+00
6.800000000000000000e+01 7.904638920308728819e-03 2.587584283659468269e+02 1.216218703219604569e+00 2.012115703071221395e-01 3.105796098709106445e+00
6.900000000000000000e+01 7.753165295190720188e-03 2.544115248326827441e+02 1.213225630234320507e+00 1.951513294656458675e-01 2.839279651641845703e+00
7.000000000000000000e+01 7.733915498210394007e-03 2.652550794699603216e+02 1.192557518033519059e+00 2.031823740838449577e-01 3.108608722686767578e+00
7.100000000000000000e+01 7.650667700167084785e-03 2.562978306963036061e+02 1.194762642109648665e+00 1.961938659677019414e-01 2.586873531341552734e+00
7.200000000000000000e+01 7.662476837845669242e-03 2.616992969491843724e+02 1.178006579145875143e+00 2.042071379112997687e-01 2.950153350830078125e+00
7.300000000000000000e+01 7.772834277254467815e-03 2.679601701981494557e+02 1.110722622667780657e+00 2.038112773463524874e-01 3.383918762207031250e+00
7.400000000000000000e+01 7.419430589586699203e-03 2.643122815841805959e+02 1.182940142691767615e+00 2.154439883749212914e-01 3.022175788879394531e+00
7.500000000000000000e+01 7.336390915691147832e-03 2.643087164626168146e+02 1.257832251883343577e+00 2.036099452293102796e-01 3.103785276412963867e+00
7.600000000000000000e+01 7.146004418461193719e-03 2.567485890758566711e+02 1.284338562688419616e+00 1.899110775010829089e-01 3.170826435089111328e+00
7.700000000000000000e+01 7.147010863079739269e-03 2.497296053437440548e+02 1.250422931961658657e+00 2.021280834505478075e-01 3.287647247314453125e+00
7.800000000000000000e+01 7.292254191083699828e-03 2.500622832470656647e+02 1.172594126691205441e+00 2.024270653909924500e-01 3.354745864868164062e+00
7.900000000000000000e+01 7.127124015244855164e-03 2.583662119471159144e+02 1.183715422552286567e+00 2.091563795236063561e-01 2.943128585815429688e+00
8.000000000000000000e+01 7.017066649554575680e-03 2.495645026388092163e+02 1.271412798727754367e+00 1.950756551940658612e-01 3.173990964889526367e+00
8.100000000000000000e+01 6.979563804125813939e-03 2.484410243015181265e+02 1.254889732300012550e+00 1.958363018619518614e-01 3.037526845932006836e+00
8.200000000000000000e+01 6.928149261535828350e-03 2.479934592839201457e+02 1.248834310541460324e+00 1.967659810925125596e-01 3.367855787277221680e+00
8.300000000000000000e+01 6.797960151591546200e-03 2.561240516986769080e+02 1.233628175171398444e+00 1.971032656502647862e-01 3.482190608978271484e+00
8.400000000000000000e+01 6.752333039320356119e-03 2.566217169792758455e+02 1.210248279134897187e+00 2.037200118702570673e-01 3.239801406860351562e+00
8.500000000000000000e+01 6.830833609104192128e-03 2.499091054277649562e+02 1.220637542862303082e+00 2.016991000784141008e-01 3.182910919189453125e+00
8.600000000000000000e+01 6.764827030968032125e-03 2.485831278076506976e+02 1.261185832534795326e+00 1.931804800186598114e-01 3.835124492645263672e+00
8.700000000000000000e+01 6.734556115081735857e-03 2.483901158279562651e+02 1.125151399422905207e+00 2.104831238210933542e-01 3.245065212249755859e+00
8.800000000000000000e+01 6.552569180080358886e-03 2.479752136565537626e+02 1.179356022406692794e+00 2.127103103424624886e-01 3.144833087921142578e+00
8.900000000000000000e+01 6.601283248274747439e-03 2.444543414251657794e+02 1.117633235061248564e+00 2.013623877446301114e-01 3.343041419982910156e+00
9.000000000000000000e+01 6.532403548616354597e-03 2.533412690855681717e+02 1.108471133102354234e+00 2.139002043040229561e-01 3.712540388107299805e+00
9.100000000000000000e+01 6.390940442608702629e-03 2.428912322853401804e+02 1.204489624882829624e+00 1.996109454055574883e-01 3.412666797637939453e+00
9.200000000000000000e+01 6.478625398329991396e-03 2.407300091548942760e+02 1.143323726282725383e+00 2.028000497137223967e-01 3.574843406677246094e+00
9.300000000000000000e+01 6.322895192726307387e-03 2.359007188035409399e+02 1.255298575233529723e+00 1.960527210771444984e-01 3.851864576339721680e+00
9.400000000000000000e+01 6.183762342379022468e-03 2.472755328144104396e+02 1.174113647061232557e+00 2.043438595110650124e-01 4.138383388519287109e+00
9.500000000000000000e+01 6.182378967449365936e-03 2.446707215334180319e+02 1.172766140198087559e+00 2.035099251551228394e-01 3.593173742294311523e+00
9.600000000000000000e+01 6.282897392947668289e-03 2.444720203649156929e+02 1.130483936132435252e+00 2.054986469144939876e-01 3.689698934555053711e+00
9.700000000000000000e+01 6.043362437624092386e-03 2.422030622232031476e+02 1.182690648055220617e+00 1.966383773478965480e-01 3.376150608062744141e+00
9.800000000000000000e+01 6.031933551141763911e-03 2.428034096949726006e+02 1.168235931367043845e+00 2.086025385660383036e-01 3.876470327377319336e+00
9.900000000000000000e+01 6.033245026926559521e-03 2.410376936428350234e+02 1.203721356158983458e+00 1.964313825956690296e-01 3.408041238784790039e+00
