2.000000000000000000e+00 4.915850162710673488e-02 3.278663956813423965e+02 1.510168662316590860e+00 3.588207331805512434e-01 2.063189744949340820e+00
3.000000000000000000e+00 5.730399161080491910e-02 2.541316158900698667e+02 1.610132965864216059e+00 1.965638983916790095e-01 2.268716096878051758e+00
4.000000000000000000e+00 4.925565049336939893e-02 1.938759185019704603e+02 2.371660524490928790e+00 1.986438167234847452e-01 2.420168161392211914e+00
5.000000000000000000e+00 4.736218596192243863e-02 1.724553338652237358e+02 2.308425840836317189e+00 1.721997943891911409e-01 2.795482397079467773e+00
6.000000000000000000e+00 4.527897703332552787e-02 1.502068928494777538e+02 2.208361116293238169e+00 1.808263661627078633e-01 2.586402416229248047e+00
7.000000000000000000e+00 3.653680323266000896e-02 1.377144839958406521e+02 2.104925215578382858e+00 1.735330871302557254e-01 2.126506805419921875e+00
8.000000000000000000e+00 3.777256889258796824e-02 1.261520158172911721e+02 2.143020076126519680e+00 1.549145767928011563e-01 2.413266420364379883e+00
9.000000000000000000e+00 3.322978604374991762e-02 1.177461081310636786e+02 2.198071859109685278e+00 1.579678516778968700e-01 2.804988145828247070e+00
1.000000000000000000e+01 3.141774199307698079e-02 1.153260902338789720e+02 1.968693550219802191e+00 1.352882074308099924e-01 2.802217960357666016e+00
1.100000000000000000e+01 3.400880676221479382e-02 1.058685223863047611e+02 1.962366578805509132e+00 1.396872454594982604e-01 2.621673107147216797e+00
1.200000000000000000e+01 3.076675461185307894e-02 1.040572787037428526e+02 1.912054380130764342e+00 1.318739868345384647e-01 2.879817485809326172e+00
1.300000000000000000e+01 2.638979275130132543e-02 9.834044277327514294e+01 2.161542753339535938e+00 1.051160904365607551e-01 3.258710622787475586e+00
1.400000000000000000e+01 2.979054342050896365e-02 9.605866109082312221e+01 1.916809331665213278e+00 1.175440243343176816e-01 2.807184934616088867e+00
1.500000000000000000e+01 2.531667293935235818e-02 8.876849272587367068e+01 2.299915789304535441e+00 1.086141313528380392e-01 3.931256294250488281e+00
1.600000000000000000e+01 2.797625764257285694e-02 8.789441359992035530e+01 2.054229917314128961e+00 1.201701730593625478e-01 2.740416288375854492e+00
1.700000000000000000e+01 2.629074000716758244e-02 8.126829190665962699e+01 2.123888019095464319e+00 1.099732924370577791e-01 2.371036291122436523e+00
1.800000000000000000e+01 2.532378979322903387e-02 8.274328568894604530e+01 1.896930166858393108e+00 1.060294440739058264e-01 3.220599651336669922e+00
1.900000000000000000e+01 2.685635395773650069e-02 7.905517641622978431e+01 2.052320850064179414e+00 1.139420969715277399e-01 2.827611684799194336e+00
2.000000000000000000e+01 2.293690962472617195e-02 7.416722312732180455e+01 2.224799757145242474e+00 1.062750061047463973e-01 2.870763063430786133e+00
2.100000000000000000e+01 2.091696456451834496e-02 7.455883544360348480e+01 2.102073588972774409e+00 1.097412080463333328e-01 3.290179967880249023e+00
2.200000000000000000e+01 2.114766791982760838e-02 7.164117367200860542e+01 2.108980559426188339e+00 1.082118154426327528e-01 2.612826585769653320e+00
2.300000000000000000e+01 2.000903084830367093e-02 6.897289297508562811e+01 2.176120415923894935e+00 1.082452212932417668e-01 2.967548131942749023e+00
2.400000000000000000e+01 2.154623559060182131e-02 6.697269325074277901e+01 2.126452757718948039e+00 1.069673867812830775e-01 2.363871335983276367e+00
2.500000000000000000e+01 1.825666872623328552e-02 6.545436537684217626e+01 2.127273278913944576e+00 1.066579059019399783e-01 3.311116695404052734e+00
2.600000000000000000e+01 1.953816777210440336e-02 6.494067083622728376e+01 2.218242468035327430e+00 9.907388191772453778e-02 3.343108654022216797e+00
2.700000000000000000e+01 2.170463242337962104e-02 6.469032135828236107e+01 2.004268429432600751e+00 1.061632763150554548e-01 3.930287122726440430e+00
2.800000000000000000e+01 1.907304028214521288e-02 6.154990096720415949e+01 2.057714805194164054e+00 8.409209244696848329e-02 2.847399473190307617e+00
2.900000000000000000e+01 2.070932693954629158e-02 6.076404485959633917e+01 1.901619054395887742e+00 1.086709170302471578e-01 3.177031517028808594e+00
3.000000000000000000e+01 1.755202361630925356e-02 5.968488792275117305e+01 2.006190243840971110e+00 9.003324832421402690e-02 3.290033102035522461e+00
3.100000000000000000e+01 1.892050894149419071e-02 5.916494981854668822e+01 2.020054488504724244e+00 1.022101602059280884e-01 2.890340566635131836e+00
3.200000000000000000e+01 1.621629594866083601e-02 5.684385590804609478e+01 2.090271874665990737e+00 9.846107470558132513e-02 3.027411937713623047e+00
3.300000000000000000e+01 1.577693743959591999e-02 5.518397493158540357e+01 2.121903531203706894e+00 8.048385473647806654e-02 2.945881605148315430e+00
3.400000000000000000e+01 1.521192907294903300e-02 5.643377197443643922e+01 1.906565918201094112e+00 8.890863071738361323e-02 2.887787818908691406e+00
3.500000000000000000e+01 1.675940615945025608e-02 5.525121050736946415e+01 1.893789157933099432e+00 9.440678114264709764e-02 2.691365003585815430e+00
3.600000000000000000e+01 1.590765854324667147e-02 5.338810851898124099e+01 2.138003808907280145e+00 8.322896251242782595e-02 2.977270364761352539e+00
3.700000000000000000e+01 1.467436724387504755e-02 5.249229387143154213e+01 2.032681558415311951e+00 8.774438735107563392e-02 3.594129800796508789e+00
3.800000000000000000e+01 1.421098356778106690e-02 5.135994838342865876e+01 2.037912276626526964e+00 8.795659960672089217e-02 3.204676628112792969e+00
3.900000000000000000e+01 1.526290895788004476e-02 5.258600560799607848e+01 1.895518301811826012e+00 8.893462726535168728e-02 2.880264997482299805e+00
4.000000000000000000e+01 1.450605005659465901e-02 5.028312633825338196e+01 2.036464271570685991e+00 8.923924416563333573e-02 3.458545923233032227e+00
4.100000000000000000e+01 1.421160065916359481e-02 4.946252115004513428e+01 2.016833888096790428e+00 8.252067195162766933e-02 2.766306400299072266e+00
4.200000000000000000e+01 1.361178361446004938e-02 4.986417072513895477e+01 1.932413219043685126e+00 9.033974205626478515e-02 2.762468338012695312e+00
4.300000000000000000e+01 1.479283672034609372e-02 4.886804249457605209e+01 1.932284144936942782e+00 8.812468925823581378e-02 3.114349365234375000e+00
4.400000000000000000e+01 1.351115835103710444e-02 4.760191279749713544e+01 2.083137437448108198e+00 8.417146133445187195e-02 3.337285757064819336e+00
4.500000000000000000e+01 1.361221228433897451e-02 4.734358348714813047e+01 2.057168833824478238e+00 8.753804368061686436e-02 3.184395313262939453e+00
4.600000000000000000e+01 1.322137894385463572e-02 4.748330437167653884e+01 1.948042631709873795e+00 9.450767618028829697e-02 3.827248096466064453e+00
4.700000000000000000e+01 1.291419200255023575e-02 4.666385381306086089e+01 1.963152795628589686e+00 9.126800897908465826e-02 3.906630992889404297e+00
4.800000000000000000e+01 1.338524272126316410e-02 4.621057290384245420e+01 1.928459869582946240e+00 9.000103013970248145e-02 2.975124359130859375e+00
4.900000000000000000e+01 1.207208569838398755e-02 4.615583166704328733e+01 1.928771454383779504e+00 9.131705400408546280e-02 3.237691640853881836e+00
5.000000000000000000e+01 1.185021846120929215e-02 4.588559447572901462e+01 1.890216641159629285e+00 9.559537709789010795e-02 2.788221597671508789e+00
5.100000000000000000e+01 1.139928136328876782e-02 4.530288489496623328e+01 1.912648296797791581e+00 9.645526519056291104e-02 3.163483142852783203e+00
5.200000000000000000e+01 1.150467571616621207e-02 4.523157442201393508e+01 1.862211827053476432e+00 9.414952825193942387e-02 3.682557582855224609e+00
5.300000000000000000e+01 1.128990880503155311e-02 4.458257025646533123e+01 1.867928735384808192e+00 9.511876748584550956e-02 2.586992502212524414e+00
5.400000000000000000e+01 1.147206865621587524e-02 4.445323436073756795e+01 1.854810916758417028e+00 9.497393188473050862e-02 2.973556280136108398e+00
5.500000000000000000e+01 1.171256051062601056e-02 4.335843543146769719e+01 1.809461108924853345e+00 8.325277676468025023e-02 2.906694889068603516e+00
5.600000000000000000e+01 1.127086453233458463e-02 4.261454606190643091e+01 1.758634913687610046e+00 9.369960023333040455e-02 3.486718654632568359e+00
5.700000000000000000e+01 1.129080313468677765e-02 4.228506944380028187e+01 1.839267299537520106e+00 8.657441973609916741e-02 3.876823186874389648e+00
5.800000000000000000e+01 1.180019005507205142e-02 4.213430034902368249e+01 1.800319640239881780e+00 8.950941325265523996e-02 3.337507963180541992e+00
5.900000000000000000e+01 1.069133959415583326e-02 4.173820085832488047e+01 1.824493341654310097e+00 7.923483451336803263e-02 2.934734106063842773e+00
6.000000000000000000e+01 1.059505657754275521e-02 4.154195501671669888e+01 1.820571847225128215e+00 8.014447273164707064e-02 2.944551706314086914e+00
6.100000000000000000e+01 1.013226587572435902e-02 4.098928795305387496e+01 1.820689804479901586e+00 8.910830160146761270e-02 3.346136569976806641e+00
6.200000000000000000e+01 1.004891824671038519e-02 4.083864052160300417e+01 1.787137449483084284e+00 8.232962307698882265e-02 2.554169893264770508e+00
6.300000000000000000e+01 1.043708202919577110e-02 4.047859981174610766e+01 1.796372029878829268e+00 8.600365373708493411e-02 3.438464879989624023e+00
6.400000000000000000e+01 9.945018501385183285e-03 4.014748923135970671e+01 1.829665061351942512e+00 8.799111716425875307e-02 3.042573928833007812e+00
6.500000000000000000e+01 1.052335250370985131e-02 4.035142655172921167e+01 1.688344800615936725e+00 9.418068071444440914e-02 3.680583953857421875e+00
6.600000000000000000e+01 1.134739802649082502e-02 3.910978413292684763e+01 1.807565840705953830e+00 8.260469576578310935e-02 3.578056573867797852e+00
6.700000000000000000e+01 1.011365799938735051e-02 4.000563266048374800e+01 1.654258224614029826e+00 9.363945138491631959e-02 4.004667520523071289e+00
6.800000000000000000e+01 9.733300060030100967e-03 3.854152935836811622e+01 1.750228860908151551e+00 8.530547924324066722e-02 3.175829648971557617e+00
6.900000000000000000e+01 9.259336499402231330e-03 3.816608977941869796e+01 1.667739016367717708e+00 7.890080829037131316e-02 3.788270473480224609e+00
7.000000000000000000e+01 9.265348400823478214e-03 3.762449004165862476e+01 1.756454504798214966e+00 8.726607542956364705e-02 3.159919977188110352e+00
7.100000000000000000e+01 9.601960670685015867e-03 3.820419570371155515e+01 1.685932741692398595e+00 8.810395972351640903e-02 3.431955337524414062e+00
7.200000000000000000e+01 9.634428771323415297e-03 3.738740392722402817e+01 1.720481008137590750e+00 9.677579098143988812e-02 3.351171255111694336e+00
7.300000000000000000e+01 9.282539491868746495e-03 3.694187626241630795e+01 1.738470348894443740e+00 7.925243787380376048e-02 3.921505928039550781e+00
7.400000000000000000e+01 8.891196648065207916e-03 3.746067254137320646e+01 1.663878194842232983e+00 9.031442154865922112e-02 3.721448659896850586e+00
7.500000000000000000e+01 8.816468578638030767e-03 3.728535385505616517e+01 1.681711530188570114e+00 8.841794602930529157e-02 4.031019926071166992e+00
7.600000000000000000e+01 9.201056394164248975e-03 3.630241551828974877e+01 1.645425226761984216e+00 8.592503077063480543e-02 3.640245914459228516e+00
7.700000000000000000e+01 8.453537973234916819e-03 3.708136976010399621e+01 1.577942526246963073e+00 9.114187738351610391e-02 4.068421363830566406e+00
7.800000000000000000e+01 8.673510100052518948e-03 3.623869835464879685e+01 1.700794102710685873e+00 8.200262310096834151e-02 3.888729095458984375e+00
7.900000000000000000e+01 9.305693696839140508e-03 3.596782021257394746e+01 1.628892529725258109e+00 1.001517956201504189e-01 3.694065570831298828e+00
8.000000000000000000e+01 7.845880480426019668e-03 3.570852553567291210e+01 1.620536003322785801e+00 9.479291187585216216e-02 3.560415744781494141e+00
8.100000000000000000e+01 8.139053263121852691e-03 3.545738388386931916e+01 1.664867288882764251e+00 8.244819390470486953e-02 4.227295398712158203e+00
8.200000000000000000e+01 8.549219285883622593e-03 3.525704605500789057e+01 1.645832592762289437e+00 8.999921456412039722e-02 4.004294395446777344e+00
8.300000000000000000e+01 8.538578367689368329e-03 3.453411831156712708e+01 1.622998044986969646e+00 9.006216644969038121e-02 3.486637592315673828e+00
8.400000000000000000e+01 7.733289670106794668e-03 3.532202318690094245e+01 1.656620299481723846e+00 8.711998494493118639e-02 3.192953348159790039e+00
8.500000000000000000e+01 8.205732884200976629e-03 3.505919700500609082e+01 1.571520358337078704e+00 9.236325744021825490e-02 4.212545871734619141e+00
8.600000000000000000e+01 7.919141128962898721e-03 3.383954683135271324e+01 1.584302672796540357e+00 8.951965807780477846e-02 3.472730875015258789e+00
8.700000000000000000e+01 7.846796556982522236e-03 3.517483882017175745e+01 1.557969371550214088e+00 1.015920713707244294e-01 3.220732927322387695e+00
8.800000000000000000e+01 7.878685323709931979e-03 3.455646485020842817e+01 1.584255041509606166e+00 9.155133456697824024e-02 4.031735658645629883e+00
8.900000000000000000e+01 7.885484623873031257e-03 3.418358543183814646e+01 1.641781632552500314e+00 9.176344311781957364e-02 3.467497825622558594e+00
9.000000000000000000e+01 7.749921132592552282e-03 3.444808131234801607e+01 1.532473127493962695e+00 1.013977449944737513e-01 3.307460784912109375e+00
9.100000000000000000e+01 6.917528505018179230e-03 3.363585764578141379e+01 1.589106124530455633e+00 9.562059065365741128e-02 3.599730253219604492e+00
9.200000000000000000e+01 7.684726839001941069e-03 3.419128343624486632e+01 1.547240021510661645e+00 9.407300113174311973e-02 3.747687339782714844e+00
9.300000000000000000e+01 7.469318031908781137e-03 3.315145600368904155e+01 1.577243454653429522e+00 8.865482799784393797e-02 4.011902093887329102e+00
9.400000000000000000e+01 7.610892804526680697e-03 3.386307934082501703e+01 1.533671267094801394e+00 9.799970826123567680e-02 3.806695699691772461e+00
9.500000000000000000e+01 7.600545616857578256e-03 3.320361201298969434e+01 1.505180273299206339e+00 9.010757274002205441e-02 3.408317804336547852e+00
9.600000000000000000e+01 6.867136782147567446e-03 3.375012398785290912e+01 1.558197332482876396e+00 1.001674002843547795e-01 3.746439456939697266e+00
9.700000000000000000e+01 7.289599027845967624e-03 3.247474902693537757e+01 1.502229398495907198e+00 9.662350598137300905e-02 4.144284009933471680e+00
9.800000000000000000e+01 7.152319555282345143e-03 3.311447641686539356e+01 1.526913926754283279e+00 8.973013528339990330e-02 3.195127248764038086e+00
9.900000000000000000e+01 6.900973253927489628e-03 3.249412423651084936e+01 1.563998685749186768e+00 8.828594300759916302e-02 3.766348361968994141e+00
