2.000000000000000000e+00 -4.592854025996169487e-02 4.224833253168625333e+02 1.403153892572119643e+00 3.662421327818605188e-01 1.654023408889770508e+00
3.000000000000000000e+00 -2.908800647834873868e-02 4.461350025961428969e+02 1.234299358205074526e+00 4.597157729030706408e-01 2.201733350753784180e+00
4.000000000000000000e+00 -1.722543754916937286e-02 5.078462155203185944e+02 1.150107993725727917e+00 5.076530845838093109e-01 1.901944875717163086e+00
5.000000000000000000e+00 -1.463701456928028811e-02 5.331422724080433682e+02 1.048545770719432113e+00 5.238388748733954214e-01 1.892920017242431641e+00
6.000000000000000000e+00 -7.989427975471981302e-03 5.805154914736901901e+02 9.985650784833665083e-01 5.342835519944958422e-01 1.847185850143432617e+00
7.000000000000000000e+00 -6.637565728300784049e-03 5.716589920785017966e+02 1.039192625840315021e+00 5.305798038775255687e-01 2.078540086746215820e+00
8.000000000000000000e+00 -7.302480805967592227e-03 5.611980652526434596e+02 1.015161736641121415e+00 5.368752789243687040e-01 2.083639860153198242e+00
9.000000000000000000e+00 -7.647664560446210472e-03 5.535348232634189571e+02 1.006970462852757153e+00 5.381476731592168550e-01 2.474719762802124023e+00
1.000000000000000000e+01 -1.050851753138575158e-02 5.284543956887358718e+02 1.043388944928176354e+00 5.154247338735253869e-01 2.713932991027832031e+00
1.100000000000000000e+01 -9.256213302833634152e-03 5.188368109766446423e+02 1.107939094062112551e+00 5.165644286937725038e-01 2.516895771026611328e+00
1.200000000000000000e+01 -9.307767652873418299e-03 5.129931671615505593e+02 1.103689784015248643e+00 5.151132704650697169e-01 2.901888370513916016e+00
1.300000000000000000e+01 -6.812405686070301808e-03 4.933207631142719265e+02 1.110659109742512474e+00 4.599373824817467593e-01 2.671615600585937500e+00
1.400000000000000000e+01 -6.823717938261181400e-03 4.745368036871737445e+02 1.147226664923242101e+00 4.574036145826847477e-01 2.476161003112792969e+00
1.500000000000000000e+01 -7.146819053810818216e-03 4.575485732075013630e+02 1.158721779573613553e+00 4.530631207196584853e-01 2.733618974685668945e+00
1.600000000000000000e+01 -5.962194050607890795e-03 4.381026647287897049e+02 1.236895211493146629e+00 4.508934705293654033e-01 2.637037754058837891e+00
1.700000000000000000e+01 -9.682738116202611531e-03 4.242158739611479064e+02 1.165518386200215417e+00 4.987725612465005454e-01 2.433664560317993164e+00
1.800000000000000000e+01 -8.573692284838946645e-03 4.136519656056839267e+02 1.207843953700832085e+00 4.396211433706251892e-01 2.623534679412841797e+00
1.900000000000000000e+01 -6.958047467614450823e-03 3.988773490206385759e+02 1.267418112986406165e+00 4.443534972960960783e-01 2.636648654937744141e+00
2.000000000000000000e+01 -7.666287628900664980e-03 3.986051110411433456e+02 1.201463631030485590e+00 4.423647258217915379e-01 2.428382635116577148e+00
2.100000000000000000e+01 -1.016791833484347735e-02 3.831548339649402806e+02 1.244948167862162780e+00 4.259005289939027938e-01 2.933373928070068359e+00
2.200000000000000000e+01 -9.529523778251405841e-03 3.819964414168331928e+02 1.210196672300148935e+00 4.286946308488810975e-01 2.948945999145507812e+00
2.300000000000000000e+01 -7.316504831645848257e-03 3.732943073831803531e+02 1.218759764232030918e+00 4.341300267922826306e-01 2.622871875762939453e+00
2.400000000000000000e+01 -7.602595875701457714e-03 3.623039290156710308e+02 1.188369768196289034e+00 4.182610235413456445e-01 2.914932966232299805e+00
2.500000000000000000e+01 -6.788667627641646954e-03 3.500110073130399542e+02 1.217454034816608521e+00 4.152600449588780829e-01 2.559500932693481445e+00
2.600000000000000000e+01 -6.191405231840246305e-03 3.465716859236978280e+02 1.193393261971289476e+00 4.167680234355233826e-01 2.440126419067382812e+00
2.700000000000000000e+01 -6.588309109859866522e-03 3.413403212128114887e+02 1.184284114795022047e+00 4.175471439011859132e-01 2.755304813385009766e+00
2.800000000000000000e+01 -4.323107984026622851e-03 3.407851254607217015e+02 1.285633468951302705e+00 2.740743421038930872e-01 2.840664625167846680e+00
2.900000000000000000e+01 -7.112032292513646020e-03 3.281873271496609732e+02 1.221986553279175380e+00 4.109414068382105101e-01 2.832629919052124023e+00
3.000000000000000000e+01 -5.475766726540991398e-03 3.299596478918611524e+02 1.297282135961044913e+00 2.429954856058506862e-01 3.190373420715332031e+00
3.100000000000000000e+01 -6.001681741320313325e-03 3.254417696457593365e+02 1.251112903449866920e+00 2.673618872511001054e-01 3.270064353942871094e+00
3.200000000000000000e+01 -5.809153020605812255e-03 3.148164688854479891e+02 1.287639658833016121e+00 2.463041362287281544e-01 3.200621604919433594e+00
3.300000000000000000e+01 -4.822430775912262338e-03 3.136553611479992583e+02 1.326954514257356221e+00 2.551055241083924896e-01 2.994220256805419922e+00
3.400000000000000000e+01 -5.763695154556876081e-03 3.102287437860928208e+02 1.294181402931547042e+00 2.661273051046293414e-01 3.100303649902343750e+00
3.500000000000000000e+01 -5.930486564565786919e-03 3.052195573887383944e+02 1.275902499000002077e+00 2.654737800951679216e-01 2.438716650009155273e+00
3.600000000000000000e+01 -5.755716196794297135e-03 3.075691579190169591e+02 1.307449847005169863e+00 2.426200155742194164e-01 3.801909923553466797e+00
3.700000000000000000e+01 -4.028656616330041941e-03 2.993934166433542146e+02 1.279590960863650428e+00 2.560823675544030009e-01 3.106419563293457031e+00
3.800000000000000000e+01 -5.329871532047229972e-03 2.965265729842361111e+02 1.284049423632193099e+00 2.512616533227084448e-01 2.287677288055419922e+00
3.900000000000000000e+01 -5.081183128330135114e-03 2.953603317876924166e+02 1.299424157894563336e+00 2.481994366138644825e-01 3.041777133941650391e+00
4.000000000000000000e+01 -3.801210328528699649e-03 2.910899794106190370e+02 1.304283043179713220e+00 2.435805914465611899e-01 3.024678468704223633e+00
4.100000000000000000e+01 -3.742784168620864535e-03 2.879186253734419552e+02 1.309529058148505953e+00 2.440596467049293283e-01 2.915666103363037109e+00
4.200000000000000000e+01 -5.036446700302392443e-03 2.875286001432405669e+02 1.254880486625853164e+00 2.543117839868890839e-01 2.713356494903564453e+00
4.300000000000000000e+01 -3.466426735805518394e-03 2.764333314495264631e+02 1.355120749507189082e+00 2.181668435914398685e-01 2.514995574951171875e+00
4.400000000000000000e+01 -4.205356728091875357e-03 2.808357527949224277e+02 1.376092409716608733e+00 2.145230491060711453e-01 3.100498437881469727e+00
4.500000000000000000e+01 -3.780739644424246579e-03 2.769475804016335019e+02 1.334223799542103794e+00 2.414331164618495063e-01 3.271003246307373047e+00
4.600000000000000000e+01 -3.284576604533623670e-03 2.740424446013340116e+02 1.337830048978281061e+00 2.248108777347123111e-01 3.288917541503906250e+00
4.700000000000000000e+01 -3.332685370412372377e-03 2.703258581996512930e+02 1.349158289443474601e+00 2.222501370492956096e-01 3.541318893432617188e+00
4.800000000000000000e+01 -3.389978015540719841e-03 2.689648445713689853e+02 1.344440217279250005e+00 2.221476758283309760e-01 3.266495227813720703e+00
4.900000000000000000e+01 -4.509127678523842941e-03 2.678509542245238890e+02 1.284672202531345730e+00 2.223585063837746068e-01 3.397669076919555664e+00
5.000000000000000000e+01 -4.160884938617975988e-03 2.617959328860458754e+02 1.348113605347712074e+00 2.058834772370655708e-01 3.079931020736694336e+00
5.100000000000000000e+01 -6.227031634467887142e-03 2.596238582651924389e+02 1.247491744403690817e+00 2.373249796161796821e-01 2.842625379562377930e+00
5.200000000000000000e+01 -4.207810309748307928e-03 2.566677870607498448e+02 1.337822184672535997e+00 2.132414023048860574e-01 3.522827148437500000e+00
5.300000000000000000e+01 -4.317187682060266013e-03 2.566853682809679640e+02 1.324283154635378157e+00 2.136716184002108165e-01 3.394571781158447266e+00
5.400000000000000000e+01 -4.767047535574334832e-03 2.530364066207655185e+02 1.323027289769339365e+00 2.131159559841290518e-01 3.041290521621704102e+00
5.500000000000000000e+01 -3.691482707412783570e-03 2.496311664190220085e+02 1.307583840058537561e+00 2.350155635171758128e-01 3.769330739974975586e+00
5.600000000000000000e+01 -4.985182545452650389e-03 2.454562255812777778e+02 1.255793032509140206e+00 2.056023737629908144e-01 4.153262376785278320e+00
5.700000000000000000e+01 -4.250178106310530980e-03 2.471560066793696819e+02 1.230777497361767114e+00 2.103393069969923257e-01 3.691727399826049805e+00
5.800000000000000000e+01 -3.029738683205795893e-03 2.438039067694594166e+02 1.323666704421770479e+00 1.989507198881718120e-01 3.854943275451660156e+00
5.900000000000000000e+01 -4.335381643999340097e-03 2.442615989727648014e+02 1.297093339708859761e+00 2.162535318113633087e-01 3.921762466430664062e+00
6.000000000000000000e+01 -4.695110736751040119e-03 2.412887953030897279e+02 1.246193862729160440e+00 2.274500938313198106e-01 4.078673362731933594e+00
6.100000000000000000e+01 -4.447067341639114428e-03 2.426175710078015584e+02 1.270414599800334665e+00 1.918637795829920278e-01 3.432961463928222656e+00
6.200000000000000000e+01 -4.764496618535983725e-03 2.403487291082505806e+02 1.273086888557950491e+00 2.469405172473007337e-01 3.595145702362060547e+00
6.300000000000000000e+01 -3.466408608073161084e-03 2.383085515824631102e+02 1.278976828921784437e+00 2.003417046458781381e-01 3.621679544448852539e+00
6.400000000000000000e+01 -4.236143561559978579e-03 2.331865021192637357e+02 1.322083471692203638e+00 1.958549324015821658e-01 3.582310676574707031e+00
6.500000000000000000e+01 -4.646489770151386416e-03 2.348232334058457411e+02 1.323697681481650346e+00 2.001683244795549599e-01 3.684917688369750977e+00
6.600000000000000000e+01 -3.953112579403151271e-03 2.325115273302199341e+02 1.285796676732423593e+00 1.962451158092911874e-01 4.254302978515625000e+00
6.700000000000000000e+01 -3.531708239902733686e-03 2.340371635643218724e+02 1.228602556211500163e+00 2.050799378874251788e-01 3.483065128326416016e+00
6.800000000000000000e+01 -3.501314315013536686e-03 2.315838813088075767e+02 1.267119108297693586e+00 1.962069936218291122e-01 4.488781929016113281e+00
6.900000000000000000e+01 -3.016667685938107316e-03 2.283546529856909899e+02 1.311829376615965215e+00 2.002147837151347642e-01 3.382199525833129883e+00
7.000000000000000000e+01 -4.455244548160187078e-03 2.262698560636882519e+02 1.240084006846997600e+00 2.014746251951560208e-01 3.841006517410278320e+00
7.100000000000000000e+01 -3.399524037148397761e-03 2.218358276403229752e+02 1.280750009741002504e+00 1.842463035519040226e-01 4.267554759979248047e+00
7.200000000000000000e+01 -3.481908113891804980e-03 2.204913299153497803e+02 1.226216319129966648e+00 1.966931550050297628e-01 3.654610872268676758e+00
7.300000000000000000e+01 -3.600106719331017547e-03 2.232326506098306709e+02 1.252096023825755466e+00 2.016508681110013024e-01 3.446674585342407227e+00
7.400000000000000000e+01 -4.028943440973394192e-03 2.236419801387411042e+02 1.187811386839682237e+00 1.979665450299077645e-01 4.022644758224487305e+00
7.500000000000000000e+01 -3.027580957901152264e-03 2.171058805682471018e+02 1.274786308766025611e+00 1.884533120128939754e-01 3.435038089752197266e+00
7.600000000000000000e+01 -3.257327663545674535e-03 2.186644653145093002e+02 1.238601536844681661e+00 1.744973854492853360e-01 4.104245662689208984e+00
7.700000000000000000e+01 -3.323756657088966764e-03 2.146226431258976675e+02 1.226029890780072629e+00 1.946208768397273137e-01 3.959035158157348633e+00
7.800000000000000000e+01 -4.029600621153225579e-03 2.164303388135971034e+02 1.278439376479409750e+00 1.812268949323538325e-01 3.736822366714477539e+00
7.900000000000000000e+01 -3.673859858097785341e-03 2.172325218640177127e+02 1.257884313685416977e+00 1.970123607683461064e-01 4.199886083602905273e+00
8.000000000000000000e+01 -3.506547262062028811e-03 2.120900954748736638e+02 1.248603632917259620e+00 1.948997237993846665e-01 4.317782163619995117e+00
8.100000000000000000e+01 -3.814648109620514399e-03 2.141244655767010556e+02 1.213815039679445595e+00 2.040815953768042035e-01 4.398875713348388672e+00
8.200000000000000000e+01 -3.930244766646951056e-03 2.126096828942347088e+02 1.213948972771815127e+00 1.906949156881289631e-01 4.236512660980224609e+00
8.300000000000000000e+01 -3.383558943161708507e-03 2.097885783037328906e+02 1.193680052666931335e+00 1.899863307201010154e-01 3.870263338088989258e+00
8.400000000000000000e+01 -3.608036642245245496e-03 2.080468718087014111e+02 1.212060629060323302e+00 1.806496885625741566e-01 4.660983562469482422e+00
8.500000000000000000e+01 -3.591110416152770018e-03 2.057381645206083647e+02 1.276521842225343928e+00 1.716415085191258239e-01 4.607930183410644531e+00
8.600000000000000000e+01 -3.703760968193841457e-03 2.082357870847695551e+02 1.149913223447051713e+00 1.944951811722243906e-01 4.839579343795776367e+00
8.700000000000000000e+01 -3.521164241437097116e-03 2.052299382229809339e+02 1.230461616659306978e+00 1.779841133099598627e-01 4.824332237243652344e+00
8.800000000000000000e+01 -4.373673371308854120e-03 2.063947163871266071e+02 1.233383247915813996e+00 1.954434308695884859e-01 4.284600257873535156e+00
8.900000000000000000e+01 -3.124039624625468865e-03 2.009148694620168669e+02 1.205751392414975198e+00 1.819646775871653077e-01 4.669642448425292969e+00
9.000000000000000000e+01 -2.534131888849301684e-03 2.045598852974625004e+02 1.164629767158146256e+00 1.825852452377073887e-01 5.342831611633300781e+00
9.100000000000000000e+01 -3.005055731104044458e-03 2.000701864986699263e+02 1.154405080720492638e+00 1.818936512657268467e-01 5.397620201110839844e+00
9.200000000000000000e+01 -3.110037516467172372e-03 1.998748279051757208e+02 1.219781810242509756e+00 1.795264698329618602e-01 4.603189706802368164e+00
9.300000000000000000e+01 -3.320654490826138987e-03 1.991052806401875159e+02 1.151074946618199757e+00 2.046425364477667541e-01 4.207993507385253906e+00
9.400000000000000000e+01 -2.875149594997945899e-03 2.010167175203446277e+02 1.205060166844740710e+00 1.657810867669370358e-01 4.959856748580932617e+00
9.500000000000000000e+01 -2.626689355783269793e-03 2.000983281377265541e+02 1.192623480083534249e+00 1.815222873179132002e-01 4.383356809616088867e+00
9.600000000000000000e+01 -3.394580934976397426e-03 1.985744065829816236e+02 1.155661015347081433e+00 1.880016545302572450e-01 4.840895414352416992e+00
9.700000000000000000e+01 -3.095294878262067409e-03 1.966789487593755155e+02 1.234557681251286843e+00 1.803070990251920136e-01 4.796999454498291016e+00
9.800000000000000000e+01 -3.467749320912398656e-03 1.978319333032065117e+02 1.131403042579481433e+00 1.908100570054382383e-01 5.075750350952148438e+00
9.900000000000000000e+01 -2.558142976062894366e-03 1.964975054476799698e+02 1.204313231554393848e+00 1.816516280078778467e-01 4.919856309890747070e+00
