2.000000000000000000e+00 -2.280940046395593277e-04 2.582811576544374361e+02 1.334088694420154875e+00 2.752901769313738645e-01 1.137778759002685547e+00
3.000000000000000000e+00 -1.497098202962827409e-03 2.008377541410249023e+02 2.039305801641633664e+00 2.524337183563737375e-01 7.459998130798339844e-01
4.000000000000000000e+00 -6.182640280694535421e-04 1.570336659724610229e+02 2.041472988383862486e+00 2.679138026882727508e-01 1.092693090438842773e+00
5.000000000000000000e+00 2.218007422820563747e-04 1.331430814873887982e+02 2.039604045559682444e+00 2.787487336087028922e-01 1.150603532791137695e+00
6.000000000000000000e+00 2.091924931166221058e-04 1.115873394068817390e+02 2.298530131496902218e+00 1.975409060576892306e-01 9.877238273620605469e-01
7.000000000000000000e+00 5.916196929607901375e-04 1.035695330798028522e+02 2.139046904326665555e+00 2.118341865762629062e-01 1.049684286117553711e+00
8.000000000000000000e+00 2.859780403887669754e-04 9.251483478868836130e+01 2.125906253354620912e+00 2.012332659884150110e-01 1.176027059555053711e+00
9.000000000000000000e+00 3.080982382979031422e-04 8.453988423900534599e+01 2.389487407811035080e+00 1.141495829559011632e-01 1.195301294326782227e+00
1.000000000000000000e+01 2.281998257834534193e-04 8.006064348195265268e+01 2.262533302456052553e+00 1.154992201781539357e-01 1.066803932189941406e+00
1.100000000000000000e+01 2.070527067372903763e-04 7.466401449346298591e+01 2.169085266584338090e+00 1.114605108941490591e-01 1.172079801559448242e+00
1.200000000000000000e+01 1.930342805379498808e-04 6.952190696288194260e+01 2.687360586038527455e+00 1.136288243273075454e-01 1.247442483901977539e+00
1.300000000000000000e+01 3.004603506436397814e-04 6.575025347877856063e+01 2.706015396165277309e+00 1.116490653370576791e-01 1.374884128570556641e+00
1.400000000000000000e+01 1.871546647424929613e-04 6.155613611235080640e+01 2.344263542896652730e+00 1.121994697445304473e-01 1.041687488555908203e+00
1.500000000000000000e+01 2.110322281199565131e-04 5.871760504564507244e+01 2.634820273693601500e+00 1.165770986998655862e-01 1.224117994308471680e+00
1.600000000000000000e+01 1.626307708626333623e-04 5.580122594736756270e+01 2.553189304408591376e+00 1.088909352202034331e-01 8.814907073974609375e-01
1.700000000000000000e+01 1.807991089479133416e-04 5.180222874311707670e+01 2.654510675044683410e+00 1.083986406404691683e-01 1.177847146987915039e+00
1.800000000000000000e+01 2.003040602997999825e-04 5.048218317457099857e+01 2.828668283468404709e+00 9.394340841276895004e-02 1.110347986221313477e+00
1.900000000000000000e+01 1.005721968496111680e-04 4.838547851796477062e+01 2.333701536721331848e+00 1.071855486370454219e-01 9.887943267822265625e-01
2.000000000000000000e+01 1.513107285609775656e-04 4.637077138131407139e+01 2.635051821411571460e+00 1.223541092613117526e-01 1.053904294967651367e+00
2.100000000000000000e+01 1.599722519900809614e-04 4.455468895736966317e+01 2.679811271694955366e+00 8.646830440162465992e-02 1.055184841156005859e+00
2.200000000000000000e+01 5.354153117866228826e-05 4.292539011636161206e+01 2.513389208406502817e+00 1.167746029067668889e-01 1.072453498840332031e+00
2.300000000000000000e+01 2.783570498988251551e-05 4.137495850874523029e+01 2.475731858990249723e+00 1.113250147977108417e-01 1.006833553314208984e+00
2.400000000000000000e+01 2.091045033616680302e-05 4.004595524173871013e+01 2.446715781888151309e+00 1.104958324488348326e-01 1.168779611587524414e+00
2.500000000000000000e+01 1.431530132877816312e-04 3.872363793216823069e+01 2.624927800431700042e+00 9.868113350497918768e-02 1.151646614074707031e+00
2.600000000000000000e+01 8.572068151905085532e-05 3.786715627192047862e+01 2.672612203962136945e+00 9.747233617688488838e-02 1.031002759933471680e+00
2.700000000000000000e+01 9.714554722025201428e-05 3.675558857894863252e+01 2.588354145285012287e+00 9.052499318970635978e-02 1.010975360870361328e+00
2.800000000000000000e+01 3.583620572419845310e-05 3.625168576608834314e+01 2.327734098209597757e+00 1.123942696692404319e-01 9.855468273162841797e-01
2.900000000000000000e+01 3.787552132643858753e-05 3.447972061860849635e+01 2.651059503926202598e+00 9.033412934699396046e-02 1.032938003540039062e+00
3.000000000000000000e+01 -4.148573431851612945e-05 3.364736217368781013e+01 2.403834581082634259e+00 1.104399611315929480e-01 1.022064208984375000e+00
3.100000000000000000e+01 4.855575794162853909e-05 3.301815759307763187e+01 2.515179931417258707e+00 8.684073794813249036e-02 1.172740697860717773e+00
3.200000000000000000e+01 4.984002839627486452e-05 3.208362252880849752e+01 2.530562210165383519e+00 9.046426111023053718e-02 1.121658325195312500e+00
3.300000000000000000e+01 -5.518784526360656363e-05 3.144632501667584634e+01 2.308657470229360964e+00 1.064580010824097700e-01 1.145242214202880859e+00
3.400000000000000000e+01 3.552282749585183912e-05 3.073754775273868489e+01 2.488597212851911600e+00 8.305244603740999376e-02 1.116326093673706055e+00
3.500000000000000000e+01 -6.687091184898682236e-05 3.012867583904905899e+01 2.289610640068729275e+00 1.031205412168320346e-01 1.074383497238159180e+00
3.600000000000000000e+01 -7.550151374540222521e-05 2.947921626808110673e+01 2.276519775832917869e+00 1.034372081747271382e-01 9.596192836761474609e-01
3.700000000000000000e+01 7.284607654148936046e-05 2.888921439406491842e+01 2.613316123911337829e+00 7.400943718842538377e-02 1.042165994644165039e+00
3.800000000000000000e+01 1.026869640793050888e-04 2.820266505751851582e+01 2.388631424340486920e+00 8.800388249340775071e-02 1.208005666732788086e+00
3.900000000000000000e+01 1.904071165389704040e-05 2.726842110288181686e+01 2.455724301068776150e+00 7.806581100290467534e-02 1.216383218765258789e+00
4.000000000000000000e+01 2.314817611435114608e-05 2.742446793581487086e+01 2.514207275094241911e+00 7.760122477222028414e-02 1.109821557998657227e+00
4.100000000000000000e+01 -4.470594436527282328e-05 2.666157989256250715e+01 2.218365629131383354e+00 1.015048293434067245e-01 1.170429229736328125e+00
4.200000000000000000e+01 4.187958026052310598e-05 2.623284141947607395e+01 2.392585791212810786e+00 8.793641317117942280e-02 1.287412405014038086e+00
4.300000000000000000e+01 -2.802982269337012266e-05 2.574029681836965011e+01 2.517055588356922335e+00 6.964364446986640034e-02 1.137283325195312500e+00
4.400000000000000000e+01 -7.338349513506203195e-05 2.536226130006584967e+01 2.261015224713625482e+00 9.678136957043366462e-02 1.566722393035888672e+00
4.500000000000000000e+01 -9.290959814561128944e-05 2.506763671867339838e+01 2.283483088711709907e+00 9.801037286554872829e-02 1.252143859863281250e+00
4.600000000000000000e+01 -8.251425081333111256e-05 2.470841532334538471e+01 2.316562193794148516e+00 9.434402558699891972e-02 1.034201622009277344e+00
4.700000000000000000e+01 1.258238836265506642e-05 2.408409123328803503e+01 2.414871813200531570e+00 6.946168565762601832e-02 1.069983959197998047e+00
4.800000000000000000e+01 -6.596309929675802286e-05 2.380605539047854080e+01 2.174186311714499720e+00 7.331915251740629691e-02 1.118753671646118164e+00
4.900000000000000000e+01 -2.568859585611504549e-07 2.341225969480775504e+01 2.284753004590418080e+00 8.000104937578673969e-02 1.261745452880859375e+00
5.000000000000000000e+01 -3.587332667305255475e-05 2.304725440402669534e+01 2.295982291657872931e+00 7.210029801918955983e-02 1.256530523300170898e+00
5.100000000000000000e+01 -3.746964356284102218e-05 2.267704925073824640e+01 2.249259934159373753e+00 8.812789743142217247e-02 1.214923858642578125e+00
5.200000000000000000e+01 -1.981177894629709284e-05 2.246854398738083347e+01 2.206271330158891875e+00 8.583932198599338037e-02 1.218995332717895508e+00
5.300000000000000000e+01 5.527122180073158975e-05 2.216982295409508552e+01 2.362145463445349147e+00 6.158786846770703677e-02 1.240778207778930664e+00
5.400000000000000000e+01 -3.653057931366252920e-05 2.202843067622722018e+01 2.144422263916992755e+00 7.441436953175163682e-02 1.283782958984375000e+00
5.500000000000000000e+01 3.047939089406088487e-05 2.160615142202717820e+01 2.188391693320417719e+00 6.520740590200198306e-02 1.088085174560546875e+00
5.600000000000000000e+01 -2.788067958438466412e-05 2.145377299018205264e+01 2.227801769017427880e+00 6.552532283939757618e-02 1.038394451141357422e+00
5.700000000000000000e+01 1.570433217087872823e-05 2.120476994384936376e+01 2.115367742800374540e+00 8.279722069916085891e-02 1.294817447662353516e+00
5.800000000000000000e+01 5.830873838604409372e-06 2.108614937264764677e+01 2.215447147989178411e+00 6.464505973561920915e-02 1.198797464370727539e+00
5.900000000000000000e+01 7.364092244849309860e-05 2.051940203125259643e+01 2.219550576281748899e+00 6.147975684655783424e-02 1.309677362442016602e+00
6.000000000000000000e+01 3.111841788508645459e-05 2.055112616728016306e+01 2.118759131640506777e+00 6.567826927035813611e-02 1.149255752563476562e+00
6.100000000000000000e+01 -1.530340935284393866e-05 2.036378839841215083e+01 2.047486534012663117e+00 6.578000618068792493e-02 1.281018495559692383e+00
6.200000000000000000e+01 -5.909874971097814411e-06 2.006119548662177365e+01 2.027208796810845204e+00 6.502155782309559928e-02 1.240505456924438477e+00
6.300000000000000000e+01 -2.559611483547992141e-05 1.996079886897586775e+01 2.088994692329352976e+00 7.129016877327798429e-02 1.127789974212646484e+00
6.400000000000000000e+01 -2.931904161919945877e-05 1.955790797727392771e+01 2.096290596839677889e+00 6.422272173481241575e-02 1.543604373931884766e+00
6.500000000000000000e+01 -2.945529623121984005e-05 1.959874434818300770e+01 1.981156941692970186e+00 7.472915362580427601e-02 1.200827836990356445e+00
6.600000000000000000e+01 3.164426573721356930e-05 1.927885037198900875e+01 1.780368997672426845e+00 7.774545898151506707e-02 1.320315599441528320e+00
6.700000000000000000e+01 -5.986874898626142438e-06 1.908015986764720395e+01 1.930358693774903101e+00 6.303868980475949013e-02 1.097333669662475586e+00
6.800000000000000000e+01 -6.602949496228560893e-05 1.892355201500720341e+01 1.849438050911173859e+00 6.252532140820730999e-02 1.424908161163330078e+00
6.900000000000000000e+01 -1.622424666948981905e-05 1.866357989989769450e+01 1.890534274563525186e+00 7.274987472873038763e-02 1.388440608978271484e+00
7.000000000000000000e+01 -1.257850207875469117e-05 1.860270508290560088e+01 1.828121056615942708e+00 7.063453396426813691e-02 1.319753646850585938e+00
7.100000000000000000e+01 1.112125431178494427e-05 1.832601520549322061e+01 1.915774891790922752e+00 6.953060361877003159e-02 1.294182538986206055e+00
7.200000000000000000e+01 -3.382402601123626933e-05 1.822646836088377853e+01 1.870369566413526918e+00 7.089740183499421144e-02 1.150623559951782227e+00
7.300000000000000000e+01 5.747077121359196766e-05 1.803233520321014893e+01 1.842959920472179158e+00 6.815998104692734538e-02 1.278782844543457031e+00
7.400000000000000000e+01 -3.731572405293236773e-05 1.780154304973306267e+01 1.835192081117178686e+00 6.451028252858059808e-02 1.394846200942993164e+00
7.500000000000000000e+01 -4.176818273745234409e-05 1.778080940065437332e+01 1.700390570716793670e+00 7.552295591572068256e-02 1.484525442123413086e+00
7.600000000000000000e+01 -1.437166847150527512e-05 1.793208455451677708e+01 1.690162862931729792e+00 7.042826692594171545e-02 1.380649805068969727e+00
7.700000000000000000e+01 -1.347885260577857463e-05 1.765833471358825690e+01 1.754676557907034251e+00 6.450949870932115582e-02 1.401993036270141602e+00
7.800000000000000000e+01 1.315852290458301316e-05 1.740211446438997811e+01 1.818410929556044886e+00 6.459644512994482113e-02 1.714198827743530273e+00
7.900000000000000000e+01 -1.935812486698067314e-06 1.704991638855624458e+01 1.773291013505992497e+00 5.545207666516939471e-02 1.269972801208496094e+00
8.000000000000000000e+01 -2.545299582796585079e-05 1.716440649348465897e+01 1.839535260320744214e+00 6.224409599308931146e-02 1.290386199951171875e+00
8.100000000000000000e+01 9.534939389473371583e-06 1.703751674119636661e+01 1.736866970230904972e+00 6.584304847588927367e-02 1.396122217178344727e+00
8.200000000000000000e+01 -2.697441636925234214e-05 1.683688195448700498e+01 1.663964511897153553e+00 6.584998672252317942e-02 1.435992240905761719e+00
8.300000000000000000e+01 3.840916526077592071e-05 1.672695537739940619e+01 1.737367191570607927e+00 6.328439360209135722e-02 1.401095628738403320e+00
8.400000000000000000e+01 -9.904481256040041342e-06 1.660880242578305044e+01 1.688751889822156071e+00 6.713566986613017651e-02 1.472714662551879883e+00
8.500000000000000000e+01 -2.282926568705220417e-05 1.655888587719547900e+01 1.718108298296611380e+00 6.153542333483405513e-02 1.329318046569824219e+00
8.600000000000000000e+01 -1.235619708745025697e-05 1.628734489000660091e+01 1.620519942270056246e+00 5.161015337668946323e-02 1.366646766662597656e+00
8.700000000000000000e+01 1.032517894182454549e-05 1.634933980333391190e+01 1.601733180281108782e+00 6.536314611284689546e-02 1.378734588623046875e+00
8.800000000000000000e+01 1.149437633370968658e-06 1.612110375652856220e+01 1.617044575408008278e+00 5.655343050065546329e-02 1.627743721008300781e+00
8.900000000000000000e+01 -5.235660913431265656e-05 1.622043517154174452e+01 1.634834225164667254e+00 5.961149031226748579e-02 1.528685569763183594e+00
9.000000000000000000e+01 -4.439448891108226894e-06 1.621626716409829427e+01 1.533470172548147215e+00 5.826292814945060322e-02 1.297890424728393555e+00
9.100000000000000000e+01 1.918284540307951693e-06 1.589281240971131481e+01 1.702247587982270716e+00 4.921604327260597350e-02 1.275249719619750977e+00
9.200000000000000000e+01 7.875868710741091625e-06 1.587491089378712417e+01 1.623303335436455219e+00 5.848027717112163487e-02 1.339513778686523438e+00
9.300000000000000000e+01 -3.697150390806580957e-05 1.579313017926714124e+01 1.511705897366775408e+00 6.105738433937775433e-02 1.468875408172607422e+00
9.400000000000000000e+01 -3.946919280883757157e-05 1.569211207725674662e+01 1.611580979668266744e+00 5.798474239492636823e-02 1.264877080917358398e+00
9.500000000000000000e+01 8.026054456405421386e-06 1.559424235214413734e+01 1.553101407886158913e+00 4.999250942826883454e-02 1.367983102798461914e+00
9.600000000000000000e+01 -1.877566322618368617e-06 1.547728721459245627e+01 1.553316584362618658e+00 5.827381148697891033e-02 1.434992790222167969e+00
9.700000000000000000e+01 -7.924963081618504040e-06 1.554853566799987696e+01 1.526441983377312406e+00 5.479257760157623530e-02 1.131736278533935547e+00
9.800000000000000000e+01 1.547816517016589136e-05 1.540046718125433323e+01 1.477275804076078725e+00 5.766576090812736144e-02 1.556092739105224609e+00
9.900000000000000000e+01 -2.925512678132822306e-07 1.513769512034360432e+01 1.507935249590862448e+00 5.478785769276091344e-02 1.567038297653198242e+00
