2.000000000000000000e+00 4.435125801440573459e-03 4.153542440927880364e+01 2.507601759981229694e+00 1.282943927418941643e-01 6.428201198577880859e-01
3.000000000000000000e+00 8.766933039293723414e-04 3.640585654627795975e+01 2.255013155319931517e+00 1.202882840790384517e-01 7.096390724182128906e-01
4.000000000000000000e+00 2.285180195522631009e-03 3.225927417596984981e+01 2.315293766138503351e+00 1.115821314146191873e-01 6.328561305999755859e-01
5.000000000000000000e+00 2.037120063448831595e-03 2.915858910958387895e+01 2.150754465137119542e+00 1.220929843525646458e-01 7.064464092254638672e-01
6.000000000000000000e+00 2.333434244301557832e-03 2.584036692968105697e+01 2.260455725856504561e+00 1.024815624279390991e-01 7.074272632598876953e-01
7.000000000000000000e+00 1.765428227508055673e-03 2.448463810200811963e+01 2.258104742508818763e+00 1.036400650381748278e-01 5.978066921234130859e-01
8.000000000000000000e+00 2.058503199644195862e-03 2.270085417296605712e+01 2.114905367592829322e+00 1.012231662248432446e-01 6.243176460266113281e-01
9.000000000000000000e+00 8.023534229684660315e-04 2.063423483032567773e+01 2.313580252090995160e+00 1.000492871861884125e-01 6.237306594848632812e-01
1.000000000000000000e+01 9.255800957106881388e-04 2.002503004380143281e+01 2.185700151522583123e+00 1.010512233869620136e-01 6.185371875762939453e-01
1.100000000000000000e+01 9.021990881561921033e-04 1.908459485134643430e+01 2.143718588372244938e+00 1.056073801501195703e-01 7.003648281097412109e-01
1.200000000000000000e+01 1.095395426523567209e-03 1.826691072199966115e+01 2.186303291292442275e+00 1.008575451090286540e-01 6.490836143493652344e-01
1.300000000000000000e+01 7.288390291775281296e-04 1.750409964424238751e+01 1.958563501236627591e+00 1.081682369322033849e-01 6.476204395294189453e-01
1.400000000000000000e+01 1.014127583335499997e-03 1.659461561434182642e+01 2.166548765748184113e+00 9.499662414994292092e-02 6.156017780303955078e-01
1.500000000000000000e+01 1.099433843140260872e-03 1.573540187951611813e+01 2.094982171551796668e+00 9.291568417534097624e-02 6.523425579071044922e-01
1.600000000000000000e+01 1.093791102574648635e-03 1.530698206586370524e+01 2.101356165965798439e+00 9.428099723937884147e-02 5.694243907928466797e-01
1.700000000000000000e+01 6.661175200711423258e-04 1.454909779999347386e+01 2.047725014047407033e+00 9.819072893328009699e-02 5.836026668548583984e-01
1.800000000000000000e+01 1.099323264316803828e-03 1.409765510651642906e+01 2.076521894409802282e+00 9.261068552088080885e-02 6.511466503143310547e-01
1.900000000000000000e+01 5.561331918479613416e-04 1.389021560291262247e+01 2.062168996006776833e+00 9.744086400857132624e-02 6.109952926635742188e-01
2.000000000000000000e+01 8.296222298497112242e-04 1.340409559920699678e+01 2.021830404680371451e+00 9.700833504609075730e-02 6.115622520446777344e-01
2.100000000000000000e+01 3.082396658159798522e-04 1.315818057775275385e+01 2.066975080279478405e+00 1.005408629804230985e-01 6.170475482940673828e-01
2.200000000000000000e+01 5.759886138971296796e-04 1.270068948098072248e+01 2.074257432421937608e+00 9.588297856643422656e-02 6.505951881408691406e-01
2.300000000000000000e+01 4.565460489990843607e-04 1.213311796365376161e+01 2.094673499496379154e+00 9.103047626103813461e-02 7.190840244293212891e-01
2.400000000000000000e+01 4.802194134678751088e-04 1.220417487137487811e+01 1.988110013068999704e+00 1.009712322603917023e-01 6.976761817932128906e-01
2.500000000000000000e+01 3.745334898975103354e-04 1.214971359968622089e+01 1.955258123523907710e+00 1.004324388193320317e-01 7.232875823974609375e-01
2.600000000000000000e+01 4.943167976078332573e-04 1.148497673774898153e+01 1.994015213907318174e+00 9.515958894112341859e-02 7.536213397979736328e-01
2.700000000000000000e+01 3.321927084505224017e-04 1.157415873584315236e+01 1.977003132004891972e+00 1.015724606870734986e-01 7.265727519989013672e-01
2.800000000000000000e+01 2.240531337972970173e-04 1.131186525710023894e+01 1.877931084989082677e+00 1.052918596340659541e-01 8.087451457977294922e-01
2.900000000000000000e+01 1.988193865088166870e-04 1.087211270196119628e+01 1.913840717669015534e+00 1.083224408228912056e-01 7.660038471221923828e-01
3.000000000000000000e+01 5.955744381090499881e-04 1.099524437597595927e+01 1.932755046396736454e+00 1.058993963291888080e-01 6.927871704101562500e-01
3.100000000000000000e+01 1.700048915720403649e-04 1.093545003888932321e+01 1.883756906749458393e+00 1.153605658151049818e-01 7.165181636810302734e-01
3.200000000000000000e+01 3.372473772165541540e-04 1.060126564015797790e+01 1.840728854697391448e+00 1.057269404636733412e-01 6.728327274322509766e-01
3.300000000000000000e+01 1.447851736862902346e-04 1.016088310597040234e+01 1.761758422634153831e+00 1.114629288897882875e-01 6.583752632141113281e-01
3.400000000000000000e+01 4.632345208447832406e-04 1.006945265194463701e+01 1.828571208215987509e+00 1.041038003833060499e-01 6.853353977203369141e-01
3.500000000000000000e+01 1.395946530264855531e-04 1.009204985307563973e+01 1.848321440193544163e+00 1.117694327009911975e-01 8.046472072601318359e-01
3.600000000000000000e+01 9.368506900344566611e-05 1.018572789172455728e+01 1.768635737203847702e+00 1.262153850275783140e-01 6.924076080322265625e-01
3.700000000000000000e+01 -2.457230132589153672e-05 9.854207978745737506e+00 1.780773214665760884e+00 1.204257395608854669e-01 6.874287128448486328e-01
3.800000000000000000e+01 3.024584831794492200e-04 9.593184638332841629e+00 1.786178886750481309e+00 1.027284346426807077e-01 6.584167480468750000e-01
3.900000000000000000e+01 2.412914405646382693e-04 9.481334185827050121e+00 1.753277604184291460e+00 1.042105073274672139e-01 6.377007961273193359e-01
4.000000000000000000e+01 1.264418171242772358e-04 9.496560959063582885e+00 1.763256606360686707e+00 1.190401858383243888e-01 6.736223697662353516e-01
4.100000000000000000e+01 -4.321836472212339152e-05 9.526016720584099318e+00 1.642618325572486437e+00 1.326005059394766983e-01 7.601716518402099609e-01
4.200000000000000000e+01 8.009690104865462099e-05 9.181455890487882243e+00 1.775267657493544871e+00 1.110347906574766924e-01 7.945961952209472656e-01
4.300000000000000000e+01 9.783235596186916014e-05 9.243783018301815702e+00 1.663021381960337663e+00 1.291157534949666230e-01 7.790989875793457031e-01
4.400000000000000000e+01 1.802068838763384747e-06 9.101359215811767100e+00 1.593816562959313732e+00 1.293910103731009120e-01 8.267686367034912109e-01
4.500000000000000000e+01 3.420312561441604801e-04 8.958542100875689584e+00 1.622482198580977864e+00 1.167529309106904445e-01 7.944793701171875000e-01
4.600000000000000000e+01 1.262271639155481434e-05 9.030483824794318437e+00 1.640424669967458948e+00 1.258955352792983928e-01 7.756917476654052734e-01
4.700000000000000000e+01 1.617920515414302140e-05 8.986397539774273469e+00 1.634712447680431557e+00 1.317163202858940008e-01 7.004768848419189453e-01
4.800000000000000000e+01 1.888631780007218527e-04 8.900356652814965130e+00 1.629664592707651627e+00 1.261480871843089768e-01 8.283758163452148438e-01
4.900000000000000000e+01 1.836094044529745263e-04 8.888653418029811348e+00 1.591734604780633777e+00 1.431391600748172510e-01 8.041384220123291016e-01
5.000000000000000000e+01 2.185337632677242822e-04 8.630447492848615454e+00 1.558714042643656539e+00 1.279804626386707722e-01 8.576250076293945312e-01
5.100000000000000000e+01 2.162201073464643862e-04 8.531956595428363599e+00 1.569688150082750422e+00 1.259133735904821305e-01 8.105168342590332031e-01
5.200000000000000000e+01 1.877783515615589615e-04 8.551486389118888809e+00 1.552804863323256512e+00 1.394882627686793442e-01 8.969378471374511719e-01
5.300000000000000000e+01 1.759349068258524325e-04 8.462176996348688363e+00 1.521416766460309988e+00 1.389969155033848880e-01 9.189724922180175781e-01
5.400000000000000000e+01 8.984677314672670078e-05 8.608803865888621232e+00 1.548602230863394880e+00 1.434029102359881125e-01 9.570047855377197266e-01
5.500000000000000000e+01 1.585647133742746728e-04 8.598619568215481124e+00 1.522952887264205524e+00 1.415997434297908419e-01 8.312876224517822266e-01
5.600000000000000000e+01 1.518295401458533644e-04 8.428953352272211319e+00 1.532128992558831948e+00 1.367745807071533981e-01 7.427175045013427734e-01
5.700000000000000000e+01 1.691176376950463049e-04 8.379511732144575120e+00 1.459648534423093835e+00 1.449631405812308038e-01 8.077301979064941406e-01
5.800000000000000000e+01 2.056736451034585475e-04 8.365910643921280254e+00 1.452462254743008607e+00 1.486807215029320728e-01 8.397498130798339844e-01
5.900000000000000000e+01 1.017223114359149119e-04 8.192370000321821166e+00 1.456395426791632364e+00 1.414478429187665531e-01 8.699820041656494141e-01
6.000000000000000000e+01 1.219285598904727588e-04 8.293452133373264701e+00 1.483304291689515830e+00 1.524210059278087726e-01 9.789230823516845703e-01
6.100000000000000000e+01 -6.870632876893555379e-05 8.208334376911645691e+00 1.426814928602528454e+00 1.470590190771383643e-01 8.923196792602539062e-01
6.200000000000000000e+01 8.372535119259878083e-06 7.985972980705202673e+00 1.447349990665323993e+00 1.384144938365768629e-01 7.733929157257080078e-01
6.300000000000000000e+01 4.984215844773855344e-05 8.120481150502916634e+00 1.479803808702359058e+00 1.525988693085027492e-01 8.352026939392089844e-01
6.400000000000000000e+01 1.673773671550292462e-04 8.043893437744353392e+00 1.390208369227359686e+00 1.475816714814616737e-01 8.860783576965332031e-01
6.500000000000000000e+01 5.368154753678430058e-05 8.070662337990002655e+00 1.360906395821282810e+00 1.608762843953128185e-01 9.449763298034667969e-01
6.600000000000000000e+01 2.741681119295556049e-05 8.085899456220737136e+00 1.350438031324041610e+00 1.642388974000629498e-01 8.554356098175048828e-01
6.700000000000000000e+01 8.686060946915398311e-05 7.937833400182735311e+00 1.392449639302369757e+00 1.529188128641714994e-01 8.703880310058593750e-01
6.800000000000000000e+01 -3.646671876994668466e-05 7.870629589699605688e+00 1.327589951479032582e+00 1.591159881473229176e-01 9.078512191772460938e-01
6.900000000000000000e+01 4.968146506203660449e-05 7.945030255520540763e+00 1.329778679696310029e+00 1.654887162765811270e-01 9.617629051208496094e-01
7.000000000000000000e+01 4.844149821681278885e-05 7.944148424644187578e+00 1.323305968852150682e+00 1.589680441611897588e-01 9.512994289398193359e-01
7.100000000000000000e+01 -5.241140835882303757e-05 7.847854819679127125e+00 1.320236374610850083e+00 1.642593172684057024e-01 9.290504455566406250e-01
7.200000000000000000e+01 -3.860569514251948182e-05 7.829712755500819910e+00 1.275356888032773917e+00 1.565046282143351397e-01 9.396452903747558594e-01
7.300000000000000000e+01 8.584452137106302180e-05 7.899030870927211012e+00 1.283238716958216896e+00 1.511095810673544759e-01 9.585134983062744141e-01
7.400000000000000000e+01 4.243248769583286530e-05 7.899541147531790486e+00 1.266647893640192368e+00 1.666382381727448958e-01 9.624578952789306641e-01
7.500000000000000000e+01 2.558282214300552313e-05 7.844717493484815840e+00 1.266026560584995853e+00 1.728538824893678383e-01 9.017491340637207031e-01
7.600000000000000000e+01 6.995990749382373862e-05 7.620905228541298371e+00 1.275549716644614806e+00 1.548761817296678556e-01 8.726723194122314453e-01
7.700000000000000000e+01 5.975267039978623501e-05 7.619390810781498047e+00 1.262954553068601715e+00 1.538026238803656409e-01 9.670786857604980469e-01
7.800000000000000000e+01 4.953567825995448663e-05 7.686705727963140333e+00 1.245847375613984287e+00 1.656150668264481929e-01 9.752230644226074219e-01
7.900000000000000000e+01 5.753169123077350863e-05 7.681067014464145970e+00 1.233637562905615548e+00 1.700055756613564339e-01 9.226038455963134766e-01
8.000000000000000000e+01 -6.841768037342645440e-06 7.696060446629835461e+00 1.200678868835166169e+00 1.658887949904209735e-01 9.976985454559326172e-01
8.100000000000000000e+01 7.158254046932771922e-05 7.684252089060347402e+00 1.164175945503064025e+00 1.741636238223427391e-01 1.113679170608520508e+00
8.200000000000000000e+01 5.650405878774475253e-05 7.625924595477712842e+00 1.200143591274412280e+00 1.683220289746381604e-01 1.069297790527343750e+00
8.300000000000000000e+01 5.002863494807598397e-07 7.668547631615188820e+00 1.179733597953444901e+00 1.735640976922119272e-01 9.219365119934082031e-01
8.400000000000000000e+01 5.751191195462481792e-05 7.637082607608712159e+00 1.186044163996356815e+00 1.710685113619961895e-01 1.067287921905517578e+00
8.500000000000000000e+01 6.005157431944836081e-05 7.676243431115746141e+00 1.177093470721541024e+00 1.752261762741840201e-01 1.043275833129882812e+00
8.600000000000000000e+01 6.628441540827812004e-05 7.616283561002678226e+00 1.163129348430521182e+00 1.715214820328501144e-01 9.842870235443115234e-01
8.700000000000000000e+01 4.818832877600704318e-05 7.605758229320528585e+00 1.154377012461356156e+00 1.705138932738060886e-01 1.030592203140258789e+00
8.800000000000000000e+01 1.800040264121873038e-05 7.765358303038535581e+00 1.142568779992732653e+00 1.807710305938488859e-01 1.069571495056152344e+00
8.900000000000000000e+01 5.594115308752908177e-05 7.559839413800900410e+00 1.138771555421930648e+00 1.705459739796562346e-01 9.830276966094970703e-01
9.000000000000000000e+01 5.924357540392544320e-05 7.573278166887403628e+00 1.135523295723378512e+00 1.725468213779215443e-01 1.010078907012939453e+00
9.100000000000000000e+01 1.831663023838385235e-05 7.604087709901937053e+00 1.082753535353899732e+00 1.819886416520431205e-01 1.174718379974365234e+00
9.200000000000000000e+01 5.312551521311133386e-05 7.561215247723949595e+00 1.117614797647607849e+00 1.739086127015196936e-01 1.023072242736816406e+00
9.300000000000000000e+01 4.320203534554278770e-05 7.565579802989703673e+00 1.103337169473955770e+00 1.746117128968101839e-01 1.061297178268432617e+00
9.400000000000000000e+01 2.540247945630500249e-05 7.545761075558159447e+00 1.090711201181784551e+00 1.742821849660012024e-01 1.142292499542236328e+00
9.500000000000000000e+01 2.033032737227523379e-05 7.511185770603722389e+00 1.082763242933669545e+00 1.740099662367006750e-01 1.062503576278686523e+00
9.600000000000000000e+01 1.195119329827761003e-05 7.557719788526314986e+00 1.063477125443594629e+00 1.901315143749630898e-01 1.010746002197265625e+00
9.700000000000000000e+01 2.002080958158258730e-05 7.562665679668135077e+00 1.033341235942025982e+00 1.869291579497656397e-01 1.031878471374511719e+00
9.800000000000000000e+01 7.083893747368769696e-05 7.520082375740082981e+00 1.027613833744964067e+00 1.969014398152236223e-01 1.110144853591918945e+00
9.900000000000000000e+01 1.039795090991650820e-05 7.585209856706241816e+00 1.056244984076593729e+00 1.801687327928391535e-01 1.053855419158935547e+00
