2.000000000000000000e+00 1.144343910558211870e-03 2.698933967366411935e+01 2.441865634196980217e+00 1.338094714126450702e-01 3.407065868377685547e-01
3.000000000000000000e+00 5.589695560684716097e-03 2.695881554142908598e+01 2.063603528405544285e+00 1.384446929692168260e-01 3.662021160125732422e-01
4.000000000000000000e+00 4.576216757079597068e-03 2.456100786391649038e+01 2.031560176936328510e+00 1.335322409680952116e-01 3.857977390289306641e-01
5.000000000000000000e+00 5.649176516970030697e-03 2.177861273441553891e+01 2.117902694717728629e+00 1.276730337127630899e-01 4.276499748229980469e-01
6.000000000000000000e+00 6.108853549827458762e-03 1.912256922583272711e+01 2.152457774505955879e+00 1.104133513747097839e-01 3.054735660552978516e-01
7.000000000000000000e+00 6.087011453007068300e-03 1.791937442400027436e+01 1.982500135289367194e+00 1.269220680072276064e-01 3.009030818939208984e-01
8.000000000000000000e+00 4.041321509995676395e-03 1.728268358756013257e+01 2.082690010566853545e+00 1.256440294555003223e-01 3.718688488006591797e-01
9.000000000000000000e+00 5.072257330097206668e-03 1.594427481374673583e+01 1.879338780591560454e+00 1.322670479430701485e-01 3.532438278198242188e-01
1.000000000000000000e+01 4.559770950633870550e-03 1.529465526909860706e+01 1.984737385278484867e+00 1.278454727632823695e-01 3.321731090545654297e-01
1.100000000000000000e+01 3.377443741648073622e-03 1.455440489629498302e+01 1.916175053999298106e+00 1.251473822040328199e-01 3.649485111236572266e-01
1.200000000000000000e+01 3.239319820818959729e-03 1.454752804455799797e+01 1.825347415913314508e+00 1.398063451320834816e-01 4.684402942657470703e-01
1.300000000000000000e+01 1.534055170484798902e-03 1.417353370005247726e+01 1.879159400906998068e+00 1.446243462873481600e-01 4.306647777557373047e-01
1.400000000000000000e+01 1.618327556756431456e-03 1.360477008182686021e+01 1.862096059963656014e+00 1.442901550003786171e-01 4.193918704986572266e-01
1.500000000000000000e+01 1.950688966185803574e-03 1.316738194987033594e+01 1.839651045995633227e+00 1.374766770500676916e-01 3.745436668395996094e-01
1.600000000000000000e+01 2.495434066703855914e-03 1.282852538040865120e+01 1.792822477816522930e+00 1.451967578230109746e-01 3.552339076995849609e-01
1.700000000000000000e+01 2.525058647291318365e-03 1.260217015766330029e+01 1.727728512059498289e+00 1.474306507148112622e-01 3.980772495269775391e-01
1.800000000000000000e+01 2.416445471672045743e-03 1.199669992997580614e+01 1.746445116381408091e+00 1.417675877610866109e-01 4.044268131256103516e-01
1.900000000000000000e+01 2.100266047264718987e-03 1.174210637926069900e+01 1.772732745336099480e+00 1.399477613428501965e-01 4.371161460876464844e-01
2.000000000000000000e+01 9.027494913517924774e-04 1.180597338345879344e+01 1.632306774685129414e+00 1.463713560965863580e-01 5.040011405944824219e-01
2.100000000000000000e+01 1.381124375581774082e-03 1.155020794511942306e+01 1.617364120357492441e+00 1.447440207150999525e-01 4.608435630798339844e-01
2.200000000000000000e+01 1.634579195320440964e-03 1.091854469252103854e+01 1.620663065650459478e+00 1.347958063832906395e-01 4.002590179443359375e-01
2.300000000000000000e+01 2.339285258123765393e-03 1.111606973452398606e+01 1.613852099944641738e+00 1.403786552344806482e-01 3.714144229888916016e-01
2.400000000000000000e+01 1.475397282829460626e-03 1.076894518774839860e+01 1.589489978243007640e+00 1.390150025246743304e-01 4.082047939300537109e-01
2.500000000000000000e+01 1.314013728088781049e-03 1.119563024582503097e+01 1.495252761649332074e+00 1.638510361200095355e-01 3.710596561431884766e-01
2.600000000000000000e+01 1.777567884166095019e-03 1.050709380625927913e+01 1.511617118300971896e+00 1.497826827705084352e-01 4.650905132293701172e-01
2.700000000000000000e+01 1.776969982142469553e-03 1.014055098660504406e+01 1.544094957953096481e+00 1.427035650245799259e-01 3.704040050506591797e-01
2.800000000000000000e+01 7.850763286920883072e-04 1.040986836878851385e+01 1.508246564851256855e+00 1.535275036433696727e-01 4.484586715698242188e-01
2.900000000000000000e+01 1.023420209374378657e-03 1.021706928790851165e+01 1.506533005588639229e+00 1.526299382954881267e-01 4.606587886810302734e-01
3.000000000000000000e+01 4.772029811696626368e-04 9.929703887969431264e+00 1.436441369457629680e+00 1.436275953528686478e-01 4.237360954284667969e-01
3.100000000000000000e+01 8.792587864195627748e-04 1.021049553397375753e+01 1.364401747640336948e+00 1.593473660036487105e-01 5.441203117370605469e-01
3.200000000000000000e+01 4.306696705979534755e-04 9.814217014636854586e+00 1.446320544018690590e+00 1.500740412169886406e-01 5.216414928436279297e-01
3.300000000000000000e+01 8.556214968748420378e-04 1.008366914209408094e+01 1.379529329120592562e+00 1.558639472772002377e-01 4.680900573730468750e-01
3.400000000000000000e+01 4.399450030926317992e-04 9.664334186671814209e+00 1.374149622096714207e+00 1.528587055380887239e-01 4.351420402526855469e-01
3.500000000000000000e+01 4.888317954102480928e-04 9.298665930803101887e+00 1.378905425926253647e+00 1.455415013352223119e-01 4.555001258850097656e-01
3.600000000000000000e+01 5.520008421149812366e-04 9.486483343977333504e+00 1.326652737557505013e+00 1.511533979950626660e-01 4.930725097656250000e-01
3.700000000000000000e+01 3.150560311318316236e-04 9.608498950496882074e+00 1.412394715489616370e+00 1.506217182700652912e-01 5.430619716644287109e-01
3.800000000000000000e+01 1.033154674287687421e-03 9.299786982296327054e+00 1.351472142276618493e+00 1.585262982101586227e-01 5.070824623107910156e-01
3.900000000000000000e+01 5.793154882780459855e-04 8.992931388533513370e+00 1.300020031357803418e+00 1.587916273657122290e-01 4.621901512145996094e-01
4.000000000000000000e+01 4.167163464714352273e-04 8.945044183946681216e+00 1.243529562409773748e+00 1.486103515970829958e-01 4.461784362792968750e-01
4.100000000000000000e+01 5.832328023331335683e-04 8.907226253044413511e+00 1.232705706604504625e+00 1.512850066346049516e-01 4.671738147735595703e-01
4.200000000000000000e+01 4.986424916600664878e-04 8.957990183028217146e+00 1.302682595137369947e+00 1.599205735185703081e-01 4.752781391143798828e-01
4.300000000000000000e+01 6.115974229043249144e-04 8.825431957343710110e+00 1.264142429288840352e+00 1.492653489065914607e-01 5.416901111602783203e-01
4.400000000000000000e+01 3.761581558688095305e-04 8.896033508600293516e+00 1.241870673468142616e+00 1.518926228645536280e-01 5.480396747589111328e-01
4.500000000000000000e+01 5.602098508582429009e-04 8.768959470894312602e+00 1.237042503011593908e+00 1.462279978811855397e-01 5.585830211639404297e-01
4.600000000000000000e+01 5.814184467855023622e-04 8.790145698659022955e+00 1.175786428917546811e+00 1.509304395687961764e-01 4.544582366943359375e-01
4.700000000000000000e+01 5.531296036320373357e-04 8.611381514453682939e+00 1.198065134354070471e+00 1.547294938332151593e-01 5.331614017486572266e-01
4.800000000000000000e+01 4.996737009543170084e-04 8.644634863617168818e+00 1.128837910002354450e+00 1.581439323012906184e-01 6.153349876403808594e-01
4.900000000000000000e+01 4.651912177430895623e-04 8.779854777472266392e+00 1.091779209354730051e+00 1.669363779781148638e-01 5.478975772857666016e-01
5.000000000000000000e+01 3.618374458408251402e-04 8.560305165436677299e+00 1.140260158223895370e+00 1.541172762316126710e-01 5.434865951538085938e-01
5.100000000000000000e+01 4.850046564498671550e-04 8.716868259086721693e+00 1.059347783473253202e+00 1.626533426222539769e-01 4.909737110137939453e-01
5.200000000000000000e+01 7.384613074553702345e-04 8.531873410518763023e+00 1.106745200575042887e+00 1.627360547646866940e-01 5.068302154541015625e-01
5.300000000000000000e+01 3.930297492844243086e-04 8.693945796719772190e+00 1.088029230570053185e+00 1.660289005745488322e-01 5.002121925354003906e-01
5.400000000000000000e+01 1.403499712462341620e-04 8.781568360823191810e+00 1.036584655092809948e+00 1.732204285471023730e-01 5.363094806671142578e-01
5.500000000000000000e+01 -3.557864223178992233e-05 8.390052204316134521e+00 1.054606457298528754e+00 1.566466796440209863e-01 5.986955165863037109e-01
5.600000000000000000e+01 3.238339756370326849e-04 8.616993562748715973e+00 1.078944510035887205e+00 1.655922284485831231e-01 6.657149791717529297e-01
5.700000000000000000e+01 9.508217944115783722e-05 8.349746278503388908e+00 9.774811804653666947e-01 1.610716218289035551e-01 5.749433040618896484e-01
5.800000000000000000e+01 4.092760434433747549e-05 8.306070814542918512e+00 9.849728893364468885e-01 1.585776204622913743e-01 5.284903049468994141e-01
5.900000000000000000e+01 1.898335400105838127e-04 8.334056415559082609e+00 9.931054924234676839e-01 1.607994095432285220e-01 6.007456779479980469e-01
6.000000000000000000e+01 -2.058622062577958382e-05 8.407096136267210085e+00 1.030879939909243870e+00 1.537833673357090203e-01 6.255774497985839844e-01
6.100000000000000000e+01 1.891470644897289834e-04 8.466581467192723309e+00 9.619430006288868240e-01 1.700621475602091537e-01 6.770074367523193359e-01
6.200000000000000000e+01 -4.572113552048520434e-06 8.237584262820449865e+00 9.768159824470111774e-01 1.565557308449506968e-01 6.482694149017333984e-01
6.300000000000000000e+01 -2.094293891454293306e-05 8.613823139425862863e+00 9.220680923803759033e-01 1.731163546515450680e-01 5.857603549957275391e-01
6.400000000000000000e+01 3.401032572871910296e-04 8.477430937483411810e+00 9.820544393464955002e-01 1.597545777491794217e-01 6.533529758453369141e-01
6.500000000000000000e+01 2.140886069658113526e-04 8.333568507242393508e+00 9.779277038014974055e-01 1.650566152958709565e-01 5.781328678131103516e-01
6.600000000000000000e+01 1.002662064563825670e-04 8.417574501999789405e+00 8.937252857510450399e-01 1.659597005694497251e-01 6.320052146911621094e-01
6.700000000000000000e+01 1.431637720920999962e-04 8.542497768374273548e+00 9.064321074149966906e-01 1.634226640285382781e-01 7.001793384552001953e-01
6.800000000000000000e+01 1.459015103384386781e-05 8.393583844888098611e+00 9.525561779902433912e-01 1.622546358794681454e-01 6.345314979553222656e-01
6.900000000000000000e+01 2.149458612169149443e-04 8.323667022029951568e+00 8.983471013736020749e-01 1.624915284446840080e-01 7.000746726989746094e-01
7.000000000000000000e+01 1.521377342854178439e-06 8.022483731314094868e+00 9.320101133473969179e-01 1.495147288493251791e-01 6.398229598999023438e-01
7.100000000000000000e+01 2.336966197437198372e-04 8.346118429806891115e+00 8.590090457099148757e-01 1.613094909343366079e-01 6.484432220458984375e-01
7.200000000000000000e+01 2.059602243071701551e-04 8.069096286444443322e+00 8.959488513012574540e-01 1.511469409308209555e-01 6.596558094024658203e-01
7.300000000000000000e+01 1.627810228046967691e-04 8.283107629914743697e+00 8.172704808499586804e-01 1.591334855882413635e-01 6.674723625183105469e-01
7.400000000000000000e+01 2.410055405406356900e-04 8.422484511799630980e+00 8.361966049504907517e-01 1.648447440354366966e-01 6.508307456970214844e-01
7.500000000000000000e+01 5.241562896984682587e-05 8.415236004300853168e+00 8.211532825382878986e-01 1.551062519724258071e-01 7.118983268737792969e-01
7.600000000000000000e+01 1.820818081511477345e-04 8.421985694607645456e+00 8.417704601338619197e-01 1.568672003633601042e-01 6.606683731079101562e-01
7.700000000000000000e+01 8.685235996525545322e-05 8.351230181527057539e+00 8.099950657260894804e-01 1.448621729140535386e-01 6.944742202758789062e-01
7.800000000000000000e+01 2.463104297584603909e-04 8.357145937816214953e+00 7.838289694628831628e-01 1.451724679900879000e-01 7.131240367889404297e-01
7.900000000000000000e+01 1.653587226659798985e-04 8.120559022201563337e+00 8.356242238384713472e-01 1.416249735839364143e-01 5.960721969604492188e-01
8.000000000000000000e+01 2.233352658127219740e-04 8.270153779413853101e+00 7.986984220375787924e-01 1.409347027316984469e-01 6.915819644927978516e-01
8.100000000000000000e+01 1.517177441563573282e-04 8.452922636716321492e+00 7.547036027105592515e-01 1.670435862233849988e-01 7.085466384887695312e-01
8.200000000000000000e+01 2.348080160503156503e-04 8.299683899776242768e+00 7.161031337785905837e-01 1.464924891220019121e-01 6.846704483032226562e-01
