2.000000000000000000e+00 -5.481468363361277629e-02 3.622040056470568743e+02 6.649579996087686684e-01 5.868830931826261033e-01 2.913734912872314453e-01
3.000000000000000000e+00 -6.276333160321569127e-02 3.580139338682882908e+02 8.659446742472286518e-01 5.557202860219798701e-01 2.665429115295410156e-01
4.000000000000000000e+00 -5.211306534983626421e-02 2.940989965765581360e+02 9.347711926264408167e-01 4.184726420675970449e-01 4.177606105804443359e-01
5.000000000000000000e+00 -4.922521216909277880e-02 2.750437034625680326e+02 9.622251029798611910e-01 3.949050975632617533e-01 4.206690788269042969e-01
6.000000000000000000e+00 -4.591303889661062926e-02 2.882186108321054689e+02 1.011011675609673199e+00 3.902460416411673849e-01 5.132827758789062500e-01
7.000000000000000000e+00 -4.342393813523322960e-02 2.641714605240406968e+02 1.065584805268671387e+00 3.714152411001696574e-01 4.730672836303710938e-01
8.000000000000000000e+00 -3.980027642482890371e-02 2.611323776859190389e+02 1.029377375144173268e+00 3.531839794603776062e-01 4.588639736175537109e-01
9.000000000000000000e+00 -3.873721065496463223e-02 2.446347342230053243e+02 1.129746069015594712e+00 3.670429099732555600e-01 3.986625671386718750e-01
1.000000000000000000e+01 -3.557129339429956211e-02 2.507366603196184656e+02 1.000885008984638613e+00 3.485265241655989277e-01 4.777293205261230469e-01
1.100000000000000000e+01 -3.438755837370228996e-02 2.374551078453708897e+02 1.122274746527800238e+00 3.299706814746308225e-01 4.478521347045898438e-01
1.200000000000000000e+01 -3.266030296349579920e-02 2.336412874376343325e+02 1.054505457572931126e+00 3.367622585673210045e-01 5.759506225585937500e-01
1.300000000000000000e+01 -3.128404281728346809e-02 2.292475320638017706e+02 1.004690795084528299e+00 3.464250476362643605e-01 4.062044620513916016e-01
1.400000000000000000e+01 -2.913731612985141078e-02 2.257606639272156031e+02 1.037733233955859147e+00 3.458194283761919507e-01 4.606695175170898438e-01
1.500000000000000000e+01 -2.852004788377423758e-02 2.256172064909098083e+02 1.052222085732020362e+00 3.226660720931627813e-01 4.523246288299560547e-01
1.600000000000000000e+01 -2.491823427103848770e-02 2.182522044474461893e+02 1.051297992810313442e+00 3.125183015565354827e-01 4.817197322845458984e-01
1.700000000000000000e+01 -2.574664109164482087e-02 2.169963173071651568e+02 1.080046296154986596e+00 2.916558339056586346e-01 6.032285690307617188e-01
1.800000000000000000e+01 -2.548727829373812273e-02 2.091845388337414136e+02 1.021143482383791046e+00 3.192330298647920173e-01 4.959580898284912109e-01
1.900000000000000000e+01 -2.395717539659368220e-02 2.073079798932503479e+02 1.027218492727449695e+00 3.129943693208297462e-01 4.199936389923095703e-01
2.000000000000000000e+01 -2.413759261629422684e-02 2.017160526380664862e+02 9.783814783451999508e-01 3.249716262418785306e-01 4.831469058990478516e-01
2.100000000000000000e+01 -2.166268152663515176e-02 2.057293011069201043e+02 9.558024897155380506e-01 3.297060570032235849e-01 4.859337806701660156e-01
2.200000000000000000e+01 -2.089967016880155473e-02 2.051610263958627911e+02 9.910417515764848861e-01 3.120326753481555415e-01 5.122439861297607422e-01
2.300000000000000000e+01 -2.060111122497159525e-02 2.010171062185050630e+02 9.658434056190420280e-01 3.128418343691907744e-01 4.543318748474121094e-01
2.400000000000000000e+01 -2.041370603442175038e-02 1.985815593486121031e+02 9.957504490779903739e-01 2.939015138521234305e-01 5.133430957794189453e-01
2.500000000000000000e+01 -1.974800567136388713e-02 1.986267626268474942e+02 9.413254484852481285e-01 3.087045119165506279e-01 4.852833747863769531e-01
2.600000000000000000e+01 -1.868419830421422234e-02 2.020361940294554870e+02 9.029115921971396785e-01 3.235657272336235346e-01 4.502401351928710938e-01
2.700000000000000000e+01 -1.910415746246593369e-02 1.986864936669547603e+02 9.489216909701586600e-01 3.098234817331502744e-01 5.248310565948486328e-01
2.800000000000000000e+01 -1.771748548229662781e-02 1.972271521112193113e+02 9.126084489295280822e-01 3.147232339698299852e-01 5.296735763549804688e-01
2.900000000000000000e+01 -1.712416971458556592e-02 1.958091222076710949e+02 9.008575344983097422e-01 3.122436163517626762e-01 6.200494766235351562e-01
3.000000000000000000e+01 -1.716153505330095599e-02 1.919962378517680008e+02 9.474621990864259269e-01 2.911616397002969037e-01 5.806460380554199219e-01
3.100000000000000000e+01 -1.638495041109766168e-02 1.913047023097116721e+02 9.282063033817992137e-01 2.922744098520959621e-01 6.412131786346435547e-01
3.200000000000000000e+01 -1.599993454223036862e-02 1.913070774205590681e+02 9.140928036683690916e-01 2.925141046588114468e-01 5.439968109130859375e-01
3.300000000000000000e+01 -1.576152293361243045e-02 1.912923557162500003e+02 8.257637292677930674e-01 3.123460676630208654e-01 5.164792537689208984e-01
3.400000000000000000e+01 -1.550916112714945810e-02 1.864812926510705040e+02 8.813076449888329611e-01 2.911699854971457890e-01 5.607039928436279297e-01
3.500000000000000000e+01 -1.412562301578481651e-02 1.865829724878101672e+02 8.443579427515368607e-01 2.901886275697336259e-01 6.552388668060302734e-01
3.600000000000000000e+01 -1.485112624389868866e-02 1.852050502546832149e+02 8.453237622647766791e-01 3.022721327717932671e-01 6.950497627258300781e-01
3.700000000000000000e+01 -1.364601780588188540e-02 1.827320318915725466e+02 8.400072280015455917e-01 2.748827423692618566e-01 6.651263236999511719e-01
3.800000000000000000e+01 -1.395562123578252683e-02 1.823052603639012546e+02 7.813647453349602534e-01 3.066914423437537285e-01 5.990984439849853516e-01
3.900000000000000000e+01 -1.360838924997338946e-02 1.852803856313746564e+02 8.674139030617470381e-01 2.754401576750178382e-01 6.619849205017089844e-01
4.000000000000000000e+01 -1.346308311507703193e-02 1.836218387409401487e+02 7.834034010276941240e-01 2.873081170928669659e-01 6.187865734100341797e-01
4.100000000000000000e+01 -1.341417302988092558e-02 1.791853384411507193e+02 7.453439536533178478e-01 3.000709623259862902e-01 6.806504726409912109e-01
4.200000000000000000e+01 -1.341687676116150307e-02 1.819407263715416434e+02 8.101031919479583232e-01 2.779296917137101253e-01 6.908376216888427734e-01
4.300000000000000000e+01 -1.206831122874631526e-02 1.801725140684915800e+02 8.062094818880740643e-01 2.631247615772698278e-01 6.459903717041015625e-01
4.400000000000000000e+01 -1.236990152894525997e-02 1.837716412487313562e+02 8.282757793410763236e-01 2.518320578982134461e-01 5.823681354522705078e-01
4.500000000000000000e+01 -1.178372871917482585e-02 1.876170439981410709e+02 8.097819486768701447e-01 2.754635712194161701e-01 6.901607513427734375e-01
4.600000000000000000e+01 -1.211435425842057392e-02 1.848899092535465911e+02 8.010970334645947100e-01 2.708051385868704974e-01 7.625279426574707031e-01
4.700000000000000000e+01 -1.144172061746884933e-02 1.857917100481656121e+02 7.732105865396848854e-01 2.712274375514602820e-01 6.936748027801513672e-01
4.800000000000000000e+01 -1.158060276838339051e-02 1.799581619544516400e+02 7.130612737662417322e-01 2.829008503280732723e-01 7.438354492187500000e-01
4.900000000000000000e+01 -1.055346931496295264e-02 1.836628988843235959e+02 7.575086054449219342e-01 2.693213595790822090e-01 8.250956535339355469e-01
5.000000000000000000e+01 -1.074976697027889110e-02 1.753701509001263901e+02 7.278664994995935889e-01 2.755338769342436933e-01 6.918146610260009766e-01
5.100000000000000000e+01 -1.031929644709322393e-02 1.783450950041013243e+02 7.690531191132791156e-01 2.533008508050366703e-01 7.080690860748291016e-01
5.200000000000000000e+01 -1.040740782996176297e-02 1.885846708362870459e+02 7.560678594150025411e-01 2.702664617986625939e-01 8.869202136993408203e-01
5.300000000000000000e+01 -9.974328071261494288e-03 1.786320634182034155e+02 8.165759468308128044e-01 2.317093865608579606e-01 8.737711906433105469e-01
5.400000000000000000e+01 -1.025549385213452881e-02 1.823866791277643813e+02 7.568550132133395891e-01 2.530642266276765806e-01 8.459241390228271484e-01
5.500000000000000000e+01 -9.122666960119322349e-03 1.783793659118242090e+02 7.211078285559406886e-01 2.589284064274561259e-01 8.189411163330078125e-01
5.600000000000000000e+01 -9.617750943406637096e-03 1.788727739789753457e+02 7.543336452201655495e-01 2.500374921775551096e-01 6.982555389404296875e-01
5.700000000000000000e+01 -8.970857278752825126e-03 1.768493492256528725e+02 7.046479094597217774e-01 2.536301572403125704e-01 7.296147346496582031e-01
5.800000000000000000e+01 -8.978882682556092037e-03 1.773158587624393761e+02 7.369429969580255646e-01 2.404276468013836210e-01 8.283140659332275391e-01
5.900000000000000000e+01 -8.863191661472192423e-03 1.754385357337891946e+02 7.230530614398759104e-01 2.360879079788395507e-01 8.411862850189208984e-01
6.000000000000000000e+01 -9.110249315171669096e-03 1.712646676635169172e+02 7.523386807004762700e-01 2.220861249560724116e-01 8.423252105712890625e-01
6.100000000000000000e+01 -8.629995101753246134e-03 1.731136139026026797e+02 7.046057082889727319e-01 2.335205627435660847e-01 9.491782188415527344e-01
6.200000000000000000e+01 -8.378559626754459796e-03 1.820575237181439547e+02 7.001224579091714917e-01 2.534016712203845945e-01 1.049818038940429688e+00
6.300000000000000000e+01 -8.735651965899402654e-03 1.699414938417160386e+02 6.801844712606811560e-01 2.248020910704686681e-01 9.079074859619140625e-01
6.400000000000000000e+01 -8.751150810384101045e-03 1.660596660802069380e+02 6.737774377905827450e-01 2.249298417859711963e-01 9.143087863922119141e-01
6.500000000000000000e+01 -8.287948837927624698e-03 1.647515669441159218e+02 7.094753648074301200e-01 2.175689679613451166e-01 8.884615898132324219e-01
6.600000000000000000e+01 -8.284658698169215449e-03 1.648320574810951769e+02 6.918484904332128371e-01 2.116911450641748571e-01 8.545236587524414062e-01
6.700000000000000000e+01 -7.602546502138406333e-03 1.613109701840138257e+02 7.358535608970674380e-01 1.964338191395444966e-01 8.876180648803710938e-01
6.800000000000000000e+01 -7.802795437558861930e-03 1.597132149986767899e+02 6.778377311049739173e-01 2.028082137542844554e-01 8.891825675964355469e-01
6.900000000000000000e+01 -7.627257766418966620e-03 1.648527163686387667e+02 7.327777582096941522e-01 2.148988789726006821e-01 8.032045364379882812e-01
7.000000000000000000e+01 -7.096278880303439653e-03 1.621080836349850642e+02 6.357624245682443886e-01 2.220144361518034404e-01 8.182713985443115234e-01
7.100000000000000000e+01 -7.465636287497199111e-03 1.538155857890326956e+02 6.962477998010150326e-01 1.896992999301916061e-01 8.615908622741699219e-01
7.200000000000000000e+01 -7.050027669826394380e-03 1.673339496638994035e+02 6.575050247487173039e-01 2.121899466135699075e-01 8.096399307250976562e-01
7.300000000000000000e+01 -6.904295323414799679e-03 1.658281268572229408e+02 6.517988828156401349e-01 2.068169840755667843e-01 8.128812313079833984e-01
7.400000000000000000e+01 -6.781768666707290588e-03 1.658966919366351078e+02 6.449916922110322526e-01 2.053708000070376960e-01 8.434958457946777344e-01
7.500000000000000000e+01 -6.668391024541500851e-03 1.655262953312704894e+02 6.433522113729026604e-01 2.052554307369807429e-01 8.420312404632568359e-01
7.600000000000000000e+01 -6.462039025972056254e-03 1.652440414726811468e+02 6.343821942928712376e-01 2.055977827851626638e-01 9.407119750976562500e-01
7.700000000000000000e+01 -6.250086052808432290e-03 1.670409443611756330e+02 6.345826083471718393e-01 2.112270752306994459e-01 9.656014442443847656e-01
7.800000000000000000e+01 -6.150502167906572726e-03 1.653190327950945289e+02 6.256791526446774387e-01 2.082192010401573978e-01 1.007692337036132812e+00
7.900000000000000000e+01 -6.362903441916366830e-03 1.638408932463262886e+02 6.615239855687763404e-01 1.921332932547240024e-01 9.221160411834716797e-01
8.000000000000000000e+01 -5.908673052559145975e-03 1.673676344672893777e+02 6.044836202143144543e-01 2.089499786132575920e-01 9.982388019561767578e-01
8.100000000000000000e+01 -5.510546899377703235e-03 1.656557737238485402e+02 6.120050521854575321e-01 2.025430961362188476e-01 9.188594818115234375e-01
8.200000000000000000e+01 -5.840950265713568471e-03 1.705604269654754717e+02 6.253819888446040531e-01 2.042531466172238797e-01 9.331810474395751953e-01
8.300000000000000000e+01 -5.399847582803523477e-03 1.629388531562992739e+02 6.252228530744039503e-01 1.902280548986100550e-01 8.138887882232666016e-01
8.400000000000000000e+01 -5.245234437596346840e-03 1.625788511229302173e+02 6.174734715695150422e-01 1.894674123184086068e-01 9.037761688232421875e-01
8.500000000000000000e+01 -5.106440789389108184e-03 1.621255199678423082e+02 6.149953553116450644e-01 1.904128475324510239e-01 8.355109691619873047e-01
8.600000000000000000e+01 -5.020711931548643529e-03 1.608509709797684195e+02 6.276386932075744829e-01 1.871797871742963415e-01 8.423833847045898438e-01
8.700000000000000000e+01 -4.908011341281891086e-03 1.595210639886934416e+02 6.236401187412087266e-01 1.831275601366589845e-01 8.549532890319824219e-01
8.800000000000000000e+01 -4.863349051740050930e-03 1.592721278925161812e+02 6.086292789417552251e-01 1.829461423568944367e-01 8.870036602020263672e-01
8.900000000000000000e+01 -4.769427742297627573e-03 1.570850446587926115e+02 6.050710557985776727e-01 1.781170735262652127e-01 8.756766319274902344e-01
9.000000000000000000e+01 -4.898319122854611837e-03 1.641003608747530791e+02 6.119240268955299378e-01 1.831523964204608834e-01 9.777925014495849609e-01
9.100000000000000000e+01 -4.960863358057707867e-03 1.683288867371732636e+02 5.533746872245701720e-01 1.961829655472206169e-01 9.867000579833984375e-01
9.200000000000000000e+01 -4.388851479224610552e-03 1.559690392532334329e+02 5.441605267934462864e-01 1.748269752981147784e-01 1.081078052520751953e+00
9.300000000000000000e+01 -4.249154033304943651e-03 1.698519964801093352e+02 5.803638467479907970e-01 1.899900499981355129e-01 9.494552612304687500e-01
9.400000000000000000e+01 -4.701164394701431992e-03 1.749675898400047629e+02 5.614471719950475670e-01 2.045728807282470585e-01 9.736526012420654297e-01
9.500000000000000000e+01 -4.440489421667014394e-03 1.685969982295977729e+02 5.412010553169398497e-01 1.965035223422766930e-01 9.480085372924804688e-01
9.600000000000000000e+01 -4.512339580769323018e-03 1.708970095256490254e+02 5.164122265910910947e-01 1.993323598683415521e-01 9.482064247131347656e-01
9.700000000000000000e+01 -4.296008881299625756e-03 1.691688076110752945e+02 5.246929572383391971e-01 1.928548891178676339e-01 9.668099880218505859e-01
9.800000000000000000e+01 -4.267211493737882097e-03 1.765568670459941814e+02 5.397169957940262108e-01 2.003588508194689699e-01 1.000533103942871094e+00
9.900000000000000000e+01 -3.631690201958781214e-03 1.660463736336320153e+02 5.402854647106287711e-01 1.762973600859931156e-01 9.581511020660400391e-01
