2.000000000000000000e+00 -7.740945490439792021e-02 3.531066851526804840e+02 1.627320563595185066e+00 2.418746260072663357e-01 1.679258823394775391e+00
3.000000000000000000e+00 -6.316796522252578205e-02 2.499913599350142874e+02 2.075215219925992560e+00 1.633026607019069931e-01 1.881119728088378906e+00
4.000000000000000000e+00 -5.811814232980717920e-02 1.926478596377695567e+02 2.400564557453333858e+00 1.218595158960151248e-01 2.490239143371582031e+00
5.000000000000000000e+00 -5.048797362603953814e-02 1.587345937390252573e+02 2.590181481791498097e+00 9.802489463646014978e-02 2.892050266265869141e+00
6.000000000000000000e+00 -4.422007401881773020e-02 1.820656045846777715e+02 2.149732014357173426e+00 8.359926924895809408e-02 2.891840457916259766e+00
7.000000000000000000e+00 -4.073921564235389453e-02 1.973020258207494066e+02 2.159346980326685372e+00 8.410462832398217514e-02 3.036900997161865234e+00
8.000000000000000000e+00 -3.680208628422126926e-02 1.966029629463541823e+02 1.826477663709780597e+00 8.601073133696396367e-02 3.174405813217163086e+00
9.000000000000000000e+00 -3.411527194106087069e-02 2.041729835960722426e+02 1.980764218847826497e+00 1.102135038682653390e-01 2.676508188247680664e+00
1.000000000000000000e+01 -3.147016372085920805e-02 1.830786606434010082e+02 1.961970175168474828e+00 7.282173209161593719e-02 2.661889076232910156e+00
1.100000000000000000e+01 -3.067079390717983647e-02 1.800079005306809279e+02 2.129309316301973620e+00 8.655298457845864157e-02 2.447722911834716797e+00
1.200000000000000000e+01 -2.909501382910372261e-02 1.963613369865430229e+02 1.687439425634089440e+00 1.012170847469485851e-01 3.512937307357788086e+00
1.300000000000000000e+01 -2.752849814125478412e-02 1.981834072266733529e+02 1.716412671544520485e+00 1.043227508577544010e-01 3.049395799636840820e+00
1.400000000000000000e+01 -2.672184514523579663e-02 1.835246510640434110e+02 1.822091929135137622e+00 1.035551940514823632e-01 3.438769817352294922e+00
1.500000000000000000e+01 -2.569243492594563277e-02 1.790527877581958194e+02 1.841225622723431821e+00 9.616997653288246461e-02 3.646241426467895508e+00
1.600000000000000000e+01 -2.452219032486259095e-02 1.860316411036111219e+02 1.906262104425307413e+00 1.013452175107820014e-01 3.553649425506591797e+00
1.700000000000000000e+01 -2.341541436771297016e-02 1.723773738509512441e+02 1.917783647752611342e+00 8.073192438124633663e-02 3.296345233917236328e+00
1.800000000000000000e+01 -2.200065423071636411e-02 1.696964330444994573e+02 1.868162308155082219e+00 8.896694470460378423e-02 3.154989242553710938e+00
1.900000000000000000e+01 -2.080211851343265195e-02 1.720826820056194038e+02 1.912981556844961961e+00 9.273228598068324058e-02 3.377048254013061523e+00
2.000000000000000000e+01 -2.164177987093630906e-02 1.538112228389570646e+02 1.992856402786822967e+00 6.932290024046740273e-02 2.412553071975708008e+00
2.100000000000000000e+01 -1.997523682011754023e-02 1.548973440830584138e+02 1.913626390989335846e+00 8.895441619091119800e-02 3.851970195770263672e+00
2.200000000000000000e+01 -1.927288984487409568e-02 1.546700026391443998e+02 1.953747896424653074e+00 7.243219030739987685e-02 2.653321981430053711e+00
2.300000000000000000e+01 -1.983868514431763944e-02 1.546485304793309581e+02 1.950367526320322398e+00 9.244419896938925463e-02 3.141722202301025391e+00
2.400000000000000000e+01 -1.877599725764006119e-02 1.556935618980831180e+02 1.778088906038517436e+00 9.184169436205939785e-02 4.006292581558227539e+00
2.500000000000000000e+01 -1.823732655042787851e-02 1.532090645147200405e+02 1.817495311138443759e+00 9.781837973462709224e-02 2.451938629150390625e+00
2.600000000000000000e+01 -1.822261853980568572e-02 1.511991781419770575e+02 1.728831082133524211e+00 9.513193987905760318e-02 2.914707899093627930e+00
2.700000000000000000e+01 -1.751289725221284038e-02 1.496313964322689571e+02 1.770542925835886239e+00 1.000240153732493420e-01 3.072191953659057617e+00
2.800000000000000000e+01 -1.713074252953326188e-02 1.437679322802999309e+02 1.822795273172047370e+00 8.376908916200748179e-02 2.654686927795410156e+00
2.900000000000000000e+01 -1.691692460294497852e-02 1.364286407632260421e+02 1.955963863778209966e+00 8.197201724808950152e-02 2.581014633178710938e+00
3.000000000000000000e+01 -1.665154826068232854e-02 1.347287435619387566e+02 1.893745340770438101e+00 8.363398823828470385e-02 2.694242000579833984e+00
3.100000000000000000e+01 -1.579644705880091024e-02 1.389956738701212942e+02 1.726631299823045973e+00 9.366441362160517203e-02 2.680198431015014648e+00
3.200000000000000000e+01 -1.522798349495929279e-02 1.369954931345647822e+02 1.755169127605660240e+00 8.480204714682186562e-02 2.963576793670654297e+00
3.300000000000000000e+01 -1.538435475851120289e-02 1.336747492243065381e+02 1.719806073064276575e+00 9.261560232405863236e-02 2.873559951782226562e+00
3.400000000000000000e+01 -1.515872533645308204e-02 1.376075482393644052e+02 1.692291680368267937e+00 9.726900193928192384e-02 2.908638477325439453e+00
3.500000000000000000e+01 -1.523219241477747309e-02 1.315538280568494258e+02 1.727035744882674972e+00 9.568650353056033786e-02 3.420942544937133789e+00
3.600000000000000000e+01 -1.470506579512761113e-02 1.344582621186027609e+02 1.679500853013088379e+00 1.008678808527517096e-01 3.698365449905395508e+00
3.700000000000000000e+01 -1.440921269016703747e-02 1.322883441204098176e+02 1.706503256992522255e+00 1.004581761740974272e-01 3.036454916000366211e+00
3.800000000000000000e+01 -1.389685693506352571e-02 1.341901324764309891e+02 1.684848002613773099e+00 1.013812251968449762e-01 2.852804660797119141e+00
3.900000000000000000e+01 -1.390059713614998776e-02 1.285403665273017850e+02 1.755599825397741842e+00 9.824329409009936731e-02 2.917589187622070312e+00
4.000000000000000000e+01 -1.362155621211322797e-02 1.246758713232325135e+02 1.710257172753133714e+00 9.309955927064419989e-02 2.695111751556396484e+00
4.100000000000000000e+01 -1.336332477144493852e-02 1.225080989552614597e+02 1.742666086658332336e+00 9.459368143473309565e-02 2.595391750335693359e+00
4.200000000000000000e+01 -1.312348726843486947e-02 1.196167655467833981e+02 1.770300122613512217e+00 8.757519430392592119e-02 3.069815874099731445e+00
4.300000000000000000e+01 -1.277514485505803175e-02 1.253918950297112929e+02 1.719870168867500215e+00 9.626669432597517728e-02 3.540660858154296875e+00
4.400000000000000000e+01 -1.280729896238379933e-02 1.185205688376645128e+02 1.727264297533432025e+00 9.264445027016073031e-02 3.524503231048583984e+00
4.500000000000000000e+01 -1.258346632024142341e-02 1.180588568767707045e+02 1.715904323601071813e+00 9.266480907757933261e-02 2.950099468231201172e+00
4.600000000000000000e+01 -1.171218853984650268e-02 1.156223664252333236e+02 1.754115548212061393e+00 8.784830934542350867e-02 3.037722587585449219e+00
4.700000000000000000e+01 -1.186540529333539318e-02 1.131438296281013294e+02 1.808435674318724873e+00 8.392685716705454435e-02 2.637350797653198242e+00
4.800000000000000000e+01 -1.211621228383114555e-02 1.138278541309954335e+02 1.753852939777665654e+00 8.232197435765875593e-02 2.651553630828857422e+00
4.900000000000000000e+01 -1.138834893863288796e-02 1.201711743684442268e+02 1.691457086693778589e+00 1.029015522463942456e-01 3.040151357650756836e+00
5.000000000000000000e+01 -1.168687945992671721e-02 1.130622681970948520e+02 1.753100614016448455e+00 8.991559837448608039e-02 3.129867076873779297e+00
5.100000000000000000e+01 -1.133193725335512186e-02 1.109035945675633315e+02 1.683174109400696450e+00 8.757276010824747992e-02 2.486486673355102539e+00
5.200000000000000000e+01 -1.143457067040322232e-02 1.153542871333520878e+02 1.849942570512901119e+00 9.760647555410278953e-02 2.870266437530517578e+00
5.300000000000000000e+01 -1.132283653185080577e-02 1.069315103493250803e+02 1.797854989858948205e+00 7.919086117273495262e-02 3.314250469207763672e+00
5.400000000000000000e+01 -1.115586165873470002e-02 1.071183087607790725e+02 1.784189479824681346e+00 8.236639276615194405e-02 2.924494266510009766e+00
5.500000000000000000e+01 -9.839499735442999717e-03 1.070891957279042828e+02 1.768743538343094945e+00 8.518894254118150600e-02 2.720770359039306641e+00
5.600000000000000000e+01 -1.000190236423052596e-02 1.125301070327509336e+02 1.713586974376896555e+00 9.834483439675366367e-02 2.441763639450073242e+00
5.700000000000000000e+01 -1.025969120906855027e-02 1.050804806202266519e+02 1.801285703035128583e+00 8.814875258246764045e-02 2.772895574569702148e+00
5.800000000000000000e+01 -1.045156444593857252e-02 1.065816050470265424e+02 1.620835753878823393e+00 9.782504225523799835e-02 2.732808113098144531e+00
5.900000000000000000e+01 -1.019759818541363799e-02 1.069114220835043767e+02 1.756887266352534560e+00 9.075816171456946302e-02 2.870132207870483398e+00
6.000000000000000000e+01 -9.644647122646645560e-03 1.077546379864645019e+02 1.804925862200646325e+00 9.765223176739101785e-02 2.693134307861328125e+00
6.100000000000000000e+01 -1.010283362032695677e-02 1.044476571642000096e+02 1.800015565963425379e+00 8.041499442378620410e-02 2.734156847000122070e+00
6.200000000000000000e+01 -9.641039695026365139e-03 1.057216174469150900e+02 1.737301369341501367e+00 9.472501414158415733e-02 2.882593154907226562e+00
6.300000000000000000e+01 -9.890182470925617045e-03 1.102456362384246376e+02 1.666308399123159090e+00 1.011758066470706402e-01 3.011515617370605469e+00
6.400000000000000000e+01 -9.590867538593285738e-03 1.072050541162190740e+02 1.726854702760507232e+00 9.747219963448390534e-02 2.988677263259887695e+00
6.500000000000000000e+01 -8.899447856272373752e-03 1.101112882095439574e+02 1.719083373494995515e+00 1.030865113757004348e-01 3.002156019210815430e+00
6.600000000000000000e+01 -9.136770157375689524e-03 1.037882922939519830e+02 1.719706300001460519e+00 9.239633572592959032e-02 2.695017337799072266e+00
6.700000000000000000e+01 -8.891059366628657756e-03 1.050128686074650801e+02 1.718182610155323697e+00 9.373113442510710991e-02 3.118753671646118164e+00
6.800000000000000000e+01 -9.135751614483217029e-03 1.046187372689798565e+02 1.729217222475797566e+00 9.050361472014423203e-02 2.998940229415893555e+00
6.900000000000000000e+01 -8.632944421484224293e-03 1.028364732477587467e+02 1.673603428809800286e+00 8.809537445458268112e-02 3.382242441177368164e+00
7.000000000000000000e+01 -8.824991282924103328e-03 1.006114965657027795e+02 1.698311076421936461e+00 9.182396953097846093e-02 2.962192773818969727e+00
7.100000000000000000e+01 -8.928418588290711749e-03 1.006497247323826372e+02 1.705684459596772173e+00 9.261434082909481003e-02 3.118685722351074219e+00
7.200000000000000000e+01 -8.725664401980373630e-03 1.002617427365044165e+02 1.747252241886175561e+00 8.983160626008464267e-02 2.306691884994506836e+00
7.300000000000000000e+01 -8.357313787232279259e-03 1.019977247681935921e+02 1.636742921587718724e+00 1.014433471204680276e-01 2.789707899093627930e+00
7.400000000000000000e+01 -8.244933497122710481e-03 1.005354879765978353e+02 1.711205907316507790e+00 9.320749549286001800e-02 2.850373744964599609e+00
7.500000000000000000e+01 -8.156655541991434874e-03 9.875472034867651416e+01 1.714653825773832851e+00 8.614077937791547734e-02 3.010523796081542969e+00
7.600000000000000000e+01 -8.440338457206261052e-03 9.894716867591294829e+01 1.704839012755419603e+00 8.999987751627677723e-02 2.692898750305175781e+00
7.700000000000000000e+01 -8.212370880282015770e-03 1.002900279780069468e+02 1.692719516682558822e+00 8.651932246102084223e-02 3.241234540939331055e+00
7.800000000000000000e+01 -7.937303693608489807e-03 9.648246086452581949e+01 1.679380514083097298e+00 8.534181231589256511e-02 2.781070470809936523e+00
7.900000000000000000e+01 -7.908945081921239448e-03 9.947603563168179619e+01 1.616736418108456252e+00 9.957481603609948106e-02 3.275289058685302734e+00
8.000000000000000000e+01 -7.700278046078307473e-03 1.015371879025969690e+02 1.562186219976345880e+00 9.854540702111379280e-02 3.330929040908813477e+00
8.100000000000000000e+01 -7.763713547046788288e-03 9.847288851534641196e+01 1.703304228214832738e+00 9.168617977048816592e-02 3.105838298797607422e+00
8.200000000000000000e+01 -7.754625930046434197e-03 9.466029493247822302e+01 1.638583718675690193e+00 9.290585080118954342e-02 2.909059047698974609e+00
8.300000000000000000e+01 -7.673817700853269828e-03 9.743244946210037938e+01 1.632382259665214219e+00 9.430486036398175176e-02 3.092196941375732422e+00
8.400000000000000000e+01 -7.246040034020714664e-03 9.346511438078839262e+01 1.694223977090537403e+00 8.480024984659197129e-02 2.770890235900878906e+00
8.500000000000000000e+01 -7.462340177087744240e-03 9.608067020221278653e+01 1.663914622579963254e+00 9.242022902098842585e-02 3.297384500503540039e+00
8.600000000000000000e+01 -7.410044542720047901e-03 9.227286122789097078e+01 1.689118942664855627e+00 8.273957912943724624e-02 2.646802663803100586e+00
8.700000000000000000e+01 -7.665035410756905650e-03 9.390038494721417806e+01 1.685996861703653815e+00 8.696484047578502408e-02 3.137047052383422852e+00
8.800000000000000000e+01 -7.438111014023381269e-03 9.146730076832538714e+01 1.730112280039506123e+00 8.857329963803954598e-02 3.068630218505859375e+00
8.900000000000000000e+01 -7.105154385916767103e-03 9.495112331506284420e+01 1.596975575000106229e+00 9.016129471033819398e-02 2.828131914138793945e+00
9.000000000000000000e+01 -7.030252821553470075e-03 9.313777528242620463e+01 1.712892939046292362e+00 8.311100334387394595e-02 2.820925712585449219e+00
9.100000000000000000e+01 -7.060438333258533226e-03 9.335506380003604932e+01 1.706871385712102507e+00 8.643690959610997315e-02 2.949385404586791992e+00
9.200000000000000000e+01 -6.992183792044085605e-03 9.161708931661974020e+01 1.761508775152950568e+00 8.493942281045700760e-02 3.107433557510375977e+00
9.300000000000000000e+01 -6.921301722712674791e-03 8.959981281984809698e+01 1.592638381178814289e+00 8.674448246999993950e-02 2.543276071548461914e+00
9.400000000000000000e+01 -6.743373322803258504e-03 9.404706982845861774e+01 1.642424356147972109e+00 8.973566710426197912e-02 2.945983886718750000e+00
9.500000000000000000e+01 -6.737852741804228190e-03 9.306239572632254919e+01 1.605028863303922249e+00 9.431038239441377757e-02 3.042538642883300781e+00
9.600000000000000000e+01 -6.754772749650013106e-03 9.005078413879694210e+01 1.743591512862064929e+00 8.683443223007981937e-02 3.140061378479003906e+00
9.700000000000000000e+01 -6.781969269074296369e-03 9.089196984409035451e+01 1.656298648071807378e+00 9.120657000006218706e-02 3.016896724700927734e+00
9.800000000000000000e+01 -6.677997264233224463e-03 9.085413866825781781e+01 1.662567931077833627e+00 8.228833841576439767e-02 2.998888969421386719e+00
9.900000000000000000e+01 -6.653585318758834487e-03 8.820673303780753827e+01 1.770587909523002379e+00 7.888584354113661878e-02 3.027217626571655273e+00
