2.000000000000000000e+00 -7.647941243358913647e-05 3.527321122824521922e+02 3.737326879221942733e+00 6.661954038344670981e-02 1.795699572563171387e+01
3.000000000000000000e+00 2.013854725067860550e-04 3.000159350626852870e+02 3.383041376578296511e+00 5.802573828271295059e-02 1.995847463607788086e+01
4.000000000000000000e+00 1.823088748489196565e-04 2.618471010697238057e+02 3.281501412591294464e+00 5.359347566024957876e-02 2.516085100173950195e+01
5.000000000000000000e+00 3.051439537843108241e-04 2.323465371868422551e+02 3.259644319697536652e+00 5.122897860913697143e-02 3.108115577697753906e+01
6.000000000000000000e+00 2.599969776014672283e-05 2.061491080792857247e+02 3.228970964926388021e+00 4.641485082199420242e-02 2.251840090751647949e+01
7.000000000000000000e+00 1.018685922104761683e-04 1.964380898494761709e+02 3.028494478277527158e+00 4.837856674988619265e-02 2.003647947311401367e+01
8.000000000000000000e+00 -1.466754121274316833e-04 1.791996280891428057e+02 3.135353488970907598e+00 4.835415225437662140e-02 3.800048661231994629e+01
9.000000000000000000e+00 2.571002846450313189e-06 1.732669914221879708e+02 2.979035146531794798e+00 4.982288622711886217e-02 2.582546043395996094e+01
1.000000000000000000e+01 2.177935627009975120e-04 1.659664481264705103e+02 2.875371333870385904e+00 5.127483366704770756e-02 2.254731988906860352e+01
1.100000000000000000e+01 2.034156781336444834e-04 1.559091381607416338e+02 2.959990941497483430e+00 4.787226924931458488e-02 2.110016775131225586e+01
1.200000000000000000e+01 5.938648206197858197e-05 1.474172967396989122e+02 2.860223418456901090e+00 5.115934483262748328e-02 2.768972539901733398e+01
1.300000000000000000e+01 1.906157116077292755e-04 1.444355893898823524e+02 2.839276218913622252e+00 5.215967010367313778e-02 3.599116015434265137e+01
1.400000000000000000e+01 6.227056346609491129e-07 1.420402064230388532e+02 2.757288765114580542e+00 5.180675074262335034e-02 3.134320235252380371e+01
1.500000000000000000e+01 5.555849614378740285e-05 1.355916921134866016e+02 2.773612336795351130e+00 5.295346843284667177e-02 2.843614482879638672e+01
1.600000000000000000e+01 -1.095336060860468694e-05 1.313513809322409429e+02 2.783059509284576016e+00 5.275672373762393952e-02 3.200903367996215820e+01
1.700000000000000000e+01 -2.282197970390052556e-05 1.263312404275474989e+02 2.798905369165967993e+00 5.233117862022008959e-02 2.811869025230407715e+01
1.800000000000000000e+01 5.618547343364226342e-05 1.320757518773938273e+02 2.584440951277711118e+00 5.982023836457287663e-02 3.063816642761230469e+01
1.900000000000000000e+01 1.592753477400876903e-05 1.262888037816118185e+02 2.693540414654279846e+00 5.508693528748462992e-02 2.644687652587890625e+01
2.000000000000000000e+01 7.950715579197199768e-05 1.224098953215109873e+02 2.656812549412467028e+00 5.755416698131238934e-02 3.961017990112304688e+01
2.100000000000000000e+01 3.961651438484929851e-05 1.177614410049025935e+02 2.618945026163292500e+00 5.331226236776858557e-02 3.115060591697692871e+01
2.200000000000000000e+01 -1.515266302721273447e-05 1.201247363966546686e+02 2.629770275111316113e+00 5.769297405975457732e-02 2.652307915687561035e+01
2.300000000000000000e+01 1.512490020479227866e-04 1.099731332354211162e+02 2.630208879124960042e+00 5.286024885777077659e-02 3.630798983573913574e+01
2.400000000000000000e+01 5.145627136277758205e-05 1.097092583263292340e+02 2.654501037571852962e+00 5.458942901954080829e-02 2.482334828376770020e+01
2.500000000000000000e+01 -4.645144018860198563e-05 1.081684993460167448e+02 2.573244082319810833e+00 5.200214850052088666e-02 2.794470500946044922e+01
2.600000000000000000e+01 -2.138033841024515789e-05 1.049794217124225497e+02 2.652658884606194256e+00 5.241190156387219579e-02 2.240654993057250977e+01
2.700000000000000000e+01 -6.000691283548098575e-05 1.053068426933568134e+02 2.579501937069855533e+00 5.712246742658669274e-02 2.365202093124389648e+01
2.800000000000000000e+01 -2.388144626562224159e-05 1.068910416159823455e+02 2.482249014625546035e+00 6.094723945859150532e-02 3.233854818344116211e+01
2.900000000000000000e+01 2.513973548747993112e-05 1.028514140292698045e+02 2.513718229915607338e+00 5.526787830652206412e-02 2.587022757530212402e+01
3.000000000000000000e+01 -3.010214744009250817e-05 1.004188022594984773e+02 2.563005525716612443e+00 5.682632830336656338e-02 3.153675174713134766e+01
3.100000000000000000e+01 -3.617057727226657006e-05 9.806741326479131260e+01 2.544582791181565273e+00 5.612581279117337396e-02 3.534483528137207031e+01
3.200000000000000000e+01 -1.363598100307715304e-05 1.008261336268553521e+02 2.430906327857253579e+00 6.102192284428530067e-02 3.201616644859313965e+01
3.300000000000000000e+01 -5.639847350661748523e-06 9.381662294441152028e+01 2.548189302855727423e+00 5.600505677203867355e-02 3.447545456886291504e+01
3.400000000000000000e+01 -5.666033216526702201e-05 9.689075937509163339e+01 2.398407524419607473e+00 6.036621908242190138e-02 2.409217166900634766e+01
3.500000000000000000e+01 -1.680226700686165782e-05 9.456195467303101054e+01 2.464177930909421388e+00 6.176242280710515786e-02 2.561320209503173828e+01
3.600000000000000000e+01 -3.008265425552843480e-06 8.958424339995082164e+01 2.548502468806603805e+00 5.427286323901037157e-02 2.631422376632690430e+01
3.700000000000000000e+01 -2.584269310325862541e-05 9.251295697862714462e+01 2.467692354666963794e+00 6.226343246221355265e-02 2.635691618919372559e+01
3.800000000000000000e+01 1.915584548409023259e-05 9.238990565813081446e+01 2.419891577808829908e+00 6.075277856044088154e-02 2.436711096763610840e+01
3.900000000000000000e+01 1.321876887224755144e-05 8.847125632867037837e+01 2.508775259547457726e+00 6.138164292652347614e-02 2.184209275245666504e+01
4.000000000000000000e+01 1.195965367251238770e-05 8.502319988759491309e+01 2.512289318321327958e+00 5.489131952285143667e-02 2.239097452163696289e+01
4.100000000000000000e+01 -2.854379162256736266e-06 8.688694857151779161e+01 2.474953237657819827e+00 6.006891108644699800e-02 2.541737079620361328e+01
4.200000000000000000e+01 2.431715658735259954e-05 8.297631982288319819e+01 2.566837334969147122e+00 5.600069218497714940e-02 2.394280457496643066e+01
4.300000000000000000e+01 2.169819221754563669e-05 8.395941374749381225e+01 2.424438208582928578e+00 5.961893257043849453e-02 2.561671113967895508e+01
4.400000000000000000e+01 7.593792884364945898e-06 8.241547750411359630e+01 2.447349947947190074e+00 5.975639425576729363e-02 2.141119027137756348e+01
4.500000000000000000e+01 2.373452137186738128e-05 7.981665343118297073e+01 2.506517462562351195e+00 5.519648623635637491e-02 2.258968734741210938e+01
4.600000000000000000e+01 -4.027169043120048072e-05 7.977315159169225467e+01 2.435929466349495254e+00 5.622928524893902602e-02 2.507027029991149902e+01
4.700000000000000000e+01 6.565673867448020979e-06 7.947259116380394062e+01 2.471206715519368213e+00 5.750200094477957158e-02 2.191100549697875977e+01
4.800000000000000000e+01 2.798398881520481452e-07 7.964720526171626602e+01 2.456716308575308982e+00 6.131581941170172884e-02 2.242840647697448730e+01
4.900000000000000000e+01 -5.838993137711142082e-06 7.841934162838988698e+01 2.484117542694021186e+00 6.005097058318275421e-02 2.327787446975708008e+01
5.000000000000000000e+01 3.165935219002136478e-05 7.803525145434477395e+01 2.442646139888700496e+00 5.901326581124401172e-02 2.691695547103881836e+01
5.100000000000000000e+01 -2.139974087526055454e-05 7.392634175357540016e+01 2.487261371285844014e+00 5.492298715566255179e-02 3.032695698738098145e+01
5.200000000000000000e+01 7.115121639299798105e-06 7.532368436478334672e+01 2.393489507417399853e+00 5.911070466101009391e-02 3.043051028251647949e+01
5.300000000000000000e+01 2.367912216658048115e-06 7.465697013582493469e+01 2.426858744795536094e+00 5.775952321137146211e-02 2.106093478202819824e+01
5.400000000000000000e+01 -7.086303682557845988e-07 7.157386984842173661e+01 2.481648446570475564e+00 5.809980573265345616e-02 2.451147747039794922e+01
5.500000000000000000e+01 -8.059690525230749067e-06 7.344992103970483299e+01 2.419618980797816121e+00 6.018458428844976338e-02 2.081156802177429199e+01
5.600000000000000000e+01 3.126907323304633097e-05 7.341608547767913251e+01 2.360919109114707926e+00 6.303551783692501465e-02 2.597617530822753906e+01
5.700000000000000000e+01 4.113654320804714751e-06 7.086551453532760547e+01 2.417473143663960489e+00 5.878697986659933705e-02 2.630931329727172852e+01
5.800000000000000000e+01 3.521932421401041599e-06 7.002913994535782649e+01 2.402297408946737267e+00 5.893690304267522329e-02 2.640166735649108887e+01
5.900000000000000000e+01 6.735780906037581938e-06 7.125745684807733937e+01 2.418521389768178320e+00 6.325875213845197353e-02 2.292615246772766113e+01
6.000000000000000000e+01 1.439800135444527302e-05 6.966055404895230652e+01 2.487843828512260824e+00 6.268742898068493941e-02 2.541244840621948242e+01
6.100000000000000000e+01 2.129817788446211946e-05 7.090407108523953639e+01 2.416089068503534332e+00 6.524216846172935236e-02 2.530433011054992676e+01
6.200000000000000000e+01 1.224750751025893075e-05 6.919404536334916145e+01 2.386892420640254642e+00 5.994882208383166960e-02 2.208082842826843262e+01
6.300000000000000000e+01 2.211708031038786857e-05 6.743212864975377840e+01 2.411032826023955078e+00 6.018578953014239175e-02 2.333439183235168457e+01
6.400000000000000000e+01 3.964861053699868599e-06 6.708641319056489749e+01 2.392597485242212052e+00 6.086017427592946977e-02 2.445251822471618652e+01
6.500000000000000000e+01 7.098333136541345747e-06 6.593385894642109690e+01 2.389800497385986322e+00 6.101052608619472739e-02 2.413937997817993164e+01
6.600000000000000000e+01 2.669564452281262412e-05 6.536746169892704472e+01 2.404260486844572497e+00 6.071280070689726721e-02 2.218560504913330078e+01
6.700000000000000000e+01 2.221455350207164457e-05 6.392966342789920020e+01 2.470497348163743556e+00 5.916132933673761557e-02 1.966873431205749512e+01
6.800000000000000000e+01 1.304777159863086879e-05 6.368183724193920625e+01 2.413348396329300982e+00 5.979716361236180749e-02 2.047835230827331543e+01
6.900000000000000000e+01 2.281538948107654846e-05 6.383654337433353021e+01 2.487743806381925271e+00 6.029214942488777401e-02 2.441686916351318359e+01
7.000000000000000000e+01 5.278163623675389764e-06 6.263020743703124538e+01 2.423596751131864124e+00 6.057238102929937695e-02 2.477817916870117188e+01
7.100000000000000000e+01 2.955388155944628788e-05 6.382224827461327266e+01 2.481154702486752406e+00 6.229852685536784590e-02 2.530515813827514648e+01
7.200000000000000000e+01 1.118039105399713161e-05 6.190218753287439313e+01 2.391430156265440310e+00 6.091993502691805257e-02 2.622027087211608887e+01
7.300000000000000000e+01 1.650663221932954891e-05 6.225378089817728977e+01 2.403296957912924636e+00 6.283549095658670647e-02 2.101445412635803223e+01
7.400000000000000000e+01 5.460517194218248171e-06 6.065349976578569624e+01 2.426350217816185317e+00 6.388564274647423602e-02 2.373536825180053711e+01
7.500000000000000000e+01 1.303319543600912589e-05 5.964131821533018751e+01 2.472942505169698268e+00 5.992808378760235144e-02 2.409937453269958496e+01
7.600000000000000000e+01 2.053686890311894482e-05 6.226532455668273514e+01 2.423590668097822309e+00 6.753136653602145878e-02 2.552831983566284180e+01
7.700000000000000000e+01 1.897148623002765794e-05 6.011528676532861937e+01 2.435196710989272706e+00 6.454584555456463479e-02 2.486212372779846191e+01
7.800000000000000000e+01 1.881296858354979657e-05 5.961801023057157067e+01 2.418671915762810709e+00 6.375577723883878167e-02 2.865619826316833496e+01
7.900000000000000000e+01 7.030432408145818723e-06 5.805667887582136188e+01 2.416116649420746221e+00 5.924967474161542402e-02 2.210613131523132324e+01
8.000000000000000000e+01 3.125350999231472324e-05 5.781784931141291395e+01 2.440796127274245997e+00 6.185603475920754823e-02 2.794212317466735840e+01
8.100000000000000000e+01 -1.906979248283531169e-06 5.759173386262160932e+01 2.424332755349738022e+00 6.217902395873054627e-02 2.186670851707458496e+01
8.200000000000000000e+01 -9.818550645325192791e-06 5.558297017763050007e+01 2.397636802205353135e+00 5.900201434664495426e-02 2.258307433128356934e+01
8.300000000000000000e+01 5.155605055217865817e-06 5.615441009688915130e+01 2.444438100427988481e+00 5.962785519949279772e-02 2.362860083580017090e+01
8.400000000000000000e+01 7.016910843676542313e-06 5.577860195205781224e+01 2.345200337456773809e+00 6.086819444522539868e-02 1.769929671287536621e+01
8.500000000000000000e+01 2.128915270590169123e-05 5.526812501590502080e+01 2.412130974190174637e+00 6.199185361322205601e-02 2.152503395080566406e+01
8.600000000000000000e+01 2.164379957771642792e-06 5.494816781890760637e+01 2.367605453570256202e+00 6.345186333447437599e-02 2.835383248329162598e+01
8.700000000000000000e+01 1.179053085835188961e-05 5.538453003782335315e+01 2.394880974498883042e+00 6.285247909106672637e-02 2.237979936599731445e+01
8.800000000000000000e+01 -7.120726894037215881e-06 5.574470680915433718e+01 2.399278099441225276e+00 6.272183758007911225e-02 2.636058259010314941e+01
8.900000000000000000e+01 6.797210277960924807e-06 5.381775877571002553e+01 2.375447588858461412e+00 6.255226729670770869e-02 2.052600502967834473e+01
9.000000000000000000e+01 2.259379170482538106e-06 5.434395778811775557e+01 2.412446387784456636e+00 6.451183887989227206e-02 2.119655537605285645e+01
9.100000000000000000e+01 1.520063660138820864e-05 5.380154914158612200e+01 2.412027906383719777e+00 6.006637595900203574e-02 2.200037956237792969e+01
9.200000000000000000e+01 -2.931036081946773927e-06 5.420365232799505151e+01 2.373401468889627441e+00 6.539320976981116695e-02 2.032208514213562012e+01
9.300000000000000000e+01 1.070051635257996039e-05 5.306346954471077026e+01 2.390550483115378544e+00 6.352349105501541027e-02 2.704033851623535156e+01
9.400000000000000000e+01 -6.445073368742464913e-07 5.267191144064539543e+01 2.363157503463404918e+00 6.536100928582215530e-02 2.309378790855407715e+01
9.500000000000000000e+01 6.144148944171692577e-06 5.170057799927931796e+01 2.332565784778277695e+00 6.309105956569335816e-02 1.581602716445922852e+01
9.600000000000000000e+01 1.443912323706053604e-06 5.155273429930337414e+01 2.322494279292914410e+00 6.397952202461379412e-02 2.229907202720642090e+01
9.700000000000000000e+01 3.743716253125983262e-06 5.103230287029058587e+01 2.429557841371637661e+00 6.163421503646618338e-02 2.360892724990844727e+01
9.800000000000000000e+01 3.556091969395586956e-06 5.035619686208681145e+01 2.372937960591664730e+00 6.510127752953637215e-02 2.156077241897583008e+01
9.900000000000000000e+01 -1.575789919463560143e-06 5.021218304727527482e+01 2.347354209435048578e+00 6.321825320602408871e-02 2.455257320404052734e+01
