2.000000000000000000e+00 2.175581090696507812e-03 8.477775285478794558e+02 2.251675124266508732e+00 1.571155287288565627e-01 1.562949657440185547e+01
3.000000000000000000e+00 -3.060169505357100521e-03 7.448972251290238091e+02 2.057891202287606358e+00 1.518192452680218463e-01 1.267610335350036621e+01
4.000000000000000000e+00 -1.227093612700174080e-03 6.791030872858273142e+02 1.895396143084240315e+00 1.654075569000526269e-01 1.350117421150207520e+01
5.000000000000000000e+00 -2.832313400602317309e-03 6.418363446953097764e+02 1.798958382280337887e+00 1.762954047010383551e-01 1.911491918563842773e+01
6.000000000000000000e+00 -1.677761035453154788e-03 5.803902435819933316e+02 1.808191803695156308e+00 1.713360996353187893e-01 1.502755165100097656e+01
7.000000000000000000e+00 -1.503399657476105124e-03 5.460232077740162140e+02 1.872969555255584506e+00 1.709426388305945455e-01 2.129502296447753906e+01
8.000000000000000000e+00 -8.749658938430720503e-04 5.163442495683281095e+02 1.897728800111708303e+00 1.710337744648079139e-01 2.715222358703613281e+01
9.000000000000000000e+00 -1.805499886235288620e-04 4.924811534841333014e+02 1.997374626662641539e+00 1.682181211110264085e-01 2.072199511528015137e+01
1.000000000000000000e+01 -4.702058249172544747e-04 4.711964407772528034e+02 1.911454583195438817e+00 1.712229031284389080e-01 2.276870799064636230e+01
1.100000000000000000e+01 -5.472351789169805974e-04 4.443584967589756616e+02 1.994887204286152294e+00 1.695369367067679489e-01 1.950198101997375488e+01
1.200000000000000000e+01 -3.338187671891514486e-04 4.267105953702025545e+02 1.874792439427182655e+00 1.703912946690103181e-01 2.639730477333068848e+01
1.300000000000000000e+01 -4.263541893941328546e-04 4.076756752529925052e+02 1.859116113498663792e+00 1.701407857170361138e-01 2.050383901596069336e+01
1.400000000000000000e+01 -3.267265186602339041e-04 3.923640166526816415e+02 1.866863647290237793e+00 1.682769833360249767e-01 2.505848979949951172e+01
1.500000000000000000e+01 1.441223264147371247e-05 3.776196546885128100e+02 1.907978364099301993e+00 1.589971366501494454e-01 2.995594167709350586e+01
1.600000000000000000e+01 -2.836034627942184225e-04 3.681596948536052878e+02 1.860038319437927745e+00 1.640750430303904717e-01 2.530292057991027832e+01
1.700000000000000000e+01 -3.684603498747714812e-05 3.563651862241980552e+02 1.857491233333612879e+00 1.638765304820752611e-01 2.262015914916992188e+01
1.800000000000000000e+01 -4.216526662122949603e-05 3.427390310699635165e+02 1.892912859276248527e+00 1.644991170722727714e-01 2.369387602806091309e+01
1.900000000000000000e+01 -1.814777465622236191e-05 3.349012241624180319e+02 1.922636378336088470e+00 1.596487949607605650e-01 2.638480567932128906e+01
2.000000000000000000e+01 -4.369963077992752729e-05 3.223639164104754968e+02 1.925015561872648773e+00 1.553091578129412453e-01 2.706020808219909668e+01
2.100000000000000000e+01 -1.630634339041220446e-05 3.164977501056967526e+02 1.914509390720785298e+00 1.595480150596244595e-01 2.584243130683898926e+01
2.200000000000000000e+01 -1.032954450686697404e-05 3.061005169707166260e+02 1.944204634254848019e+00 1.502135841961527718e-01 2.758760261535644531e+01
2.300000000000000000e+01 7.708639841082050238e-05 2.982709340724554750e+02 2.016054898505541537e+00 1.403029458164284926e-01 2.547544670104980469e+01
2.400000000000000000e+01 3.029231767305885239e-05 2.901157135891239136e+02 2.008032873989989309e+00 1.476020043428689088e-01 2.887966632843017578e+01
2.500000000000000000e+01 -4.432235939352428605e-05 2.811748053871462503e+02 2.010918627613182519e+00 1.404066687552155412e-01 2.744663596153259277e+01
2.600000000000000000e+01 -3.049239019938337916e-05 2.765390537168311766e+02 2.003731327963655051e+00 1.484318063933810772e-01 2.871557545661926270e+01
2.700000000000000000e+01 -4.511576120623047871e-05 2.698157532582069962e+02 2.075750036039715862e+00 1.332751380771095562e-01 3.467324733734130859e+01
2.800000000000000000e+01 5.169367200972934518e-05 2.662485512115770234e+02 2.004572363651047073e+00 1.421155425534081085e-01 2.913386964797973633e+01
2.900000000000000000e+01 -2.404415653708898452e-05 2.597827646627788454e+02 2.024168120231005563e+00 1.322935083844622717e-01 3.380157184600830078e+01
3.000000000000000000e+01 -4.383741512520967994e-05 2.537431179029260591e+02 2.012436023923564576e+00 1.303644179202990694e-01 2.917140126228332520e+01
3.100000000000000000e+01 2.144282514153414952e-05 2.497057436148000988e+02 2.006807644994361262e+00 1.311278397609801361e-01 3.281310606002807617e+01
3.200000000000000000e+01 2.481500369605652449e-05 2.437376335812973025e+02 2.011783856880788868e+00 1.326690347246349821e-01 3.496537590026855469e+01
3.300000000000000000e+01 -3.349046551395366459e-05 2.396565221568626214e+02 1.973432740907140825e+00 1.325273235168749064e-01 3.171393775939941406e+01
3.400000000000000000e+01 -1.553368609857808919e-05 2.351817410849004943e+02 1.968956491618023108e+00 1.292991960486073733e-01 3.256587100028991699e+01
3.500000000000000000e+01 1.499235496948103789e-05 2.311754962806788569e+02 1.953205166595707531e+00 1.267327999800056948e-01 3.490853714942932129e+01
3.600000000000000000e+01 -1.133726460119680184e-05 2.266552846140265274e+02 1.968559774835177079e+00 1.251405084397318457e-01 3.100950860977172852e+01
3.700000000000000000e+01 -1.333937867442320060e-04 2.232598633960404868e+02 2.004874205667978249e+00 1.291802100008647147e-01 3.681596446037292480e+01
3.800000000000000000e+01 -6.070256918581841426e-05 2.195278920364728208e+02 1.959887203806852440e+00 1.255551478430372292e-01 3.639131259918212891e+01
3.900000000000000000e+01 -1.301604696489732358e-04 2.148243552326370036e+02 2.063404938033448044e+00 1.206510105801042038e-01 3.820768809318542480e+01
4.000000000000000000e+01 3.654972290892892468e-05 2.114339421157309573e+02 2.043633671374236904e+00 1.224104318889449872e-01 3.855915331840515137e+01
4.100000000000000000e+01 -2.594615332387978523e-05 2.103441770437187301e+02 2.005513693926444407e+00 1.266461059955883428e-01 3.978729057312011719e+01
4.200000000000000000e+01 -7.067548518308157401e-05 2.059726390483863554e+02 2.030515129954868936e+00 1.220956442673912512e-01 5.185398507118225098e+01
4.300000000000000000e+01 -1.656684007093433517e-05 2.046457099961231449e+02 1.972267982650738771e+00 1.247840224355687422e-01 4.249937725067138672e+01
4.400000000000000000e+01 -5.280251067086846000e-05 1.991463031939104553e+02 1.999985084004317404e+00 1.240599385205613941e-01 3.627268004417419434e+01
4.500000000000000000e+01 -1.390373363880759744e-05 1.983711177656424525e+02 2.033148189460487476e+00 1.217488902644064536e-01 3.684820222854614258e+01
4.600000000000000000e+01 -2.459016191869150137e-05 1.943509657644868582e+02 2.006411904087725961e+00 1.261457303436642197e-01 3.653851413726806641e+01
4.700000000000000000e+01 -6.779306694804371344e-05 1.922021748481169539e+02 2.009764705982605815e+00 1.220438636948375094e-01 4.142919635772705078e+01
4.800000000000000000e+01 -1.626922520244679862e-05 1.898876415449186652e+02 2.014684098473542573e+00 1.197710456520199723e-01 4.963218355178833008e+01
4.900000000000000000e+01 1.454232031097458665e-04 1.862278441018708293e+02 2.008796456533000985e+00 1.255501136046116573e-01 4.309714269638061523e+01
5.000000000000000000e+01 1.776659586671537047e-05 1.849262261172946751e+02 2.026645064006334707e+00 1.229427538439836209e-01 4.244627594947814941e+01
5.100000000000000000e+01 -1.438034110091736442e-05 1.829172184180183081e+02 2.020037328966638235e+00 1.201211055072181205e-01 4.382320451736450195e+01
5.200000000000000000e+01 -3.514785854209874960e-05 1.805594675074992779e+02 2.022213685565736441e+00 1.203252064281985501e-01 4.701817464828491211e+01
5.300000000000000000e+01 -5.486142185291831551e-05 1.784314856553161519e+02 2.044193852855975990e+00 1.183873091327059396e-01 4.507942104339599609e+01
5.400000000000000000e+01 -2.160728594050280048e-05 1.758188572196223163e+02 2.049504242403067611e+00 1.159132166485734861e-01 4.728004837036132812e+01
5.500000000000000000e+01 4.815217128130238468e-06 1.720716746452672794e+02 2.067759812266758868e+00 1.153573924885335500e-01 4.045869112014770508e+01
5.600000000000000000e+01 3.022051984140886369e-05 1.707300240604178043e+02 2.086210365389242316e+00 1.158834286401507901e-01 4.430973434448242188e+01
5.700000000000000000e+01 -4.729040961829286032e-05 1.688456786707525339e+02 2.076616861404928294e+00 1.204047621203500479e-01 4.888526725769042969e+01
5.800000000000000000e+01 -5.513259922812874627e-05 1.666074142701933454e+02 2.080063731618597256e+00 1.155659772200881147e-01 4.561055088043212891e+01
5.900000000000000000e+01 6.390828866096019158e-05 1.636711338177615005e+02 2.087255582143883625e+00 1.075845195560642675e-01 4.503280138969421387e+01
6.000000000000000000e+01 -1.124959452930367719e-04 1.629397602215802010e+02 2.068979826120059151e+00 1.133514237188005119e-01 4.610117769241333008e+01
6.100000000000000000e+01 -7.159355757013278186e-05 1.614506882797550134e+02 2.040605960155589482e+00 1.152615535106348982e-01 4.567487454414367676e+01
6.200000000000000000e+01 -7.111082985685538143e-05 1.592513247302577213e+02 2.032656859836834418e+00 1.156280733778990294e-01 4.677252268791198730e+01
6.300000000000000000e+01 3.094997062914471748e-05 1.573208795883294613e+02 2.053373589486380268e+00 1.126320354693135933e-01 4.559670376777648926e+01
6.400000000000000000e+01 -7.895058789118402504e-05 1.568321338342960587e+02 2.092198368436184897e+00 1.151198479468692887e-01 5.286028099060058594e+01
6.500000000000000000e+01 3.321439799666601008e-05 1.538623190870573012e+02 2.097323659541030949e+00 1.103379153484499858e-01 4.108869338035583496e+01
6.600000000000000000e+01 -5.676117976786109327e-05 1.534028805513451346e+02 2.042081406939376897e+00 1.171023362622717751e-01 5.647642397880554199e+01
6.700000000000000000e+01 -3.432192774103648566e-05 1.510619109886097249e+02 2.077354640890271664e+00 1.119857708166506483e-01 4.775476384162902832e+01
6.800000000000000000e+01 -7.913685386908415165e-07 1.496030838798944558e+02 2.114520428077490966e+00 1.105186360231253662e-01 4.950246238708496094e+01
6.900000000000000000e+01 -2.458976732312920447e-05 1.480723265661168000e+02 2.078119305396047167e+00 1.060084141545045294e-01 4.547624802589416504e+01
7.000000000000000000e+01 3.061702692575969225e-05 1.474888923078127618e+02 2.078039920790206274e+00 1.113279337195086233e-01 4.743084812164306641e+01
7.100000000000000000e+01 2.502742391949024268e-05 1.455708896373548100e+02 2.063061440344732489e+00 1.117840121425359712e-01 4.060403728485107422e+01
7.200000000000000000e+01 4.454830290815357130e-05 1.442446426345847215e+02 2.058270990006227485e+00 1.112810060830716763e-01 4.844627475738525391e+01
7.300000000000000000e+01 4.728999375575183563e-05 1.430750292387744196e+02 2.064737783974171847e+00 1.117837732785284116e-01 5.261637425422668457e+01
7.400000000000000000e+01 4.257014649519754487e-05 1.418693551069756040e+02 2.062285852746115644e+00 1.122287646173023568e-01 4.844198489189147949e+01
7.500000000000000000e+01 3.819399047244470151e-05 1.410647110399434894e+02 2.054169512334090175e+00 1.140777972078480806e-01 4.924837636947631836e+01
7.600000000000000000e+01 1.771066645217048355e-05 1.397012571962787320e+02 2.055441171540696388e+00 1.124050654719335463e-01 5.255097794532775879e+01
7.700000000000000000e+01 1.487827744828094374e-05 1.385453940467216398e+02 2.053891247806427955e+00 1.123353380286521569e-01 5.125349974632263184e+01
7.800000000000000000e+01 2.658905038610207542e-06 1.371453247329045269e+02 2.061848092319344961e+00 1.105369912573395952e-01 4.570832991600036621e+01
7.900000000000000000e+01 4.487120544411444325e-06 1.358418546990849620e+02 2.053898720638846154e+00 1.110527757226306977e-01 4.688361048698425293e+01
8.000000000000000000e+01 3.301001660206840445e-05 1.342518053006211289e+02 2.074377941389407010e+00 1.053862255238649931e-01 5.284630131721496582e+01
8.100000000000000000e+01 -8.749907281625073378e-05 1.339199790522762044e+02 2.062616075129362070e+00 1.143720626845553673e-01 5.187124824523925781e+01
8.200000000000000000e+01 -6.076189016325609797e-05 1.324751489930434332e+02 2.061813856505961162e+00 1.095373674172391981e-01 5.008078908920288086e+01
8.300000000000000000e+01 -6.751131281843448378e-05 1.312119011486770717e+02 2.087716597441714228e+00 1.103981928320048878e-01 5.171735572814941406e+01
8.400000000000000000e+01 3.490320730818036177e-05 1.300957327777705359e+02 2.024380234018376079e+00 1.106489035226600887e-01 4.675907397270202637e+01
8.500000000000000000e+01 4.262849946991887392e-05 1.290897980710884667e+02 2.031511306258758864e+00 1.096875263411376950e-01 4.468372726440429688e+01
8.600000000000000000e+01 9.384596000206856247e-06 1.282702086689830594e+02 2.071757251726240145e+00 1.074053802270621971e-01 4.340109491348266602e+01
8.700000000000000000e+01 2.652799782654380903e-05 1.269586814942003059e+02 2.054384568821463919e+00 1.061413924025444988e-01 5.881525683403015137e+01
8.800000000000000000e+01 2.643471202875216308e-05 1.260195599058289986e+02 2.049411126995678956e+00 1.070236867688708071e-01 4.558328056335449219e+01
8.900000000000000000e+01 3.055785596875281286e-05 1.249654434034406165e+02 2.059986000747243029e+00 1.058230304381899828e-01 4.956917691230773926e+01
9.000000000000000000e+01 2.308009339464084297e-05 1.238892339664512718e+02 2.066532973922364125e+00 1.077467923186513493e-01 5.161088132858276367e+01
9.100000000000000000e+01 -6.099233132154658195e-05 1.229291516332862528e+02 2.084248715343736347e+00 1.072041320613610071e-01 4.278341245651245117e+01
9.200000000000000000e+01 -6.066474302104589531e-05 1.224353503491594921e+02 2.074321616993048512e+00 1.104356176232667436e-01 4.988718032836914062e+01
9.300000000000000000e+01 2.751083761871102060e-05 1.210094504960359956e+02 2.078758069801874164e+00 1.044200918782925008e-01 5.203670024871826172e+01
9.400000000000000000e+01 2.335450263129590554e-05 1.209034411660422421e+02 2.057183200336509810e+00 1.121405369515970224e-01 4.574742245674133301e+01
9.500000000000000000e+01 -2.434905875656548030e-05 1.199368364084142939e+02 2.052006933812188016e+00 1.084943874325098589e-01 4.522697186470031738e+01
9.600000000000000000e+01 -2.551880642824684781e-05 1.186547875100761047e+02 2.087746897670320845e+00 1.021712392405382253e-01 4.408963346481323242e+01
9.700000000000000000e+01 2.628006462549439457e-05 1.173866995803524986e+02 2.078555406177249765e+00 1.017925669799062127e-01 5.217329740524291992e+01
9.800000000000000000e+01 -2.836862267891010223e-05 1.170577155407109728e+02 2.072886194761748069e+00 1.091187272319035090e-01 4.735677742958068848e+01
9.900000000000000000e+01 1.767055566891207277e-05 1.160779407379090742e+02 2.062727251735869682e+00 1.056369174212148515e-01 4.977912688255310059e+01
