2.000000000000000000e+00 9.323065695257417781e-03 1.368505114152353599e+03 1.681038788335639245e+00 2.367624921323152609e-01 7.511877775192260742e+00
3.000000000000000000e+00 1.692964207579001007e-03 1.478842977345176450e+03 1.478936417006642356e+00 2.600889029059613167e-01 8.721390247344970703e+00
4.000000000000000000e+00 -1.411316233028098253e-03 1.361119293595787667e+03 1.452159091753593589e+00 2.543734712819042398e-01 9.535827875137329102e+00
5.000000000000000000e+00 1.835437999174715498e-04 1.204212657752251971e+03 1.563213733292253993e+00 2.343100224190878267e-01 1.477275633811950684e+01
6.000000000000000000e+00 -7.083198238007507117e-04 1.100896266949567689e+03 1.569391608339169020e+00 2.225090575272265780e-01 1.697534537315368652e+01
7.000000000000000000e+00 -4.681187265337476123e-04 1.003110066419201416e+03 1.717000558816914824e+00 1.917138366928518023e-01 2.409666728973388672e+01
8.000000000000000000e+00 7.599973905656508873e-04 9.429317541999802188e+02 1.612583710265784731e+00 2.014798070031070254e-01 1.578002023696899414e+01
9.000000000000000000e+00 4.156505382865180540e-04 8.943571852644353157e+02 1.645905550898566716e+00 1.991049836482547408e-01 2.095316720008850098e+01
1.000000000000000000e+01 -2.016972720925521876e-04 8.478802130057387103e+02 1.594412663681819442e+00 1.938395928986977879e-01 2.683873152732849121e+01
1.100000000000000000e+01 -2.038185922937366047e-04 8.009323197771915375e+02 1.616829885279162937e+00 1.964629590416582250e-01 2.671476483345031738e+01
1.200000000000000000e+01 -7.590640708755804107e-04 7.663570274662210977e+02 1.598843188611747790e+00 1.911617443922541681e-01 2.161813569068908691e+01
1.300000000000000000e+01 -7.935965914132989043e-04 7.382023755179686759e+02 1.576370402647595537e+00 1.890858258043714712e-01 2.555267071723937988e+01
1.400000000000000000e+01 -5.331871622010238418e-04 7.159622213889566638e+02 1.542150630607716177e+00 1.911277030103042118e-01 1.906293368339538574e+01
1.500000000000000000e+01 -7.153378749077455613e-04 6.897186290684268215e+02 1.534756084874472570e+00 1.851265909300847112e-01 2.255566143989562988e+01
1.600000000000000000e+01 -6.607620431802800577e-04 6.657308672319255720e+02 1.528529908424340000e+00 1.839104960943337419e-01 2.521013927459716797e+01
1.700000000000000000e+01 -1.873366757155562050e-04 6.396353169016700804e+02 1.571763398141670542e+00 1.841963246043208935e-01 2.933692145347595215e+01
1.800000000000000000e+01 -3.865713452941835953e-04 6.239940904223016105e+02 1.560163829236052901e+00 1.753218626840551131e-01 2.811170148849487305e+01
1.900000000000000000e+01 -6.392016845341575966e-04 5.994382462421573337e+02 1.650820416988495465e+00 1.697924950599878913e-01 2.245748353004455566e+01
2.000000000000000000e+01 -6.431647734385129937e-04 5.840897750900487608e+02 1.607619562651127598e+00 1.693189298973371282e-01 1.793979763984680176e+01
2.100000000000000000e+01 -7.316017695882420010e-04 5.695715192893241010e+02 1.623306224112056828e+00 1.670215639908244065e-01 2.461180925369262695e+01
2.200000000000000000e+01 -7.533691218504340835e-04 5.506020525248803779e+02 1.601564238487365843e+00 1.672257836922520779e-01 2.488574171066284180e+01
2.300000000000000000e+01 -6.519919913852426563e-04 5.362100376522337228e+02 1.694995589741607134e+00 1.625843968174179588e-01 2.387167191505432129e+01
2.400000000000000000e+01 -6.736237403608631496e-04 5.256636623194951881e+02 1.657304726572222719e+00 1.627854596016762856e-01 2.223316144943237305e+01
2.500000000000000000e+01 -5.719000996797741695e-04 5.097381781235811786e+02 1.715507557591676946e+00 1.658859917526845917e-01 2.339897465705871582e+01
2.600000000000000000e+01 -7.553684961479385654e-04 5.012966938560297763e+02 1.688832159975885761e+00 1.610457348384138065e-01 2.115167641639709473e+01
2.700000000000000000e+01 -5.581651213859040476e-04 4.859852872280497991e+02 1.708464356994794819e+00 1.534168051333324456e-01 2.435051536560058594e+01
2.800000000000000000e+01 -9.004430930628582125e-04 4.755476387813587280e+02 1.721081187856301487e+00 1.555659320698166703e-01 2.935028100013732910e+01
2.900000000000000000e+01 -6.591212905404573953e-04 4.651849476491427140e+02 1.724028541602323328e+00 1.543556605579821384e-01 2.643676280975341797e+01
3.000000000000000000e+01 -6.265159348458272832e-04 4.551914473550039020e+02 1.708348616394223862e+00 1.507458087298055027e-01 2.245310354232788086e+01
3.100000000000000000e+01 -5.045356247154988072e-04 4.448841272333513075e+02 1.748001192273238136e+00 1.495896243956813254e-01 2.064748787879943848e+01
3.200000000000000000e+01 -7.020783526764405374e-04 4.359690275561036401e+02 1.735098816144425626e+00 1.481815131559183207e-01 2.313047385215759277e+01
3.300000000000000000e+01 -3.220891206293039215e-04 4.277861863284616106e+02 1.730039621786731097e+00 1.477042459718451162e-01 2.181799602508544922e+01
3.400000000000000000e+01 -3.188435580722742343e-04 4.162196709902641487e+02 1.722298352992028825e+00 1.483635900379808581e-01 2.653878045082092285e+01
3.500000000000000000e+01 -8.900959589679483799e-04 4.080322884700072450e+02 1.782880812450398977e+00 1.377873560840793266e-01 2.342505908012390137e+01
3.600000000000000000e+01 -6.187015862749649202e-04 4.022616652360558192e+02 1.785755912009537649e+00 1.353048580848620341e-01 2.309345912933349609e+01
3.700000000000000000e+01 -4.575970531529497233e-04 3.941784182881702918e+02 1.758762572622653453e+00 1.364913583751993231e-01 2.284975934028625488e+01
3.800000000000000000e+01 -6.844481825145574396e-04 3.871728472008920221e+02 1.803871061669646947e+00 1.431482653125622229e-01 2.305710506439208984e+01
3.900000000000000000e+01 -7.138629411517970159e-04 3.811434821318185300e+02 1.766420357268985830e+00 1.434262721605011615e-01 2.113541913032531738e+01
4.000000000000000000e+01 -3.517126431714421675e-04 3.749071577624583256e+02 1.780616024455643487e+00 1.325393294112162668e-01 2.651895856857299805e+01
4.100000000000000000e+01 -6.156389730407781091e-04 3.655288679451710436e+02 1.827972298881537894e+00 1.357984333579079494e-01 2.596324563026428223e+01
4.200000000000000000e+01 -7.050686155480469881e-04 3.611665264839898555e+02 1.788391002980146638e+00 1.322845433495760392e-01 2.397496223449707031e+01
4.300000000000000000e+01 -5.190767960949510713e-04 3.556799524854485526e+02 1.804365462608999549e+00 1.307120178644038677e-01 2.110982847213745117e+01
4.400000000000000000e+01 -6.662397960917247706e-04 3.491002833171257862e+02 1.825806433741611556e+00 1.249482219056004262e-01 2.836824107170104980e+01
4.500000000000000000e+01 -7.843373798006695067e-04 3.452803003314639909e+02 1.807467660582647850e+00 1.298872395434003402e-01 2.895168852806091309e+01
4.600000000000000000e+01 -1.157154274737679439e-04 3.426003141056295362e+02 1.790719517916592229e+00 1.286176677674480406e-01 2.563803744316101074e+01
4.700000000000000000e+01 -4.952350521937552968e-04 3.363072003134880106e+02 1.777667201335682234e+00 1.307807250514419206e-01 2.641713047027587891e+01
4.800000000000000000e+01 -5.389938512128093122e-04 3.325703842658629128e+02 1.828059898467325084e+00 1.278258345624992409e-01 2.159246301651000977e+01
4.900000000000000000e+01 -7.803744491141737134e-04 3.235930904405664705e+02 1.829133758444860813e+00 1.251749661416464154e-01 2.352248835563659668e+01
5.000000000000000000e+01 -3.808769229773892773e-04 3.196908706187535358e+02 1.828253914229074129e+00 1.241115471742840065e-01 2.404246878623962402e+01
5.100000000000000000e+01 -5.211534361036870193e-04 3.160227443437019588e+02 1.836556339659101589e+00 1.170198176176141802e-01 2.394842314720153809e+01
5.200000000000000000e+01 -4.469181758476520111e-04 3.132780887902296172e+02 1.818433316462863436e+00 1.249709372299276366e-01 2.112814211845397949e+01
5.300000000000000000e+01 -5.612417612938573564e-04 3.080529384655760623e+02 1.853379853164251800e+00 1.155136402628216957e-01 2.442925715446472168e+01
5.400000000000000000e+01 -1.489199026017578361e-04 3.012552926440462784e+02 1.882572945860037539e+00 1.113782794368788215e-01 2.473112010955810547e+01
5.500000000000000000e+01 -4.270143829797149186e-04 3.007735791608678255e+02 1.897094583973487403e+00 1.144952343643740184e-01 2.337348127365112305e+01
5.600000000000000000e+01 -6.338871619162988070e-04 2.964519664241582291e+02 1.819771990323775901e+00 1.217988979948125688e-01 2.123542332649230957e+01
5.700000000000000000e+01 -5.719730836179366109e-04 2.919681416777718823e+02 1.845008754026876252e+00 1.166819600829881870e-01 2.368844747543334961e+01
5.800000000000000000e+01 -8.255842912750449656e-04 2.879616688614634086e+02 1.875893530923328667e+00 1.202991639772128807e-01 3.140255379676818848e+01
5.900000000000000000e+01 -4.028161510243592107e-04 2.866848447769730797e+02 1.817804557187047809e+00 1.187189372840078833e-01 2.995344471931457520e+01
6.000000000000000000e+01 -8.153817076573355131e-04 2.829909248765238203e+02 1.846432730806343292e+00 1.204303627790227899e-01 2.946151351928710938e+01
6.100000000000000000e+01 -5.572131902946948030e-04 2.783381337714483266e+02 1.845201306672256569e+00 1.157198416427001331e-01 2.260040688514709473e+01
6.200000000000000000e+01 -5.876925129870146395e-04 2.765859419209965040e+02 1.863178237405705095e+00 1.164197213552374544e-01 2.414037775993347168e+01
6.300000000000000000e+01 -7.840653450008030134e-04 2.713065392980516890e+02 1.862783223419943290e+00 1.189628496634453081e-01 2.879399800300598145e+01
6.400000000000000000e+01 -3.278383134252944539e-04 2.695763070374363792e+02 1.871011813848336480e+00 1.132062240338123776e-01 3.118473982810974121e+01
6.500000000000000000e+01 -6.210275830625358769e-04 2.680174924688180340e+02 1.867063469526395680e+00 1.148956964873422693e-01 3.196368432044982910e+01
6.600000000000000000e+01 -4.979095798104202089e-04 2.646003885082121769e+02 1.851850316037890964e+00 1.172990610695858610e-01 2.514557981491088867e+01
6.700000000000000000e+01 -5.917882787111596130e-04 2.613666611890101876e+02 1.903407647230068500e+00 1.057233103485978459e-01 2.110185956954956055e+01
6.800000000000000000e+01 -2.260789628590624458e-04 2.600182741602102965e+02 1.847697166606790731e+00 1.071509962926260745e-01 2.487677240371704102e+01
6.900000000000000000e+01 -3.439518853027657757e-04 2.572530196543324337e+02 1.866165139646172255e+00 1.098689034656517571e-01 1.929564571380615234e+01
7.000000000000000000e+01 -5.921706635410407338e-04 2.555259412073953627e+02 1.844545970084078945e+00 1.166350266510840922e-01 2.691613554954528809e+01
7.100000000000000000e+01 -5.667208823959413036e-04 2.513729360477229022e+02 1.878223332499157516e+00 1.092316779500123181e-01 2.696967458724975586e+01
7.200000000000000000e+01 -4.902517003005951073e-04 2.484447061890045347e+02 1.849100926908471498e+00 1.105176825797381801e-01 2.213710069656372070e+01
7.300000000000000000e+01 -4.674107316689729390e-04 2.472017388681078103e+02 1.850910709303832835e+00 1.082265658345399478e-01 2.777201604843139648e+01
7.400000000000000000e+01 -5.482774102945158195e-04 2.440718173693322797e+02 1.876130225033628918e+00 1.101367253694973403e-01 2.396782660484313965e+01
7.500000000000000000e+01 -3.735706110430592392e-04 2.421837254093787521e+02 1.851293080307579775e+00 1.080251691929292185e-01 2.958051538467407227e+01
7.600000000000000000e+01 -4.112549559214863934e-04 2.412989042860289715e+02 1.847077421565814559e+00 1.062025533276678285e-01 2.790917229652404785e+01
7.700000000000000000e+01 -3.558656584628307781e-04 2.386977462194675184e+02 1.853766865931587127e+00 1.089833189853389034e-01 2.916457390785217285e+01
7.800000000000000000e+01 -4.500055857044643788e-04 2.355367002804275955e+02 1.871045487885942382e+00 1.068649862098561831e-01 2.672222328186035156e+01
7.900000000000000000e+01 -3.035558010012698728e-04 2.334776511440785214e+02 1.878627147912744766e+00 1.042181010263726476e-01 3.228168392181396484e+01
8.000000000000000000e+01 -3.114756521637136798e-04 2.321145590850918268e+02 1.842859173157848529e+00 1.059174156119659788e-01 2.453718686103820801e+01
8.100000000000000000e+01 -6.168002203764623350e-04 2.290862368225307364e+02 1.868301400746915641e+00 1.096557228126889133e-01 3.367421340942382812e+01
8.200000000000000000e+01 -4.546758391804539470e-04 2.279847850765234227e+02 1.869952932723665029e+00 1.100830651351468181e-01 2.286039471626281738e+01
8.300000000000000000e+01 -3.975069550023124180e-04 2.264158366931739579e+02 1.845914153088309195e+00 1.066809548863691809e-01 3.083814072608947754e+01
8.400000000000000000e+01 -4.482254518368563537e-04 2.258987395807171481e+02 1.843675953642107679e+00 1.114423473691226879e-01 2.989383912086486816e+01
8.500000000000000000e+01 -4.808792218487031194e-04 2.210684557480523154e+02 1.890882229248786128e+00 1.032681008226745967e-01 2.912513470649719238e+01
8.600000000000000000e+01 -4.676555954839271226e-04 2.205920804453077722e+02 1.855973304005862135e+00 1.071892770346590390e-01 2.500008082389831543e+01
8.700000000000000000e+01 -3.959843903410272914e-04 2.200364447570076720e+02 1.872870930319880722e+00 1.016351345199719008e-01 3.265202426910400391e+01
8.800000000000000000e+01 -5.724828988640411672e-04 2.176857935236639037e+02 1.869733903883384007e+00 1.078424895608754430e-01 3.572182416915893555e+01
8.900000000000000000e+01 -4.702481119499139534e-04 2.159197147680842193e+02 1.855544091099913695e+00 1.055743068887771696e-01 2.843026947975158691e+01
9.000000000000000000e+01 -6.844952741908754334e-04 2.129802723035821828e+02 1.878314687249679205e+00 1.100225050240692115e-01 2.553939104080200195e+01
9.100000000000000000e+01 -6.363267651058643988e-04 2.114171486611560340e+02 1.883558514263599548e+00 1.055904049048791010e-01 2.695227789878845215e+01
9.200000000000000000e+01 -4.349599362764183276e-04 2.110190107162403308e+02 1.860609354739946264e+00 1.120721540739635369e-01 2.360489273071289062e+01
9.300000000000000000e+01 -5.923956976457107415e-04 2.082329725804194709e+02 1.867998080629168500e+00 1.025411981505408993e-01 2.626981329917907715e+01
9.400000000000000000e+01 -4.716584868367294748e-04 2.087940452187565654e+02 1.877063156876455974e+00 1.009520012576788639e-01 3.170951199531555176e+01
9.500000000000000000e+01 -5.179731777643480778e-04 2.061208009466722331e+02 1.866533762832012222e+00 1.007864334972006781e-01 2.788696837425231934e+01
9.600000000000000000e+01 -4.063426168661255292e-04 2.051047670347794565e+02 1.857250522421186600e+00 1.031716974063402875e-01 2.671399044990539551e+01
9.700000000000000000e+01 -3.977556476949047786e-04 2.029666303426763818e+02 1.852331099348634824e+00 9.957005214660487324e-02 2.580544781684875488e+01
9.800000000000000000e+01 -4.051118311523991210e-04 2.022536164678125203e+02 1.868691636041660997e+00 1.079148433293241199e-01 2.799230217933654785e+01
9.900000000000000000e+01 -4.470056228629976634e-04 1.985779458967774929e+02 1.889211029851796564e+00 9.823525692678063137e-02 3.262684273719787598e+01
