2.000000000000000000e+00 9.129128528408436173e-04 1.533962675402626928e+03 1.655346158525581091e+00 2.437399447059440671e-01 7.295286655426025391e+00
3.000000000000000000e+00 7.617703074065717075e-03 1.199483423090651740e+03 1.737407951810114426e+00 1.998132689109972104e-01 1.109312725067138672e+01
4.000000000000000000e+00 -1.056099153040116617e-03 1.131089557396118153e+03 1.618810414980932588e+00 2.177139209638749295e-01 1.376806950569152832e+01
5.000000000000000000e+00 -9.594606477060360281e-04 1.108038831935936514e+03 1.574568887466337719e+00 2.293742659127132322e-01 1.540615105628967285e+01
6.000000000000000000e+00 -2.876007169530648937e-04 1.019130634926340917e+03 1.559576683710306222e+00 2.185022356071001093e-01 1.762475132942199707e+01
7.000000000000000000e+00 5.456450515260886507e-05 9.576533541915289334e+02 1.606831882370949538e+00 2.217002588000993590e-01 2.800492167472839355e+01
8.000000000000000000e+00 1.816623396669692710e-04 8.921168425090049823e+02 1.587698081625072755e+00 2.081970602946917603e-01 2.406899619102478027e+01
9.000000000000000000e+00 -4.192177870161006674e-04 8.376924833569275961e+02 1.553464218967187005e+00 2.021449584931416521e-01 1.965630412101745605e+01
1.000000000000000000e+01 5.516656269909336164e-05 7.995510056660850751e+02 1.612942347467757331e+00 1.958052722837390625e-01 2.626450586318969727e+01
1.100000000000000000e+01 1.723734116214682992e-04 7.572145902144316096e+02 1.564747193615843690e+00 1.858077160026199437e-01 1.692942285537719727e+01
1.200000000000000000e+01 3.537181593583420508e-04 7.224443074251198595e+02 1.621959979181752276e+00 1.805636451060896874e-01 2.910102915763854980e+01
1.300000000000000000e+01 7.310539158846055246e-04 6.911648758966690593e+02 1.616154131264688765e+00 1.773581292597441739e-01 2.280314087867736816e+01
1.400000000000000000e+01 5.178940571982869855e-04 6.605381331920136745e+02 1.677773770851370472e+00 1.731183437101978251e-01 2.125273394584655762e+01
1.500000000000000000e+01 5.840480539147372471e-04 6.299611720385771605e+02 1.728969054018814289e+00 1.762295600153135078e-01 2.205117011070251465e+01
1.600000000000000000e+01 4.753713870605085216e-04 6.006175212078740060e+02 1.791121967927036707e+00 1.727717172400064782e-01 1.872529578208923340e+01
1.700000000000000000e+01 7.689102776270230781e-04 5.795037387722895801e+02 1.742050388353432400e+00 1.641871792309855249e-01 2.706499290466308594e+01
1.800000000000000000e+01 2.048244262836380978e-04 5.615701271774577208e+02 1.732960116642995319e+00 1.615380224435443435e-01 2.298175573348999023e+01
1.900000000000000000e+01 2.446601830351288883e-04 5.432050840083422827e+02 1.802685149323443481e+00 1.540226595635481865e-01 2.031105351448059082e+01
2.000000000000000000e+01 4.294595156911623895e-04 5.259640327691067796e+02 1.807301854864582724e+00 1.616167636086462966e-01 2.438669967651367188e+01
2.100000000000000000e+01 3.242543775815370029e-04 5.111517299122075997e+02 1.738128614238721559e+00 1.524061357663496763e-01 2.669472670555114746e+01
2.200000000000000000e+01 4.322346095066090656e-04 4.940056666208272418e+02 1.805447628983465114e+00 1.475463670347313960e-01 2.606611919403076172e+01
2.300000000000000000e+01 3.181439548393919675e-04 4.818634805095501292e+02 1.768809739551398419e+00 1.486914468210752682e-01 2.279006958007812500e+01
2.400000000000000000e+01 -3.900427183409494174e-05 4.666298551062824913e+02 1.848372421729516546e+00 1.555912243151094942e-01 2.323573613166809082e+01
2.500000000000000000e+01 3.781096791683700976e-04 4.531780497615009153e+02 1.833997848227609140e+00 1.449090826018914202e-01 2.134191155433654785e+01
2.600000000000000000e+01 2.227001648190649367e-04 4.443202621824457310e+02 1.782151935368362361e+00 1.549032238783641102e-01 2.434024310111999512e+01
2.700000000000000000e+01 1.908910955660542282e-04 4.324462950116734419e+02 1.824893745248741928e+00 1.461162199131134376e-01 2.756172490119934082e+01
2.800000000000000000e+01 1.826031273411966556e-04 4.268201570960015374e+02 1.741807948368099934e+00 1.488962077762100156e-01 3.093012905120849609e+01
2.900000000000000000e+01 3.767500455818248504e-04 4.143138946089690648e+02 1.777881193257340620e+00 1.429425488824558055e-01 2.309476137161254883e+01
3.000000000000000000e+01 1.583984662918782346e-04 4.050134285891705304e+02 1.822641217035076533e+00 1.413690959935696156e-01 2.497280240058898926e+01
3.100000000000000000e+01 4.275762830821242433e-04 3.981461490683332158e+02 1.799956881794312347e+00 1.455636621745261816e-01 3.292055940628051758e+01
3.200000000000000000e+01 3.296625200890176857e-04 3.888351308248759324e+02 1.819031453794589304e+00 1.433265355195669777e-01 2.809132695198059082e+01
3.300000000000000000e+01 1.920238600076672544e-04 3.818423668170634073e+02 1.787722590949151646e+00 1.419905540562616253e-01 1.712319874763488770e+01
3.400000000000000000e+01 2.506964857222334438e-04 3.723508426559044437e+02 1.810418309763603961e+00 1.421661497910921557e-01 2.076884555816650391e+01
3.500000000000000000e+01 4.058478041256367700e-04 3.652501121031637012e+02 1.817989575894936927e+00 1.394480286296082838e-01 2.268243813514709473e+01
3.600000000000000000e+01 3.154380223533716199e-04 3.597288925239438413e+02 1.825472456525661924e+00 1.321953595393118297e-01 2.575994181632995605e+01
3.700000000000000000e+01 1.330260456155410854e-04 3.528113023324095820e+02 1.803060513841798551e+00 1.434714147598362965e-01 2.347175550460815430e+01
3.800000000000000000e+01 2.223512963501320420e-04 3.454890667118196461e+02 1.849352277071433903e+00 1.358591794597147351e-01 2.775559067726135254e+01
3.900000000000000000e+01 7.088526011696935571e-05 3.405324672229399994e+02 1.831379417583443248e+00 1.293363369219162340e-01 2.867199850082397461e+01
4.000000000000000000e+01 1.598442318139670526e-04 3.365014312588169787e+02 1.842948767598925786e+00 1.268827110797726421e-01 2.956960701942443848e+01
4.100000000000000000e+01 2.795058605599136273e-04 3.296791401792829674e+02 1.864470395561276028e+00 1.349974575373204255e-01 2.490012788772583008e+01
4.200000000000000000e+01 3.245529561751653367e-04 3.249603273822561960e+02 1.799004945174504710e+00 1.337970777093258623e-01 2.293734836578369141e+01
4.300000000000000000e+01 2.570711112215768083e-04 3.188230010310912235e+02 1.835519348859455002e+00 1.211455475729068670e-01 2.041642475128173828e+01
4.400000000000000000e+01 2.731773060417699872e-04 3.155187837418815207e+02 1.827835163024784659e+00 1.324861536884236191e-01 2.614088845252990723e+01
4.500000000000000000e+01 2.604149195636028258e-04 3.106063011193046464e+02 1.882257215188338328e+00 1.283991422580815778e-01 2.139886116981506348e+01
4.600000000000000000e+01 2.415433473087998714e-04 3.062042273163117443e+02 1.837971186601911278e+00 1.311398789206926763e-01 2.182090067863464355e+01
4.700000000000000000e+01 1.885275483194168546e-04 3.020091783507155014e+02 1.847155439538763488e+00 1.315914145253104794e-01 2.668531608581542969e+01
4.800000000000000000e+01 1.386391527553178064e-04 2.963864234058795546e+02 1.836966213768278733e+00 1.228003524896418286e-01 2.446628761291503906e+01
4.900000000000000000e+01 8.560801622932187973e-05 2.930826368642419766e+02 1.783196007784190629e+00 1.234872488458499951e-01 2.436818122863769531e+01
5.000000000000000000e+01 6.051694383307501746e-05 2.897639688085782268e+02 1.827530681287534264e+00 1.217140519018131278e-01 2.761103034019470215e+01
5.100000000000000000e+01 3.270250442309281314e-05 2.851975222494276068e+02 1.837562054510759602e+00 1.252007927916376495e-01 2.809468746185302734e+01
5.200000000000000000e+01 2.391337152274503877e-04 2.811980234877074167e+02 1.855915465137657261e+00 1.201469416334006862e-01 3.099398660659790039e+01
5.300000000000000000e+01 1.063336727074830882e-04 2.792431299751667098e+02 1.848282889940596529e+00 1.233836653801548278e-01 2.333587765693664551e+01
5.400000000000000000e+01 1.914830576204414817e-04 2.750569225768070396e+02 1.842506174998213453e+00 1.238039926629445481e-01 2.268064022064208984e+01
5.500000000000000000e+01 3.628969813873527610e-05 2.718754155732701747e+02 1.861564789973652490e+00 1.170075166809019379e-01 3.095235466957092285e+01
5.600000000000000000e+01 -6.647036023038141862e-06 2.681638001945408973e+02 1.834299074536151597e+00 1.150885782879506603e-01 2.834501433372497559e+01
5.700000000000000000e+01 2.181343231757168011e-04 2.654246519228009333e+02 1.858594194435348346e+00 1.150248223413601056e-01 3.523932361602783203e+01
5.800000000000000000e+01 1.026043282820089940e-04 2.613238242398841749e+02 1.829533498433016936e+00 1.207806322916914477e-01 2.789875555038452148e+01
5.900000000000000000e+01 1.353848131274272375e-04 2.594212622843345457e+02 1.862322941234920703e+00 1.215307205982770894e-01 2.852258133888244629e+01
6.000000000000000000e+01 2.214396202530722973e-04 2.562133938821446577e+02 1.858431859857087254e+00 1.177432350169783370e-01 2.849158334732055664e+01
6.100000000000000000e+01 1.909749558398111957e-04 2.534343250724587620e+02 1.887099554315060157e+00 1.168664955767936137e-01 2.468841218948364258e+01
6.200000000000000000e+01 1.646334784353171825e-04 2.506416829340363677e+02 1.851242476205156029e+00 1.142517394242789641e-01 4.141928243637084961e+01
6.300000000000000000e+01 1.678955238502054465e-04 2.465426242811841462e+02 1.855498877564512705e+00 1.141598113846761242e-01 2.339950776100158691e+01
6.400000000000000000e+01 1.844295195782820159e-04 2.439261562764209827e+02 1.875153241793852565e+00 1.170186683642841508e-01 2.788414645195007324e+01
6.500000000000000000e+01 1.614828786668106263e-04 2.427150403608758324e+02 1.896156993414525260e+00 1.180326673151960853e-01 3.069366550445556641e+01
6.600000000000000000e+01 1.037080141496514793e-04 2.415951353841563503e+02 1.871790883379131021e+00 1.133297829808512236e-01 2.763781571388244629e+01
6.700000000000000000e+01 2.260416825946651035e-04 2.366108395344977282e+02 1.892051502800440543e+00 1.196600705823829547e-01 2.776467943191528320e+01
6.800000000000000000e+01 2.524206311914769596e-04 2.351578230905374483e+02 1.842336061275816395e+00 1.082426087495104022e-01 2.324979615211486816e+01
6.900000000000000000e+01 2.159128349744691663e-04 2.315755836546576916e+02 1.875249611510768633e+00 1.095832352526591724e-01 2.622984623908996582e+01
7.000000000000000000e+01 1.259095011754250574e-04 2.298262638279070416e+02 1.844379391073634800e+00 1.132424660102105407e-01 2.227880811691284180e+01
7.100000000000000000e+01 1.514204838052242734e-04 2.297015844639042541e+02 1.832781307806099713e+00 1.142016505204629107e-01 2.860454559326171875e+01
7.200000000000000000e+01 1.154757280020433073e-04 2.269940019880145030e+02 1.827394793259088601e+00 1.140252230803212308e-01 2.554477238655090332e+01
7.300000000000000000e+01 1.158998831125669161e-04 2.245003832416776959e+02 1.838906355487079258e+00 1.144871218674860663e-01 2.877088403701782227e+01
7.400000000000000000e+01 1.551376056981447591e-04 2.222948322483106267e+02 1.828636012558388035e+00 1.130943287781747825e-01 2.514229965209960938e+01
7.500000000000000000e+01 3.021512083561120007e-04 2.206821223793907052e+02 1.849394423083318362e+00 1.100082673014145529e-01 3.186892580986022949e+01
7.600000000000000000e+01 1.687504453457080739e-04 2.183639735619508144e+02 1.864057330977147320e+00 1.116259898141985230e-01 2.443038558959960938e+01
7.700000000000000000e+01 1.356663516346156835e-04 2.165983519879487460e+02 1.844006850707252454e+00 1.067098887045643679e-01 2.603173899650573730e+01
7.800000000000000000e+01 1.499450430725160553e-04 2.138760830607643300e+02 1.858079290777154835e+00 1.066692567640434297e-01 2.773333096504211426e+01
7.900000000000000000e+01 1.184608959071127256e-04 2.121413206698234717e+02 1.874253543912522080e+00 1.073990713315552681e-01 3.293575358390808105e+01
8.000000000000000000e+01 1.054385476379082770e-04 2.104165367844054799e+02 1.845882213137643557e+00 1.106679728190821388e-01 3.203017687797546387e+01
8.100000000000000000e+01 1.748271445595066568e-04 2.085433019321167194e+02 1.870291306990099267e+00 1.099621227158907311e-01 2.713606333732604980e+01
8.200000000000000000e+01 1.539783674465440935e-04 2.066927747319045352e+02 1.858343154258966345e+00 1.065903176531363128e-01 2.965476703643798828e+01
8.300000000000000000e+01 1.560203413828381634e-04 2.042706579532090814e+02 1.887187777993856841e+00 1.065380089005987657e-01 2.463742041587829590e+01
8.400000000000000000e+01 7.247759985695938331e-05 2.040273589208970009e+02 1.834247129476136218e+00 1.081505995449098256e-01 2.741182732582092285e+01
8.500000000000000000e+01 1.483136798066267772e-04 2.006135664115724921e+02 1.875244325687178248e+00 1.055666719181625746e-01 2.963566255569458008e+01
8.600000000000000000e+01 1.528175747968130356e-04 1.996772290166256312e+02 1.893509866116934726e+00 1.063370155151407426e-01 2.858351206779479980e+01
8.700000000000000000e+01 1.143142526896597817e-04 1.984848639033968709e+02 1.867994664779927483e+00 1.058538108272419342e-01 3.070884394645690918e+01
8.800000000000000000e+01 2.537135519106103413e-04 1.971619681499971080e+02 1.855105441458352766e+00 1.080438525818127604e-01 2.778397774696350098e+01
8.900000000000000000e+01 9.598968221272190715e-05 1.953168685079063778e+02 1.853370946803872377e+00 1.074539279627355348e-01 3.441361474990844727e+01
9.000000000000000000e+01 1.370358203229560257e-04 1.934405872088318574e+02 1.852891296958495193e+00 1.050904479978507777e-01 3.220908331871032715e+01
9.100000000000000000e+01 6.361809326493527100e-05 1.935293391400252290e+02 1.854216835092507676e+00 1.127215476754693663e-01 3.217502307891845703e+01
9.200000000000000000e+01 1.337715746604196498e-04 1.907798299574507723e+02 1.863019871879893152e+00 1.039952169089157913e-01 2.933494901657104492e+01
9.300000000000000000e+01 1.843851841543696140e-04 1.891685349715370705e+02 1.869969105312698776e+00 1.034767437968358156e-01 3.105674386024475098e+01
9.400000000000000000e+01 1.440009081549070192e-04 1.888502460421675551e+02 1.864298666418188200e+00 1.049924281318025815e-01 2.626978874206542969e+01
9.500000000000000000e+01 1.562598898386258076e-04 1.871524159263782678e+02 1.820587523282826359e+00 1.065305323997791792e-01 2.623808503150939941e+01
9.600000000000000000e+01 1.762495489955002775e-04 1.853481385112272051e+02 1.861262726669427936e+00 1.036846982224856467e-01 3.009221649169921875e+01
9.700000000000000000e+01 2.168744462434388318e-04 1.841121195370316457e+02 1.869708248515857818e+00 1.024669526877152737e-01 2.721881413459777832e+01
9.800000000000000000e+01 2.088731115683509568e-04 1.823147107983342039e+02 1.898992018419962458e+00 1.056131753592852440e-01 2.996123480796813965e+01
9.900000000000000000e+01 1.866905521539980774e-04 1.813639071973703665e+02 1.855590079338618636e+00 1.034431542733618009e-01 2.902151894569396973e+01
