2.000000000000000000e+00 7.050744415478815696e-03 2.100265006763667770e+03 1.399170633946476894e+00 3.028853130675286387e-01 1.011817479133605957e+01
3.000000000000000000e+00 -9.704397824016969482e-05 2.110448364217980725e+03 1.272946681725097173e+00 3.075844792397254834e-01 7.305374145507812500e+00
4.000000000000000000e+00 2.251275884298564506e-04 1.817693385780497238e+03 1.291449329869589491e+00 2.704111049615016138e-01 1.074099802970886230e+01
5.000000000000000000e+00 2.062388100998788611e-04 1.718481435122654148e+03 1.356595934964717642e+00 2.708864665617135570e-01 1.078944849967956543e+01
6.000000000000000000e+00 5.273396679682712312e-04 1.566299456218291880e+03 1.403335533387839673e+00 2.674050049792480732e-01 1.513457918167114258e+01
7.000000000000000000e+00 -4.456035875971914805e-04 1.421657102924381434e+03 1.385436623132058953e+00 2.408579450879781425e-01 1.818484830856323242e+01
8.000000000000000000e+00 1.788509348974793483e-04 1.322172601444116708e+03 1.503068851349874890e+00 2.340166226522436554e-01 1.728775835037231445e+01
9.000000000000000000e+00 6.602169026422091691e-04 1.249906348476418088e+03 1.493845087722063036e+00 2.340653511740342363e-01 1.680992221832275391e+01
1.000000000000000000e+01 5.099509696541412772e-04 1.166456066540358506e+03 1.532431946537551104e+00 1.970897387849592508e-01 1.881976985931396484e+01
1.100000000000000000e+01 5.195453043963147409e-04 1.094630731334240636e+03 1.621769924793602602e+00 1.972419064180483683e-01 2.177164053916931152e+01
1.200000000000000000e+01 6.782192701274771147e-04 1.032606100648241636e+03 1.634156475979108736e+00 1.966861625196016650e-01 2.391003775596618652e+01
1.300000000000000000e+01 2.445679629420378530e-04 9.826727644489232034e+02 1.654151828601831520e+00 1.795153843312271014e-01 2.165842580795288086e+01
1.400000000000000000e+01 6.643240342507171622e-04 9.419942174009014479e+02 1.681216932441464751e+00 1.716660069919019871e-01 2.327414298057556152e+01
1.500000000000000000e+01 5.023595959306680590e-04 8.928409902532690694e+02 1.685482550648522260e+00 1.705758635678703838e-01 2.380934715270996094e+01
1.600000000000000000e+01 6.574334407525224975e-04 8.598881902841827696e+02 1.698876832413505511e+00 1.752436104977671827e-01 2.620294809341430664e+01
1.700000000000000000e+01 6.983668679718114643e-04 8.215438204891605665e+02 1.712982927413788659e+00 1.683513572022276861e-01 2.796167612075805664e+01
1.800000000000000000e+01 1.689626186367042141e-04 7.922229505572785229e+02 1.697087484272836067e+00 1.604452469007195681e-01 1.963905167579650879e+01
1.900000000000000000e+01 7.397479194000891730e-04 7.632716517767148616e+02 1.780339225972324524e+00 1.540093964285484118e-01 2.541780781745910645e+01
2.000000000000000000e+01 3.894967593875595341e-04 7.418321979619393005e+02 1.711202190164457182e+00 1.615225063067869393e-01 2.980222392082214355e+01
2.100000000000000000e+01 5.077973774516385654e-04 7.162417006016219148e+02 1.710846316870586303e+00 1.668996428657203712e-01 2.272041630744934082e+01
2.200000000000000000e+01 6.007819789737091657e-04 6.961486768596267893e+02 1.671970343184868479e+00 1.595986520565582933e-01 2.905979180335998535e+01
2.300000000000000000e+01 4.111587063561103852e-04 6.726048899549750786e+02 1.739242485524854720e+00 1.537039907784294723e-01 2.010453343391418457e+01
2.400000000000000000e+01 7.430582903784391756e-04 6.553908998268026380e+02 1.757703558034842795e+00 1.500594903891522280e-01 2.817824101448059082e+01
2.500000000000000000e+01 3.784290393601069755e-04 6.406749264270285948e+02 1.694110012699178158e+00 1.524513269711170182e-01 3.024882268905639648e+01
2.600000000000000000e+01 4.204513226249709723e-04 6.246651475580591750e+02 1.745160086778590802e+00 1.453299636030826736e-01 2.736640882492065430e+01
2.700000000000000000e+01 5.553152828036302504e-04 6.092024965853322556e+02 1.695932808305431472e+00 1.350775942929847706e-01 2.833933401107788086e+01
2.800000000000000000e+01 6.151093232572077537e-04 5.953510426467759089e+02 1.721943157014931725e+00 1.396998391769442016e-01 2.483562135696411133e+01
2.900000000000000000e+01 5.837334682676548116e-04 5.786523023997083328e+02 1.776247822494821715e+00 1.411799546679267381e-01 2.777353453636169434e+01
3.000000000000000000e+01 3.504166696187551258e-04 5.694652065111829415e+02 1.739405282473470704e+00 1.454372375312128207e-01 2.759143877029418945e+01
3.100000000000000000e+01 5.681522835273418405e-04 5.541365431403637558e+02 1.740870585590853947e+00 1.311150732590928014e-01 3.374319481849670410e+01
3.200000000000000000e+01 5.487675790150347297e-04 5.423903667506923512e+02 1.762681527957775218e+00 1.435615389384439222e-01 2.638978099822998047e+01
3.300000000000000000e+01 4.401119223711508948e-04 5.327999478378328604e+02 1.753138056696833091e+00 1.436715094408132221e-01 2.532231521606445312e+01
3.400000000000000000e+01 6.512769346993769288e-04 5.208243420089206666e+02 1.785765713689364320e+00 1.394341393422285913e-01 2.721853852272033691e+01
3.500000000000000000e+01 8.144166850349722053e-04 5.132694039870357301e+02 1.751074186983233805e+00 1.331847682046344294e-01 2.315003681182861328e+01
3.600000000000000000e+01 6.906048580040301732e-04 5.025672401164104599e+02 1.739129338929881641e+00 1.434570214224472062e-01 3.016194581985473633e+01
3.700000000000000000e+01 7.023486859029566022e-04 4.942359669895469665e+02 1.742152609289094878e+00 1.447980104298784432e-01 2.182029008865356445e+01
3.800000000000000000e+01 5.318323697945127057e-04 4.859563281552846661e+02 1.748107360831049562e+00 1.319243337532371441e-01 2.645546174049377441e+01
3.900000000000000000e+01 6.835212035509534130e-04 4.770092768227225974e+02 1.769664732366878157e+00 1.424055418907058668e-01 2.681766390800476074e+01
4.000000000000000000e+01 8.027915216656291699e-04 4.695870517089503551e+02 1.735556250650397647e+00 1.446603558822522895e-01 2.566959404945373535e+01
4.100000000000000000e+01 7.592311323829873532e-04 4.618553967767137465e+02 1.751606000429687837e+00 1.422717305824562628e-01 2.671348881721496582e+01
4.200000000000000000e+01 7.446015503446593931e-04 4.531158737285103939e+02 1.771791798273848029e+00 1.426284567768251743e-01 2.751260781288146973e+01
4.300000000000000000e+01 7.403405750770015656e-04 4.444691834773533969e+02 1.765061726017927768e+00 1.210910718151416987e-01 2.523114728927612305e+01
4.400000000000000000e+01 5.839073278458494724e-04 4.405991179699530562e+02 1.792451421606267470e+00 1.287006145825690950e-01 2.994941306114196777e+01
4.500000000000000000e+01 5.381560062077810633e-04 4.301614405544204374e+02 1.774602079644260533e+00 1.313905064117580068e-01 2.310109829902648926e+01
4.600000000000000000e+01 4.987363545155092375e-04 4.254565445496041320e+02 1.800652954589212040e+00 1.219097729387636775e-01 2.927053833007812500e+01
4.700000000000000000e+01 4.878320141939586720e-04 4.212226010602408337e+02 1.799428607390578971e+00 1.193538159356313938e-01 2.831441664695739746e+01
4.800000000000000000e+01 6.846991778801530832e-04 4.141837865966149366e+02 1.770516115615768271e+00 1.232226236039353912e-01 2.738673567771911621e+01
4.900000000000000000e+01 6.172348779824463278e-04 4.076047696974123369e+02 1.787165231184666414e+00 1.293835055590073779e-01 2.939381289482116699e+01
5.000000000000000000e+01 4.008017265583749332e-04 4.025133079461778038e+02 1.808241205392752793e+00 1.195733557688802157e-01 2.187941551208496094e+01
5.100000000000000000e+01 5.808567966343480436e-04 3.965479333303654244e+02 1.788211560697557712e+00 1.282159663274204664e-01 2.173584771156311035e+01
5.200000000000000000e+01 6.335430311257256699e-04 3.926976649269229824e+02 1.802062330819895974e+00 1.261654447035548410e-01 2.925388097763061523e+01
5.300000000000000000e+01 4.467130740594278649e-04 3.869519336833770353e+02 1.782183673117276657e+00 1.159351172631510191e-01 2.195880889892578125e+01
5.400000000000000000e+01 5.713964338020696265e-04 3.811798013287370281e+02 1.797866613658473778e+00 1.138896849053958049e-01 2.792292404174804688e+01
5.500000000000000000e+01 6.281414411716871021e-04 3.749127123252745832e+02 1.859984181103884637e+00 1.188226136709839009e-01 2.387619066238403320e+01
5.600000000000000000e+01 5.587736387664918878e-04 3.733380745602253796e+02 1.811410473941554411e+00 1.197127644717352613e-01 2.288349819183349609e+01
5.700000000000000000e+01 5.955775303363914676e-04 3.678351663150331774e+02 1.817741317954693070e+00 1.174181933746589745e-01 2.756417703628540039e+01
5.800000000000000000e+01 4.781237488034016658e-04 3.636312847453449422e+02 1.815900988069135913e+00 1.152453315251011079e-01 3.110067653656005859e+01
5.900000000000000000e+01 5.161129571392565184e-04 3.592248735580491257e+02 1.826591648428838921e+00 1.144248414962593802e-01 2.364999985694885254e+01
6.000000000000000000e+01 5.508746398220290422e-04 3.564120381661235228e+02 1.789405044970768577e+00 1.188247299147670716e-01 2.319406509399414062e+01
6.100000000000000000e+01 7.719610098363545404e-04 3.506317515224515660e+02 1.798964537578894518e+00 1.231335167437871136e-01 3.158641719818115234e+01
6.200000000000000000e+01 3.923307115534788777e-04 3.468726211830596640e+02 1.798556579306622050e+00 1.161859818391671600e-01 2.685582137107849121e+01
6.300000000000000000e+01 5.942320961097168498e-04 3.424790711485638326e+02 1.839188721643742586e+00 1.176564289512148503e-01 2.649580764770507812e+01
6.400000000000000000e+01 6.782363769997450369e-04 3.386856998555718974e+02 1.787506329486424850e+00 1.166308117804394778e-01 2.487673664093017578e+01
6.500000000000000000e+01 5.750332669369060323e-04 3.352876470983582635e+02 1.822324119389662656e+00 1.180941962551905339e-01 2.977185940742492676e+01
6.600000000000000000e+01 5.728506963997855679e-04 3.334549301377460324e+02 1.815603279514822699e+00 1.141740393719740537e-01 2.822404956817626953e+01
6.700000000000000000e+01 5.554602241820420956e-04 3.288587882389812194e+02 1.800776982172844543e+00 1.124480794968186759e-01 2.409389638900756836e+01
6.800000000000000000e+01 5.085404266938301507e-04 3.249988102804137498e+02 1.811022679704082039e+00 1.133322947659154423e-01 3.408174276351928711e+01
6.900000000000000000e+01 5.712756758515536446e-04 3.205793782516868191e+02 1.835019650598038732e+00 1.173962081600504609e-01 2.275915431976318359e+01
7.000000000000000000e+01 4.553411209774724006e-04 3.186300730730056898e+02 1.894576018358857805e+00 1.118369529132904189e-01 2.615584802627563477e+01
7.100000000000000000e+01 4.982724922175144847e-04 3.166225251409267685e+02 1.851432021059569166e+00 1.138524166945867333e-01 2.510367965698242188e+01
7.200000000000000000e+01 5.401085298096245301e-04 3.112246091611409042e+02 1.852071897310528348e+00 1.090537908962908170e-01 3.164154171943664551e+01
7.300000000000000000e+01 5.059868227425472036e-04 3.102349929252122820e+02 1.852358939477121380e+00 1.138553554173682841e-01 2.743243646621704102e+01
7.400000000000000000e+01 6.003285469338410065e-04 3.061674662349401501e+02 1.830699534532751471e+00 1.097244553456809962e-01 2.806555962562561035e+01
7.500000000000000000e+01 5.625189204975933202e-04 3.035697065822338345e+02 1.823293351760255865e+00 1.176895953121728094e-01 3.034150052070617676e+01
7.600000000000000000e+01 6.182751710939773633e-04 3.006505942696995248e+02 1.845215540669499221e+00 1.115444597917332054e-01 3.034212803840637207e+01
7.700000000000000000e+01 6.558393984173803253e-04 2.983801761946868396e+02 1.828906266930353963e+00 1.143978551392311332e-01 2.640601778030395508e+01
7.800000000000000000e+01 4.850991884558894149e-04 2.968920008368431240e+02 1.796739602242226397e+00 1.124045550772567320e-01 3.582634854316711426e+01
7.900000000000000000e+01 5.004019977540793713e-04 2.922755651302961724e+02 1.803639464858066033e+00 1.137462909269272016e-01 2.992026805877685547e+01
8.000000000000000000e+01 5.891482839840473827e-04 2.910644958537697562e+02 1.836945135200997559e+00 1.170833030407054109e-01 2.325604915618896484e+01
8.100000000000000000e+01 5.036891352766373125e-04 2.875786854159901509e+02 1.849832347648393327e+00 1.098021861520486336e-01 2.692106223106384277e+01
8.200000000000000000e+01 5.643814780142488189e-04 2.837596231601547743e+02 1.865785998127651890e+00 1.127831381286431983e-01 2.503754639625549316e+01
8.300000000000000000e+01 5.124932624675131512e-04 2.838232493996729886e+02 1.839968304981205893e+00 1.118388579699486907e-01 2.385042786598205566e+01
8.400000000000000000e+01 5.564848887523347410e-04 2.805479607895891832e+02 1.865861037221766772e+00 1.048461780139121613e-01 2.348869442939758301e+01
8.500000000000000000e+01 6.428866202009324510e-04 2.775509574397619872e+02 1.818014185871618338e+00 1.072904199756629234e-01 2.576180863380432129e+01
8.600000000000000000e+01 4.918283212204174878e-04 2.751815024885214029e+02 1.874236357199891678e+00 1.133966315099939753e-01 2.425711846351623535e+01
8.700000000000000000e+01 4.262834841125796794e-04 2.756924315303030539e+02 1.828237485432877119e+00 1.076534078336040395e-01 3.212139892578125000e+01
8.800000000000000000e+01 5.352114197814343945e-04 2.714867234952111517e+02 1.846279566860658861e+00 1.131491151943268547e-01 2.506135129928588867e+01
8.900000000000000000e+01 4.925949492548627098e-04 2.689321417340728999e+02 1.929614974572460229e+00 1.067679895849454053e-01 2.493452548980712891e+01
9.000000000000000000e+01 5.631169463598145221e-04 2.665724991042788474e+02 1.835965824219857101e+00 1.121614034360227108e-01 3.089115309715270996e+01
9.100000000000000000e+01 4.938544051402069240e-04 2.657438992409254297e+02 1.846481781760328733e+00 1.130934083080064323e-01 2.866235113143920898e+01
9.200000000000000000e+01 6.142581386507274142e-04 2.628729949027058979e+02 1.816039230248877256e+00 1.094784410700076344e-01 2.920737934112548828e+01
9.300000000000000000e+01 5.188183530752699677e-04 2.607451701037603016e+02 1.822876702256823744e+00 1.135767784759728338e-01 2.920818996429443359e+01
9.400000000000000000e+01 5.839630606747702813e-04 2.576656707082300386e+02 1.896523181044151629e+00 1.051390951961033160e-01 2.936743259429931641e+01
9.500000000000000000e+01 4.460368432710892111e-04 2.567347987881041149e+02 1.869518089159680319e+00 1.046419847189614394e-01 2.948390984535217285e+01
9.600000000000000000e+01 5.532538627603817696e-04 2.551345337995374223e+02 1.834684656207724585e+00 1.096507437643507443e-01 2.452425146102905273e+01
9.700000000000000000e+01 4.764290145037691185e-04 2.527734193351141982e+02 1.823968067562550921e+00 1.091609770495726023e-01 2.784590864181518555e+01
9.800000000000000000e+01 4.555303414138536203e-04 2.513714495732355374e+02 1.845854206173160872e+00 1.051938284495683024e-01 2.526687836647033691e+01
9.900000000000000000e+01 6.062756475064929543e-04 2.499900978895046819e+02 1.863971168145025725e+00 1.098222230022633111e-01 3.102719974517822266e+01
