2.000000000000000000e+00 -1.915618727738789204e-02 1.034961096548453861e+04 7.588753519028352823e-01 5.285443012719596156e-01 7.470003604888916016e+00
3.000000000000000000e+00 -1.865001792092726984e-02 7.158693372836783055e+03 1.303010875458524342e+00 3.629923971355072942e-01 9.429641962051391602e+00
4.000000000000000000e+00 -1.759562939869505765e-02 5.424443450921567091e+03 1.369317375627471245e+00 3.062551375265796794e-01 1.395893597602844238e+01
5.000000000000000000e+00 -1.396569604745457466e-02 5.083321070573328143e+03 1.172603205149035599e+00 3.527133172089687574e-01 1.169743061065673828e+01
6.000000000000000000e+00 -9.888383547474349430e-03 4.650274132062813806e+03 1.448027931284105785e+00 2.889029004503318454e-01 1.889798235893249512e+01
7.000000000000000000e+00 -8.754759946913187596e-03 4.088871042366394249e+03 1.498635473323764122e+00 2.644122239182218337e-01 1.385936093330383301e+01
8.000000000000000000e+00 -6.779177846461721842e-03 4.055817200667481757e+03 1.410780689171810209e+00 2.798062972213385957e-01 1.575754308700561523e+01
9.000000000000000000e+00 -5.945447195528671784e-03 3.827295940499675453e+03 1.462545310784994834e+00 2.506738479349967519e-01 2.378485727310180664e+01
1.000000000000000000e+01 -6.353992282579341150e-03 3.508635787143307425e+03 1.551905004747748951e+00 2.415781561327821625e-01 1.241464304924011230e+01
1.100000000000000000e+01 -5.912992558189830022e-03 3.212998673951217825e+03 1.510900161830297739e+00 2.540849271519255437e-01 2.197308111190795898e+01
1.200000000000000000e+01 -4.155915689971464988e-03 3.100353866580890553e+03 1.592552980054025902e+00 2.451815921525714592e-01 1.826660561561584473e+01
1.300000000000000000e+01 -4.010075258998243089e-03 3.018470448705733816e+03 1.594992180609408061e+00 2.360997914504461559e-01 2.298151206970214844e+01
1.400000000000000000e+01 -4.248763284551627072e-03 2.868225238877022093e+03 1.637943601774787039e+00 2.330038768727023535e-01 2.055781912803649902e+01
1.500000000000000000e+01 -3.062469403453540497e-03 2.783338370870453673e+03 1.619979199198439135e+00 2.361146958399902018e-01 2.429505372047424316e+01
1.600000000000000000e+01 -3.045084162809060056e-03 2.670566453893343351e+03 1.532034854425910808e+00 2.306774913113033287e-01 2.163724541664123535e+01
1.700000000000000000e+01 -2.360564360253107619e-03 2.513796322860875080e+03 1.528639021283527910e+00 2.371059927667299727e-01 1.715816569328308105e+01
1.800000000000000000e+01 -3.252467263364672723e-03 2.461245801899516664e+03 1.668860254573054869e+00 2.201476999464879181e-01 2.236476421356201172e+01
1.900000000000000000e+01 -2.303544925860589402e-03 2.427420001223915278e+03 1.491814950135822437e+00 2.450512107254693983e-01 2.507791018486022949e+01
2.000000000000000000e+01 -1.568908360827596035e-03 2.329110688564656357e+03 1.533130757176951686e+00 2.365607573988445511e-01 2.370008707046508789e+01
2.100000000000000000e+01 -1.435761277729682810e-03 2.247300518360945716e+03 1.576660509161707635e+00 2.432385637132340739e-01 1.669092965126037598e+01
2.200000000000000000e+01 -2.537846011043455932e-03 2.192801999967534812e+03 1.564190040672452264e+00 2.055044255537741005e-01 2.578281426429748535e+01
2.300000000000000000e+01 -2.053126354120467061e-03 2.160986711319627375e+03 1.572543936746910509e+00 2.172867813203956944e-01 2.230246353149414062e+01
2.400000000000000000e+01 -1.485958213320706482e-03 2.077126385378019222e+03 1.613525566601530903e+00 2.105340686926107929e-01 2.457715964317321777e+01
2.500000000000000000e+01 -1.078626459995005475e-03 2.040591107818315550e+03 1.510524853749908747e+00 2.151291921630577308e-01 2.895112943649291992e+01
2.600000000000000000e+01 -1.601628952312966455e-03 2.030301526924497239e+03 1.623324453294934688e+00 2.163163866338696506e-01 2.855479717254638672e+01
2.700000000000000000e+01 -8.929618576878652330e-04 1.992672011548497267e+03 1.592106609372017312e+00 2.147146327579352865e-01 3.156488895416259766e+01
2.800000000000000000e+01 -1.459361554376998032e-03 1.962660577611421559e+03 1.629295727815111006e+00 2.118885039557066308e-01 3.279758024215698242e+01
2.900000000000000000e+01 -1.841028824014838113e-03 1.950229223643043497e+03 1.542433942215484910e+00 2.251273922576668418e-01 2.028305816650390625e+01
3.000000000000000000e+01 -1.596971207528845868e-03 1.886857991741346268e+03 1.557189335766310245e+00 2.372535059545381464e-01 2.037428045272827148e+01
3.100000000000000000e+01 -1.158428255313573643e-03 1.891035195262284105e+03 1.575638308108169960e+00 2.186443701024260167e-01 2.482399892807006836e+01
3.200000000000000000e+01 -1.094573732818611292e-03 1.842409493973399776e+03 1.561543840201080169e+00 2.224692589375977525e-01 2.272134542465209961e+01
3.300000000000000000e+01 -1.457388447211042503e-03 1.805200471551224155e+03 1.574663341386140836e+00 2.089846467584896839e-01 2.215106797218322754e+01
3.400000000000000000e+01 -1.403479976877837748e-03 1.768659534691005092e+03 1.586564066123771655e+00 2.194841946281737566e-01 3.007840371131896973e+01
3.500000000000000000e+01 -1.510157949301117351e-03 1.727222072077118355e+03 1.555250433805424937e+00 2.100162045707565373e-01 2.292238569259643555e+01
3.600000000000000000e+01 -1.441066860180613982e-03 1.698249363652304737e+03 1.617019621317848932e+00 2.149042644424287163e-01 2.467488193511962891e+01
3.700000000000000000e+01 -1.437126805600801504e-03 1.698991133929855323e+03 1.575215152692631682e+00 2.261366377960662977e-01 2.470674800872802734e+01
3.800000000000000000e+01 -1.217188932923610667e-03 1.676902703845972155e+03 1.622528699363540383e+00 2.141195323879344081e-01 2.224024248123168945e+01
3.900000000000000000e+01 -1.405439937658255808e-03 1.663516417122856637e+03 1.620624369926517039e+00 2.050982939000083050e-01 2.706951069831848145e+01
4.000000000000000000e+01 -1.490395924618102830e-03 1.620172035759583878e+03 1.610702533710683060e+00 2.208345968465016684e-01 3.178143477439880371e+01
4.100000000000000000e+01 -1.382828086837138617e-03 1.593308472087510381e+03 1.594810178196692352e+00 2.112080786435534263e-01 3.190186309814453125e+01
4.200000000000000000e+01 -1.178527023641913907e-03 1.564425913557447757e+03 1.562658680336711070e+00 2.280505414822403543e-01 2.281686949729919434e+01
4.300000000000000000e+01 -1.025101575654078926e-03 1.542761177811788002e+03 1.599310179435804669e+00 2.156965132365363524e-01 2.523634839057922363e+01
4.400000000000000000e+01 -1.365294823478531211e-03 1.531912440176845166e+03 1.610805455162476862e+00 2.085165940090202286e-01 2.554248070716857910e+01
4.500000000000000000e+01 -1.083903220537057576e-03 1.506769902833126253e+03 1.652720452312117283e+00 2.034765518031250164e-01 3.246971201896667480e+01
4.600000000000000000e+01 -1.231932127799602967e-03 1.496787614494590798e+03 1.587633440623760217e+00 2.118661029212345059e-01 3.517177963256835938e+01
4.700000000000000000e+01 -1.154137433288316642e-03 1.468450267419234478e+03 1.664981722594646607e+00 2.070707293208969846e-01 2.387908387184143066e+01
4.800000000000000000e+01 -1.015897202469764025e-03 1.441272855032422285e+03 1.649706010316680072e+00 1.977287510252802860e-01 3.272295212745666504e+01
4.900000000000000000e+01 -1.286864694910309611e-03 1.441440240653529600e+03 1.579102874688904423e+00 2.089392582370446783e-01 2.961550998687744141e+01
5.000000000000000000e+01 -9.907409584359737516e-04 1.424193624389579782e+03 1.594564580122142861e+00 2.128698541457402504e-01 2.729635071754455566e+01
5.100000000000000000e+01 -1.046695969103668888e-03 1.438549147408921726e+03 1.614288041919281991e+00 2.111988480942770807e-01 2.552007079124450684e+01
5.200000000000000000e+01 -1.146155016432142586e-03 1.410469323610977654e+03 1.631660196212292968e+00 2.145570590422220258e-01 3.267932009696960449e+01
5.300000000000000000e+01 -8.589756795164414822e-04 1.386757089087649547e+03 1.611314389621904652e+00 2.059911811819078453e-01 2.961771416664123535e+01
5.400000000000000000e+01 -1.164801240895239334e-03 1.370450407317005556e+03 1.654979988107105227e+00 2.109591397498605247e-01 2.363042616844177246e+01
5.500000000000000000e+01 -1.072144838821034903e-03 1.361415575761572427e+03 1.582972687059637451e+00 2.101164267379052319e-01 2.532146048545837402e+01
5.600000000000000000e+01 -1.101394906485818163e-03 1.351793267366086411e+03 1.602420766667675300e+00 2.038355042369079662e-01 2.985740709304809570e+01
5.700000000000000000e+01 -1.175369655892630899e-03 1.331180679396915821e+03 1.569245092331471580e+00 2.083381953054506130e-01 3.421369314193725586e+01
5.800000000000000000e+01 -1.155839651753054606e-03 1.329167537667368379e+03 1.493910919999618114e+00 2.187642652766813856e-01 2.881766462326049805e+01
5.900000000000000000e+01 -9.583406313123437811e-04 1.320159761961492904e+03 1.592718153279355509e+00 2.066538995312448002e-01 2.553403449058532715e+01
6.000000000000000000e+01 -7.667842899139439353e-04 1.294274012689345227e+03 1.572923624685226063e+00 2.045092683975024972e-01 2.441472363471984863e+01
6.100000000000000000e+01 -1.027675825192564049e-03 1.281411810353733472e+03 1.591155789684295163e+00 2.053125574283247434e-01 2.496871185302734375e+01
6.200000000000000000e+01 -8.538436825486741188e-04 1.266771497470689383e+03 1.641014071980936073e+00 2.051579527022467653e-01 2.586388111114501953e+01
6.300000000000000000e+01 -7.797623349591466073e-04 1.257854177836309645e+03 1.618523254216031715e+00 2.034484031353454014e-01 2.951309156417846680e+01
6.400000000000000000e+01 -9.499562460767399952e-04 1.243376422902886588e+03 1.602485399485082063e+00 2.029293414299036535e-01 2.111560511589050293e+01
6.500000000000000000e+01 -1.143789833066278811e-03 1.260464283325549331e+03 1.562917826540338950e+00 2.110017285688295108e-01 2.999731540679931641e+01
6.600000000000000000e+01 -9.410399229678574834e-04 1.213223464180897963e+03 1.603843747670098407e+00 2.042673920982551461e-01 2.489295959472656250e+01
6.700000000000000000e+01 -9.252281365847897553e-04 1.203032548351364085e+03 1.602342369236400277e+00 1.968925346381788510e-01 2.711739587783813477e+01
6.800000000000000000e+01 -7.265666303556269582e-04 1.226189023346944168e+03 1.578792593158065305e+00 2.084369434905953278e-01 2.559747886657714844e+01
6.900000000000000000e+01 -9.654531829948270966e-04 1.193304075178141375e+03 1.582277872412272135e+00 2.009706290087462099e-01 3.084517192840576172e+01
7.000000000000000000e+01 -7.500040772851991524e-04 1.198889211396911151e+03 1.537717194675995547e+00 2.077110909156108798e-01 2.268244338035583496e+01
7.100000000000000000e+01 -8.884920983748606158e-04 1.171733824694674922e+03 1.632725437728618223e+00 1.975598875405966404e-01 2.701236295700073242e+01
7.200000000000000000e+01 -6.786580204845506399e-04 1.199965245840166062e+03 1.578504720619917867e+00 2.056840103495840288e-01 2.957767510414123535e+01
7.300000000000000000e+01 -9.311034632186670568e-04 1.186189905524401183e+03 1.539714336548327456e+00 2.065078469368947234e-01 2.741235303878784180e+01
7.400000000000000000e+01 -8.617769875811952859e-04 1.163723113408394056e+03 1.588669786124409233e+00 2.029019078040429636e-01 2.233241271972656250e+01
7.500000000000000000e+01 -7.594098709742023263e-04 1.166023156095281365e+03 1.537279702948131543e+00 2.111170013906442933e-01 3.223155355453491211e+01
7.600000000000000000e+01 -6.269834594539305328e-04 1.155757021860590157e+03 1.534315531159212931e+00 2.088125770617691723e-01 2.296772909164428711e+01
7.700000000000000000e+01 -1.074470402649482228e-03 1.140041584527710938e+03 1.559708621422388752e+00 2.059349854961641246e-01 2.665652585029602051e+01
7.800000000000000000e+01 -7.080643841615035005e-04 1.147013740023392756e+03 1.569217588330854340e+00 2.084069878480687976e-01 2.838970780372619629e+01
7.900000000000000000e+01 -7.392690478435129777e-04 1.145302098722926985e+03 1.517469539094685960e+00 2.059329908273996035e-01 2.668028020858764648e+01
8.000000000000000000e+01 -7.049767060689265865e-04 1.127994880327276405e+03 1.573337873126697817e+00 2.049460461374772169e-01 2.605384850502014160e+01
8.100000000000000000e+01 -8.790206688979605634e-04 1.124977944599620514e+03 1.539356157473478648e+00 2.112227649684993158e-01 2.878022003173828125e+01
8.200000000000000000e+01 -6.363743657960803726e-04 1.091582232477771868e+03 1.625994235428565915e+00 1.982142980312761871e-01 2.471576642990112305e+01
8.300000000000000000e+01 -7.681161191915390199e-04 1.128242602897071947e+03 1.500787156261980115e+00 2.120244246038021640e-01 2.997135066986083984e+01
8.400000000000000000e+01 -6.883768014626032985e-04 1.090178102849100014e+03 1.537947105682520910e+00 2.077258435060855557e-01 3.011678934097290039e+01
8.500000000000000000e+01 -6.545189703930565832e-04 1.090315745596265742e+03 1.537333297907868879e+00 2.011003670215695538e-01 3.012150502204895020e+01
8.600000000000000000e+01 -7.724091713271827439e-04 1.080406372204186709e+03 1.561806851865553902e+00 2.089729966873076494e-01 2.626171255111694336e+01
8.700000000000000000e+01 -8.891959835602541431e-04 1.087030769810433412e+03 1.547386605995274111e+00 2.093296399359500792e-01 2.500493335723876953e+01
8.800000000000000000e+01 -6.827479976412077507e-04 1.065242544569420033e+03 1.549993687680786714e+00 2.036566727515367603e-01 2.560699105262756348e+01
8.900000000000000000e+01 -7.035824807768489017e-04 1.063659200540499342e+03 1.539285492769228325e+00 2.062198793249849504e-01 2.542595505714416504e+01
9.000000000000000000e+01 -7.383717548763913579e-04 1.068204072136423065e+03 1.508194624782151383e+00 2.134156724272584238e-01 2.878562903404235840e+01
9.100000000000000000e+01 -8.255247441491080085e-04 1.059201107870528176e+03 1.500034039147211562e+00 2.070975936026811792e-01 3.549005842208862305e+01
9.200000000000000000e+01 -8.746935487463849837e-04 1.048621401308063696e+03 1.466868023166811863e+00 2.100575663105069824e-01 2.693318939208984375e+01
9.300000000000000000e+01 -8.515583041402719757e-04 1.052440245192020711e+03 1.506354682194798178e+00 2.109400502207159356e-01 2.559340357780456543e+01
9.400000000000000000e+01 -7.178861117011704936e-04 1.047775808313572043e+03 1.501823477225448844e+00 2.098785371173777781e-01 2.210973119735717773e+01
9.500000000000000000e+01 -6.797152152196062492e-04 1.037704384821627173e+03 1.504867302980642307e+00 2.061530602127709388e-01 2.957306385040283203e+01
9.600000000000000000e+01 -7.181508248199364999e-04 1.028860906267003656e+03 1.487648205768596688e+00 2.083513236069706731e-01 2.483756780624389648e+01
9.700000000000000000e+01 -5.304464086061238268e-04 1.026211780904571242e+03 1.508651020263263920e+00 2.130974949390419815e-01 2.466187572479248047e+01
9.800000000000000000e+01 -8.682415582448736778e-04 1.042729186093825092e+03 1.481277160314797614e+00 2.142247777556286759e-01 2.728634262084960938e+01
9.900000000000000000e+01 -6.449207716827226036e-04 1.019344594547189899e+03 1.447971495814603271e+00 2.107494918309072984e-01 2.922103762626647949e+01
