2.000000000000000000e+00 1.429353436622876339e-01 5.407931773278952647e+01 1.011838877572182938e+00 3.076801113250290376e-01 2.479357719421386719e-01
3.000000000000000000e+00 1.116436769312906807e-01 3.672239134124135518e+01 1.657352548600338649e+00 1.774337862180827285e-01 1.899030208587646484e-01
4.000000000000000000e+00 9.688240121580551922e-02 4.823826267642106558e+01 1.332912103356646893e+00 1.879717301790305162e-01 1.730802059173583984e-01
5.000000000000000000e+00 8.342364232052898454e-02 6.204234821145197998e+01 1.066960913221641771e+00 2.190632510351412654e-01 2.077093124389648438e-01
6.000000000000000000e+00 7.339858368186827353e-02 7.713733272440553890e+01 1.070932090759528110e+00 2.770520900626346483e-01 1.859753131866455078e-01
7.000000000000000000e+00 6.567337300384969156e-02 6.621491305313567466e+01 1.424028460605494484e+00 2.627302609641362086e-01 2.548463344573974609e-01
8.000000000000000000e+00 5.962041585944656552e-02 6.859261825662422041e+01 1.168734787435892208e+00 2.081292828007895168e-01 1.990315914154052734e-01
9.000000000000000000e+00 5.433322729915294330e-02 5.784191830794866007e+01 1.546960587879192550e+00 1.654621794009173974e-01 2.806088924407958984e-01
1.000000000000000000e+01 5.013602530624280962e-02 6.452721864953883824e+01 1.301071232384463316e+00 1.832469246509206562e-01 2.376787662506103516e-01
1.100000000000000000e+01 4.650288605224753291e-02 5.766661078871860724e+01 1.380640179621535957e+00 2.175067592692582485e-01 1.804456710815429688e-01
1.200000000000000000e+01 4.334393196186973884e-02 5.937157669575307750e+01 1.320840653824252087e+00 2.195067430974410039e-01 1.932117938995361328e-01
1.300000000000000000e+01 4.043921172740733844e-02 6.213061347941623325e+01 1.193241238260296821e+00 2.150710731377267204e-01 2.555785179138183594e-01
1.400000000000000000e+01 3.773391568129686596e-02 6.803165915978190981e+01 1.157725883424822966e+00 2.528372559073058801e-01 2.049400806427001953e-01
1.500000000000000000e+01 3.582520328778742574e-02 6.883655285462833717e+01 1.079492112906637713e+00 2.617768636709056906e-01 3.074738979339599609e-01
1.600000000000000000e+01 3.373070083211703041e-02 1.014562534339686124e+02 1.042875913096162455e+00 3.234179238831731973e-01 2.975287437438964844e-01
1.700000000000000000e+01 3.178695779129870475e-02 9.873284354498717619e+01 1.035048734574627316e+00 3.305043944179480997e-01 2.926728725433349609e-01
1.800000000000000000e+01 3.000616445739794774e-02 1.043991478580484653e+02 8.700175499461919593e-01 3.602623977612269268e-01 3.006579875946044922e-01
1.900000000000000000e+01 2.850960614710561572e-02 1.037629073551474619e+02 8.579970574500244140e-01 3.660020764946869676e-01 3.015618324279785156e-01
2.000000000000000000e+01 2.706984774484483269e-02 9.282053828659806527e+01 1.019601181331088124e+00 3.061950689831136607e-01 2.726233005523681641e-01
2.100000000000000000e+01 2.583801655646543113e-02 1.116519324132611928e+02 9.589094955947229382e-01 3.532401404349176377e-01 2.842566967010498047e-01
2.200000000000000000e+01 2.449433921995274044e-02 1.101050424872373981e+02 9.557463014101533760e-01 3.564256373738403649e-01 2.888205051422119141e-01
2.300000000000000000e+01 2.326369225828508677e-02 1.086771537947389987e+02 9.327365659742912207e-01 3.672018031788469861e-01 2.830607891082763672e-01
2.400000000000000000e+01 2.211516295555704739e-02 9.273041590499293818e+01 9.946613492608217255e-01 2.918499423378579372e-01 2.919254302978515625e-01
2.500000000000000000e+01 2.106861560803579420e-02 1.204897730429705547e+02 8.339947618746157421e-01 3.751136589153037382e-01 3.025426864624023438e-01
2.600000000000000000e+01 2.021442897004654266e-02 1.171228290379228838e+02 9.156137361973725186e-01 3.534721652678954329e-01 3.156049251556396484e-01
2.700000000000000000e+01 1.941587918519705261e-02 1.241207117039288903e+02 9.369846564608522721e-01 3.863122152626417005e-01 3.063118457794189453e-01
2.800000000000000000e+01 1.854282218022704209e-02 1.646908568640362489e+02 8.093716338383792896e-01 4.232014322639010562e-01 3.154084682464599609e-01
2.900000000000000000e+01 1.770510536691683942e-02 1.711239663678270801e+02 7.456987877329133152e-01 4.408055943949086841e-01 3.448328971862792969e-01
3.000000000000000000e+01 1.693241264962242615e-02 1.189849764524164897e+02 8.577572764120657833e-01 3.974249441252997728e-01 3.140070438385009766e-01
3.100000000000000000e+01 1.620067186132714485e-02 1.669881912937614743e+02 8.074362863027795267e-01 4.378644609616578753e-01 3.187472820281982422e-01
3.200000000000000000e+01 1.550672030008516666e-02 1.928345092347514935e+02 7.032021843064863997e-01 4.696337327758413061e-01 3.138751983642578125e-01
3.300000000000000000e+01 1.485407471325140769e-02 1.734716380020671238e+02 7.826510267857156311e-01 4.321124455888633031e-01 2.454938888549804688e-01
3.400000000000000000e+01 1.420848576520469461e-02 2.043080222298714546e+02 7.276247649966537390e-01 4.650547394974179904e-01 2.533795833587646484e-01
3.500000000000000000e+01 1.364185373205324160e-02 2.566496477860124514e+02 5.838905788041353073e-01 5.004634368692363333e-01 3.297274112701416016e-01
3.600000000000000000e+01 1.308440688472745431e-02 2.243231685462390601e+02 6.501410280184013457e-01 4.795167614413541335e-01 2.595779895782470703e-01
3.700000000000000000e+01 1.252961570633347697e-02 2.228524454107966619e+02 6.520526580387105975e-01 4.837735138198719920e-01 3.143568038940429688e-01
3.800000000000000000e+01 1.201658963349390430e-02 2.193971220209844546e+02 6.766546589993602812e-01 4.847174634035524843e-01 3.224239349365234375e-01
3.900000000000000000e+01 1.150494141866153369e-02 2.379950899941951832e+02 5.866208534528186691e-01 4.978958131950154686e-01 2.580237388610839844e-01
4.000000000000000000e+01 1.096958221640187761e-02 2.821176152161672235e+02 6.084629683979519976e-01 4.889260438548352350e-01 3.166425228118896484e-01
4.100000000000000000e+01 1.049686702091141496e-02 2.880890592538335113e+02 5.498180688595059040e-01 5.028468656076156007e-01 3.265399932861328125e-01
4.200000000000000000e+01 1.004762857784436206e-02 2.886997428464335371e+02 5.335059149717512605e-01 5.026712942947270113e-01 2.723355293273925781e-01
4.300000000000000000e+01 9.605386255084809657e-03 2.928299408963963515e+02 5.216590934518833267e-01 4.984005609353791000e-01 3.315947055816650391e-01
4.400000000000000000e+01 9.234740103551995066e-03 2.811532895325161121e+02 5.596553166347933983e-01 4.700924547113463081e-01 3.196914196014404297e-01
4.500000000000000000e+01 8.809141007959771230e-03 3.057902409195675659e+02 5.392991328683180985e-01 4.682420949596722282e-01 2.736253738403320312e-01
4.600000000000000000e+01 8.349684464527671116e-03 2.657006421617906540e+02 5.062903518292160010e-01 4.658839025993604110e-01 3.004286289215087891e-01
4.700000000000000000e+01 8.035894706952803612e-03 2.651402987900755761e+02 5.044081680361233166e-01 4.540173863045601221e-01 2.916452884674072266e-01
4.800000000000000000e+01 7.709109636473877522e-03 2.901720162231981135e+02 5.074381848459882383e-01 4.391918181391781806e-01 2.863826751708984375e-01
4.900000000000000000e+01 7.282887079364889701e-03 3.132113990390726599e+02 4.599255681194833745e-01 4.511824284337250801e-01 2.970447540283203125e-01
5.000000000000000000e+01 6.896796299713108674e-03 2.978375047469839387e+02 4.659251207544619633e-01 4.504724427816552135e-01 2.812187671661376953e-01
5.100000000000000000e+01 6.699325797887407084e-03 2.593154625141227712e+02 5.238324658897702824e-01 4.124860653514700881e-01 3.174672126770019531e-01
5.200000000000000000e+01 6.337261878264281029e-03 2.858137288658160742e+02 4.580543822991476333e-01 4.328977772538412649e-01 3.114223480224609375e-01
5.300000000000000000e+01 6.027251196639515397e-03 2.960096890502162523e+02 4.790207543708167592e-01 4.005226160559369197e-01 3.385865688323974609e-01
5.400000000000000000e+01 5.593259129390288145e-03 2.970501918917113358e+02 4.213199246415068044e-01 4.180245267419183119e-01 4.035282135009765625e-01
5.500000000000000000e+01 5.365055158700868070e-03 2.877690327203748097e+02 4.361223455788731385e-01 3.992445798036411420e-01 3.575918674468994141e-01
