2.000000000000000000e+00 -3.222704320799818847e-03 1.066911728986001862e+02 2.553378184251511751e+00 9.982868493699505186e-02 1.908069610595703125e+00
3.000000000000000000e+00 8.887869084083161939e-03 9.889141862193400812e+01 2.657086065464506763e+00 1.163390536813913995e-01 2.187501430511474609e+00
4.000000000000000000e+00 6.423311887200798195e-03 9.451283929783018323e+01 2.310530445878466566e+00 1.183907535001991335e-01 2.031521320343017578e+00
5.000000000000000000e+00 -4.407144472375885795e-03 9.781328878755965661e+01 2.167583201346660715e+00 1.382369970387692104e-01 2.395953655242919922e+00
6.000000000000000000e+00 1.322866131302416004e-03 9.070777321059601661e+01 2.095178993455549143e+00 1.382827551642065445e-01 2.997656106948852539e+00
7.000000000000000000e+00 3.773986506621457900e-03 8.657384403064203582e+01 2.059316530782858923e+00 1.389650563409100259e-01 2.629841089248657227e+00
8.000000000000000000e+00 2.048909148231215730e-03 8.362078133652073575e+01 1.953207552949934422e+00 1.378457005837166460e-01 2.116219282150268555e+00
9.000000000000000000e+00 3.564173750623224942e-03 8.103492665509504889e+01 1.940324022007475557e+00 1.406776674863287613e-01 2.357570409774780273e+00
1.000000000000000000e+01 1.861856411391874834e-03 7.966418625330591397e+01 1.854442871297200757e+00 1.420118011844983541e-01 3.147882938385009766e+00
1.100000000000000000e+01 2.431353444586028829e-03 7.718682693544653262e+01 1.842800920240229567e+00 1.370821490922986552e-01 3.009013891220092773e+00
1.200000000000000000e+01 5.537181588202457188e-04 7.507805203702567098e+01 1.870604008887141623e+00 1.477297293439497894e-01 2.368172407150268555e+00
1.300000000000000000e+01 6.068909212469239187e-04 7.245695837640467118e+01 1.847562195639274485e+00 1.426918920005292024e-01 3.182665586471557617e+00
1.400000000000000000e+01 2.324029137116608891e-03 6.975353346401941224e+01 1.844684299548631667e+00 1.324463346492975868e-01 2.856271982192993164e+00
1.500000000000000000e+01 7.871682600122331891e-04 6.803692985211999655e+01 1.836368874644240812e+00 1.460686485260339895e-01 2.567803144454956055e+00
1.600000000000000000e+01 2.300379137088615598e-03 6.607306513398043535e+01 1.807305177459969325e+00 1.428402284492344410e-01 2.997627019882202148e+00
1.700000000000000000e+01 2.811252000598667578e-03 6.212199712194738765e+01 1.884145999442836672e+00 1.378927735210173644e-01 2.457473039627075195e+00
1.800000000000000000e+01 1.910259085787663737e-03 6.133969538953856215e+01 1.800672495353523583e+00 1.418898663855703290e-01 2.527012348175048828e+00
1.900000000000000000e+01 1.149035428014119663e-03 5.973613164865104608e+01 1.811465689665580525e+00 1.409022017460465070e-01 3.505938529968261719e+00
2.000000000000000000e+01 2.302911968019917630e-03 5.663755241709456101e+01 1.956411145285273490e+00 1.426745524321616776e-01 2.256947517395019531e+00
2.100000000000000000e+01 2.067833181117110283e-03 5.693367124243849275e+01 1.846525380815844164e+00 1.484908154466683672e-01 2.687437534332275391e+00
2.200000000000000000e+01 1.748712071439116698e-03 5.522443119840194470e+01 1.806244110509508172e+00 1.453732375845364633e-01 2.282118320465087891e+00
2.300000000000000000e+01 1.699229637373732803e-03 5.435873325707357395e+01 1.810002541262014653e+00 1.443656725754755843e-01 2.352617979049682617e+00
2.400000000000000000e+01 1.775442022951965754e-03 5.405106128303074797e+01 1.798063394268933912e+00 1.497716460472929001e-01 2.587072610855102539e+00
2.500000000000000000e+01 2.478503654263204334e-03 5.199301721355063677e+01 1.856486158364631933e+00 1.399370865812384623e-01 2.709149122238159180e+00
2.600000000000000000e+01 1.959742615755244530e-03 5.146375685422790269e+01 1.819238386626653048e+00 1.355949149012672661e-01 2.747376680374145508e+00
2.700000000000000000e+01 1.489278542643512069e-03 5.048415975144028067e+01 1.837248330196055379e+00 1.455069800069500041e-01 2.605305671691894531e+00
2.800000000000000000e+01 2.187769656047700972e-03 4.888222834502612812e+01 1.802991252968224822e+00 1.431540647414999978e-01 2.645887613296508789e+00
2.900000000000000000e+01 1.490053212613374469e-03 4.772871448232042724e+01 1.844351735179635021e+00 1.365419937325280386e-01 2.697901487350463867e+00
3.000000000000000000e+01 1.751163268053383334e-03 4.794203988692918017e+01 1.806177076112333246e+00 1.420892242518676241e-01 2.654528617858886719e+00
3.100000000000000000e+01 1.106240919201751261e-03 4.656418419822004751e+01 1.808080250509593645e+00 1.400928033339207124e-01 2.719180345535278320e+00
3.200000000000000000e+01 1.173468792737509528e-03 4.648378494084698787e+01 1.768827830065705431e+00 1.397520317837718795e-01 2.791296005249023438e+00
3.300000000000000000e+01 1.526872514845111503e-03 4.566300091514041526e+01 1.780490679214575600e+00 1.527093616874114768e-01 2.923624038696289062e+00
3.400000000000000000e+01 1.971229105506031552e-03 4.484820536222869691e+01 1.832564634260770875e+00 1.456702288032858950e-01 2.308984041213989258e+00
3.500000000000000000e+01 1.492067867582767262e-03 4.469909646409850978e+01 1.752455521072253664e+00 1.594753342346409419e-01 2.336495399475097656e+00
3.600000000000000000e+01 1.470639570531178438e-03 4.386127992101422990e+01 1.769779526113550272e+00 1.502294934105517787e-01 2.485671997070312500e+00
3.700000000000000000e+01 1.487161464241175315e-03 4.354432678494654851e+01 1.742739143450295680e+00 1.452915899059519789e-01 2.748264789581298828e+00
3.800000000000000000e+01 1.755009940462825971e-03 4.266166986834575425e+01 1.740331995810435073e+00 1.488846133423381846e-01 2.886552333831787109e+00
3.900000000000000000e+01 2.243588852916355951e-03 4.109694275233421479e+01 1.746094037043071756e+00 1.426425615739553565e-01 2.484361886978149414e+00
4.000000000000000000e+01 2.149005787018509230e-03 4.101677764839654827e+01 1.746082685633979725e+00 1.475305848382119367e-01 2.529293775558471680e+00
4.100000000000000000e+01 1.145276680289736412e-03 4.077602372108933793e+01 1.781933406246388296e+00 1.479616991727847053e-01 2.207375526428222656e+00
4.200000000000000000e+01 1.560519764224582500e-03 4.049175360485713782e+01 1.689160207675351355e+00 1.508616433883482599e-01 2.583169221878051758e+00
4.300000000000000000e+01 1.583356553358963859e-03 4.043906420196085350e+01 1.772477567143171395e+00 1.440349585358314255e-01 2.742607831954956055e+00
4.400000000000000000e+01 1.665969551222964409e-03 3.900409967006621770e+01 1.766079390245244740e+00 1.480837683390302806e-01 2.650109767913818359e+00
4.500000000000000000e+01 1.336102686352787141e-03 3.863765477080585242e+01 1.759692516931115280e+00 1.406982546521222954e-01 2.302065372467041016e+00
4.600000000000000000e+01 1.105012561214453867e-03 3.866446860045107314e+01 1.754114048466520970e+00 1.490004852644968847e-01 2.741671800613403320e+00
4.700000000000000000e+01 1.810206703885014912e-03 3.795291651132972532e+01 1.731123856535859984e+00 1.495564226091712079e-01 2.380041599273681641e+00
4.800000000000000000e+01 1.810512850191294118e-03 3.734978308173175066e+01 1.749054709618057757e+00 1.495004568016939095e-01 2.863898038864135742e+00
4.900000000000000000e+01 1.831352165061791775e-03 3.760523158080538764e+01 1.741852031277579371e+00 1.507282102735760243e-01 2.935750484466552734e+00
5.000000000000000000e+01 1.659078375556490882e-03 3.685438876744501613e+01 1.733673264856850249e+00 1.473431111633913548e-01 2.887419462203979492e+00
5.100000000000000000e+01 1.338173158361873755e-03 3.643463625678429452e+01 1.767748714910613472e+00 1.406487647378839301e-01 2.793093681335449219e+00
5.200000000000000000e+01 1.098580826359532277e-03 3.623354995898947095e+01 1.717642268104810688e+00 1.339227026849526825e-01 2.798627853393554688e+00
5.300000000000000000e+01 1.724549740478128384e-03 3.587328405247897933e+01 1.733039912712283304e+00 1.432417938441237493e-01 2.790326356887817383e+00
5.400000000000000000e+01 1.557254176268764879e-03 3.600293953003737357e+01 1.727406497053026735e+00 1.568353210385409757e-01 2.878990173339843750e+00
5.500000000000000000e+01 1.415446008418658457e-03 3.474813061853009799e+01 1.705306387460644224e+00 1.491180554244245227e-01 2.601645231246948242e+00
5.600000000000000000e+01 7.882741229339537562e-04 3.508480286460380171e+01 1.706783807876973702e+00 1.502922477595495243e-01 2.329236507415771484e+00
5.700000000000000000e+01 9.119196135194981932e-04 3.531097082455316638e+01 1.657704002685287392e+00 1.414222623492844833e-01 2.396697282791137695e+00
5.800000000000000000e+01 1.164184455423759867e-03 3.460791353707009677e+01 1.669752036970502118e+00 1.497802312945643310e-01 2.677248954772949219e+00
5.900000000000000000e+01 2.020623585569997042e-03 3.409711664572944301e+01 1.700522709543923261e+00 1.460859937406046027e-01 2.529139995574951172e+00
6.000000000000000000e+01 1.387185685223012426e-03 3.350108938099658928e+01 1.694575590800848408e+00 1.483447909983162116e-01 2.893946647644042969e+00
6.100000000000000000e+01 1.741828858977117469e-03 3.353038313157004779e+01 1.698845244742622551e+00 1.483653134467735335e-01 2.789292335510253906e+00
6.200000000000000000e+01 1.463397229470029528e-03 3.376781963633440853e+01 1.653569705160809145e+00 1.530425698038365145e-01 2.733980417251586914e+00
6.300000000000000000e+01 1.463745325601604726e-03 3.275086896532700820e+01 1.691751075931467563e+00 1.517418585220247362e-01 2.830650568008422852e+00
6.400000000000000000e+01 1.456245814656298258e-03 3.232445699345160506e+01 1.691551468166745398e+00 1.411206476205540683e-01 2.808892965316772461e+00
6.500000000000000000e+01 1.563078048960988989e-03 3.262335477828403896e+01 1.671124322316402955e+00 1.402792056238126583e-01 2.294260978698730469e+00
6.600000000000000000e+01 1.316448645826813913e-03 3.181895002591225108e+01 1.730405820192956634e+00 1.465993591191776524e-01 2.618696928024291992e+00
6.700000000000000000e+01 8.460381471637468120e-04 3.210962052041875836e+01 1.706951026317494291e+00 1.388124731352532726e-01 2.526208400726318359e+00
6.800000000000000000e+01 1.249152115927948999e-03 3.180323005601537645e+01 1.642282957953085765e+00 1.370441340687067744e-01 2.748090505599975586e+00
6.900000000000000000e+01 1.135949901761880909e-03 3.110628894926726318e+01 1.672697155564123683e+00 1.408710664304255178e-01 2.900768995285034180e+00
7.000000000000000000e+01 1.941708652194186566e-03 3.110922544178609073e+01 1.622636827460786968e+00 1.461877767791570637e-01 2.753662109375000000e+00
7.100000000000000000e+01 1.622080785090453722e-03 3.095077559800227363e+01 1.605322951869765147e+00 1.389289075754840674e-01 2.627310991287231445e+00
7.200000000000000000e+01 1.233105877348259979e-03 3.070986640615464935e+01 1.653726921882020973e+00 1.417453185549883699e-01 2.515927553176879883e+00
7.300000000000000000e+01 1.357147458916525612e-03 3.091729498297670631e+01 1.674903774802481538e+00 1.460216651055634141e-01 2.716701269149780273e+00
7.400000000000000000e+01 8.428781004991283635e-04 3.077270266735852999e+01 1.593472131015036819e+00 1.514800799822878241e-01 2.612430810928344727e+00
7.500000000000000000e+01 1.424984885783924307e-03 3.020497631540620276e+01 1.642038523011147610e+00 1.416331034973415948e-01 2.659382343292236328e+00
7.600000000000000000e+01 9.720935138294689278e-04 3.066727911666199446e+01 1.600567153865637637e+00 1.531451988983898727e-01 2.756189107894897461e+00
7.700000000000000000e+01 1.237374075989839057e-03 2.976444611504277304e+01 1.667717301684497500e+00 1.427482425134095345e-01 2.732248544692993164e+00
7.800000000000000000e+01 1.294307670034163535e-03 2.951687807890334270e+01 1.629133344711708675e+00 1.424961597943046610e-01 2.787034273147583008e+00
7.900000000000000000e+01 6.275757885472391237e-04 2.884234556796393534e+01 1.648880975844026819e+00 1.475459030824865514e-01 2.736986160278320312e+00
8.000000000000000000e+01 1.097847085681520792e-03 2.948575395389387666e+01 1.586601514136022573e+00 1.476501526814779364e-01 2.923065185546875000e+00
8.100000000000000000e+01 1.253688934032398498e-03 2.882889903830640321e+01 1.622535265055019327e+00 1.424139136515778503e-01 2.683093547821044922e+00
8.200000000000000000e+01 8.891981062089744561e-04 2.879746422957136431e+01 1.611003737804296732e+00 1.504104789802495623e-01 3.196380376815795898e+00
8.300000000000000000e+01 1.179921818421442821e-03 2.842393043205365188e+01 1.645020875029070684e+00 1.359672693080444250e-01 2.916877985000610352e+00
8.400000000000000000e+01 9.576441857310967433e-04 2.796611900937125483e+01 1.621885711206767056e+00 1.360486291947231863e-01 2.545729160308837891e+00
8.500000000000000000e+01 1.190270678783416627e-03 2.824711216494360144e+01 1.621180487284974880e+00 1.395434784447771859e-01 2.555752754211425781e+00
8.600000000000000000e+01 1.026514405120480637e-03 2.771951414190050755e+01 1.631988727271361572e+00 1.342614905163212469e-01 3.009255647659301758e+00
8.700000000000000000e+01 5.234373235768823799e-04 2.814389397329640730e+01 1.623121772101156379e+00 1.359170235906295710e-01 2.622444629669189453e+00
8.800000000000000000e+01 1.169140129862102561e-03 2.779215737984219814e+01 1.609690927743768762e+00 1.410623001810040467e-01 2.883118867874145508e+00
8.900000000000000000e+01 1.230071007261243155e-03 2.730019189187105155e+01 1.563716844263889572e+00 1.349907290245651870e-01 2.531245708465576172e+00
9.000000000000000000e+01 1.016050636339349599e-03 2.777050392859770156e+01 1.600460422354089252e+00 1.406381787804341643e-01 2.757626056671142578e+00
9.100000000000000000e+01 8.152642128973251008e-04 2.700652572302560017e+01 1.612964435145993303e+00 1.366243128475815860e-01 3.345610618591308594e+00
9.200000000000000000e+01 1.287593769608794516e-03 2.710803629536875192e+01 1.578616831564777501e+00 1.444728854937117890e-01 3.209790706634521484e+00
9.300000000000000000e+01 1.522129170597859727e-03 2.656435910165405900e+01 1.606159059552917823e+00 1.340754989210307668e-01 3.032660722732543945e+00
9.400000000000000000e+01 1.174328804059859583e-03 2.700958641818099437e+01 1.553752711403381559e+00 1.468351295205085338e-01 3.169785737991333008e+00
9.500000000000000000e+01 8.324796286107037559e-04 2.677279805204474528e+01 1.571874333494315490e+00 1.504146412793595511e-01 3.826088666915893555e+00
9.600000000000000000e+01 9.032730509003510013e-04 2.660147592941933681e+01 1.610541218631776461e+00 1.436249572407249098e-01 3.211626052856445312e+00
9.700000000000000000e+01 9.675964559475043990e-04 2.655030545815026599e+01 1.532711763586637632e+00 1.376779757319567254e-01 2.667787790298461914e+00
9.800000000000000000e+01 1.068031728168533385e-03 2.647033340274848356e+01 1.531464014633665993e+00 1.421810506759222104e-01 2.910298585891723633e+00
9.900000000000000000e+01 1.074553743882889758e-03 2.609768558881693323e+01 1.478086454427572471e+00 1.370259632066081479e-01 2.616112232208251953e+00
