2.000000000000000000e+00 1.524897019810479096e-03 3.057324276153788745e+01 2.874835482348907512e+00 1.017091315265989809e-01 8.959639072418212891e-01
3.000000000000000000e+00 6.329281174883047249e-04 2.635618384289933402e+01 2.700026330017088583e+00 9.382607424113141581e-02 8.704910278320312500e-01
4.000000000000000000e+00 7.964077128326858433e-04 2.170948349284065770e+01 2.939078754184134112e+00 8.286730910404238593e-02 7.952277660369873047e-01
5.000000000000000000e+00 8.809248534924704350e-04 1.986704934984906501e+01 2.711409679114893390e+00 8.350328820031911736e-02 1.045313358306884766e+00
6.000000000000000000e+00 -3.697555008264996699e-04 1.766469667591042736e+01 2.837678425286124906e+00 8.329324131305952672e-02 1.104801177978515625e+00
7.000000000000000000e+00 9.662989781106364203e-06 1.635418926883241042e+01 2.763753229676470191e+00 8.848994583918338985e-02 1.066800594329833984e+00
8.000000000000000000e+00 -5.548130008427891788e-05 1.522893163615491119e+01 2.863053815730244089e+00 8.525647531624926112e-02 8.616676330566406250e-01
9.000000000000000000e+00 2.302499709201856644e-04 1.451313176523212256e+01 2.633705170814069518e+00 8.388153339768658623e-02 1.007505178451538086e+00
1.000000000000000000e+01 -1.121257976766267792e-04 1.314466698774998399e+01 2.771738470837105339e+00 7.720868317512438739e-02 9.274675846099853516e-01
1.100000000000000000e+01 -2.587770569149180021e-04 1.226659053079130146e+01 2.782347464903056178e+00 8.077355273577245531e-02 9.724521636962890625e-01
1.200000000000000000e+01 -6.835179030183463188e-05 1.205874048401212129e+01 2.555525618209394167e+00 7.778998736985519302e-02 1.164217948913574219e+00
1.300000000000000000e+01 -1.355844717728238588e-04 1.122328588182448073e+01 2.527184325057473924e+00 6.781112168608190161e-02 9.616234302520751953e-01
1.400000000000000000e+01 1.784987525416644252e-04 1.101081260717054455e+01 2.543609597514719933e+00 7.249977984181495139e-02 1.037119150161743164e+00
1.500000000000000000e+01 -2.297664828722254492e-04 1.083186947125230937e+01 2.526335525513755176e+00 7.673324683511997812e-02 9.557828903198242188e-01
1.600000000000000000e+01 -4.654698648326415205e-04 1.025667120329614157e+01 2.440350077771072268e+00 8.630507492572926653e-02 9.063789844512939453e-01
1.700000000000000000e+01 -1.630016243417312485e-04 9.713392915636065439e+00 2.453302671104915067e+00 7.330968494832713900e-02 9.161524772644042969e-01
1.800000000000000000e+01 -8.158362268960252565e-05 9.606053712116038312e+00 2.388868042571415717e+00 8.181249647637126032e-02 1.021726131439208984e+00
1.900000000000000000e+01 -1.167764026244457815e-04 9.132062219866124764e+00 2.370316115635710208e+00 7.640504658900224011e-02 1.002672195434570312e+00
2.000000000000000000e+01 1.963565482444950649e-04 9.121720293650319888e+00 2.293045656456677683e+00 8.798881269021463503e-02 9.231352806091308594e-01
2.100000000000000000e+01 1.200826922610299226e-05 8.809332888410951412e+00 2.313035477372594073e+00 8.073201117110274938e-02 1.048959732055664062e+00
2.200000000000000000e+01 2.031838339379301141e-04 8.511338531239717398e+00 2.280299888380699525e+00 8.121011743938386096e-02 8.662652969360351562e-01
2.300000000000000000e+01 -2.807390193185636861e-04 8.281305179221096324e+00 2.272831813226021236e+00 7.794785706881435239e-02 9.021427631378173828e-01
2.400000000000000000e+01 2.923514641693918300e-06 8.059455359588479695e+00 2.225158045491250736e+00 7.836824345923996959e-02 9.796566963195800781e-01
2.500000000000000000e+01 1.288332299490785955e-04 8.068738743350779785e+00 2.138965972537581361e+00 9.027716486699580156e-02 1.065466642379760742e+00
2.600000000000000000e+01 -1.037161296338474063e-05 7.702898452952364750e+00 2.102316981428536291e+00 9.318332996549824609e-02 1.132356166839599609e+00
2.700000000000000000e+01 -1.725843731574417815e-04 7.521190974874138568e+00 2.035150617269430917e+00 7.964802625378486489e-02 1.047527551651000977e+00
2.800000000000000000e+01 -9.846906457157906986e-06 7.548826004125406719e+00 2.013127896807861195e+00 1.128850066824143017e-01 1.056310415267944336e+00
2.900000000000000000e+01 3.199651752470959861e-04 7.485348194494914509e+00 2.092563124927775853e+00 8.762904930858757269e-02 1.010506391525268555e+00
3.000000000000000000e+01 2.427071105059059249e-05 7.407981303960162300e+00 1.938663480709710951e+00 1.038462951372204207e-01 1.076454162597656250e+00
3.100000000000000000e+01 -4.168425213372390221e-05 7.250415327497806928e+00 2.055198514407860166e+00 8.140489836817632607e-02 1.013939857482910156e+00
3.200000000000000000e+01 -1.366169350707025843e-04 7.279226574290848184e+00 1.934889251006792987e+00 1.025651809406819687e-01 1.062365770339965820e+00
3.300000000000000000e+01 -1.538426454785151560e-04 6.997794689837256499e+00 2.016081357751325687e+00 9.241432858452458543e-02 1.181157827377319336e+00
3.400000000000000000e+01 5.307180068090713561e-05 7.040378793626677734e+00 1.861305916609675482e+00 1.125537977914144311e-01 1.006753683090209961e+00
3.500000000000000000e+01 -1.554140327900385539e-05 7.012902698390923284e+00 1.892321162678872515e+00 1.141300284135881443e-01 1.175776004791259766e+00
3.600000000000000000e+01 -2.348126806666935419e-04 6.911607119426397716e+00 1.871372292771871448e+00 1.123056838605097640e-01 1.216770648956298828e+00
3.700000000000000000e+01 -2.632075120567140699e-05 6.810706102656958194e+00 1.901180439507119901e+00 9.680766620148738288e-02 1.135869264602661133e+00
3.800000000000000000e+01 1.293773415602405790e-05 6.778489521061879408e+00 1.765038593364878894e+00 1.216982899796034551e-01 1.041702270507812500e+00
3.900000000000000000e+01 4.234502084245193897e-05 6.710091726990915717e+00 1.743713388573451484e+00 1.238343430932178635e-01 1.037962913513183594e+00
4.000000000000000000e+01 3.306945043941901134e-05 6.681434660047876228e+00 1.728405151178795007e+00 1.265962138129635706e-01 1.033524990081787109e+00
4.100000000000000000e+01 4.087398498037645664e-05 6.613112152979920388e+00 1.706987709746422333e+00 1.276360263339821333e-01 1.303093194961547852e+00
4.200000000000000000e+01 2.531776951480758094e-06 6.554843046594034384e+00 1.706770672826262603e+00 1.256283624265089605e-01 1.278885841369628906e+00
4.300000000000000000e+01 2.382281187659280987e-05 6.524546815356016438e+00 1.728728097294432553e+00 1.242902934073324001e-01 1.130552768707275391e+00
4.400000000000000000e+01 -1.654983783351642566e-05 6.447191627842888906e+00 1.650247274402406594e+00 1.305565023793453516e-01 1.201240539550781250e+00
4.500000000000000000e+01 -3.415132429359840274e-05 6.418925035889869513e+00 1.620593985994982056e+00 1.299564476570923000e-01 1.268488645553588867e+00
4.600000000000000000e+01 -1.882945877835147554e-05 6.382222189837291282e+00 1.637379557825484611e+00 1.317397766148142857e-01 1.136434793472290039e+00
4.700000000000000000e+01 -3.790982342779466465e-05 6.371702964833040994e+00 1.617327339720370905e+00 1.342709164653861642e-01 1.224804401397705078e+00
4.800000000000000000e+01 -5.522689864012263840e-05 6.379192757532664793e+00 1.604164386907404483e+00 1.379469262850684108e-01 1.166088342666625977e+00
4.900000000000000000e+01 -4.873197339321334116e-05 6.357976183614860055e+00 1.592605277785581031e+00 1.392888057347803632e-01 1.336860656738281250e+00
5.000000000000000000e+01 -3.665396933585084069e-05 6.275104061307386516e+00 1.560258492751452009e+00 1.387878411345266905e-01 1.190505027770996094e+00
5.100000000000000000e+01 -4.067628132853261485e-05 6.202804888446348919e+00 1.540125885533694339e+00 1.387909562842246647e-01 1.154769897460937500e+00
5.200000000000000000e+01 -2.105375477657394717e-05 6.229126345639086182e+00 1.529788226437548637e+00 1.415269855289768008e-01 1.287770986557006836e+00
5.300000000000000000e+01 -4.372423894065229495e-05 6.218598815735834506e+00 1.520721815585064807e+00 1.425003142769712683e-01 1.247184753417968750e+00
5.400000000000000000e+01 -1.346167724190498877e-05 6.133061178336620678e+00 1.515023947065369914e+00 1.374653501683004431e-01 1.316448688507080078e+00
5.500000000000000000e+01 2.554224521338139311e-05 6.073176061277202109e+00 1.562013177274157893e+00 1.379120382923234300e-01 1.384609222412109375e+00
5.600000000000000000e+01 -3.823992672658845768e-06 5.999942168179784652e+00 1.488773342900055141e+00 1.414283753583212289e-01 1.272397756576538086e+00
5.700000000000000000e+01 -6.119323807689878005e-05 6.044620532407417812e+00 1.490024351246669543e+00 1.493312352211152993e-01 1.348347663879394531e+00
5.800000000000000000e+01 -4.518669538546199232e-05 5.920114767826213154e+00 1.492364796671909133e+00 1.457729118997115880e-01 1.252704143524169922e+00
5.900000000000000000e+01 -5.270914776581697031e-05 5.912414553156293273e+00 1.403299651991892993e+00 1.414891014504637001e-01 1.404371261596679688e+00
6.000000000000000000e+01 -1.156914186008945757e-04 5.972380044315053205e+00 1.424188771485885630e+00 1.542315536269948106e-01 1.357991218566894531e+00
6.100000000000000000e+01 3.486554312688072465e-06 5.947429049577449334e+00 1.421142547701108372e+00 1.499522224227796408e-01 1.343502759933471680e+00
6.200000000000000000e+01 1.334093013621064490e-05 5.791564161830904389e+00 1.413720541497678784e+00 1.389649651561581933e-01 1.402078628540039062e+00
6.300000000000000000e+01 -1.002065498906561715e-04 5.894122790534129130e+00 1.370122484507184213e+00 1.534550928736294062e-01 1.417611360549926758e+00
6.400000000000000000e+01 -6.398153900807101503e-05 5.794537904612688806e+00 1.421020152528065239e+00 1.528465830279623072e-01 1.417557239532470703e+00
6.500000000000000000e+01 -6.764915902374752808e-05 5.808833047726019494e+00 1.386023899924918590e+00 1.522700158465788156e-01 1.475272417068481445e+00
6.600000000000000000e+01 1.932520155054026046e-05 5.821167947972846868e+00 1.356988202944811261e+00 1.497949095172450285e-01 1.378658056259155273e+00
6.700000000000000000e+01 -1.464660906687875957e-05 5.957676802228740520e+00 1.322140265453514818e+00 1.702668375338646234e-01 1.316684007644653320e+00
6.800000000000000000e+01 2.210546174728771654e-05 5.785638733545988011e+00 1.331456648621854422e+00 1.550510434833773654e-01 1.188710689544677734e+00
6.900000000000000000e+01 -1.145205435462213865e-04 5.856744333747553100e+00 1.302296787227689379e+00 1.671940865278515875e-01 1.344840526580810547e+00
7.000000000000000000e+01 -2.601992636498593706e-05 5.800794079132542969e+00 1.264291336402207699e+00 1.617672709890275173e-01 1.360692262649536133e+00
7.100000000000000000e+01 -4.497846448733909628e-05 5.784550815698504600e+00 1.263378709548681256e+00 1.624026828684259904e-01 1.298808336257934570e+00
7.200000000000000000e+01 1.873375765377206599e-05 5.731162088611124084e+00 1.280284654094126173e+00 1.592649321193215228e-01 1.485775947570800781e+00
7.300000000000000000e+01 -5.456213371902259355e-05 5.775721855073442157e+00 1.214826240162370397e+00 1.619675167377447877e-01 1.297348260879516602e+00
7.400000000000000000e+01 1.665517945043843527e-05 5.763883005796627934e+00 1.252898737001546747e+00 1.673771179287108779e-01 1.438651561737060547e+00
7.500000000000000000e+01 2.399978352031044573e-05 5.688530019887776845e+00 1.184195783449396133e+00 1.712176471895079377e-01 1.494343757629394531e+00
7.600000000000000000e+01 2.289976128199447359e-05 5.711815681996524674e+00 1.232644509323185478e+00 1.610173146660618393e-01 1.423171997070312500e+00
7.700000000000000000e+01 2.535149165256656771e-05 5.674437348252967084e+00 1.218336865854994677e+00 1.634218359338706628e-01 1.403399705886840820e+00
7.800000000000000000e+01 1.993498831706350927e-05 5.686836971725600876e+00 1.209952288133569587e+00 1.682933179583818439e-01 1.471143007278442383e+00
7.900000000000000000e+01 1.100102634774893909e-05 5.694622265898895641e+00 1.194278961711377596e+00 1.723218534946316105e-01 1.672132492065429688e+00
8.000000000000000000e+01 -4.646906413120973375e-05 5.680100465903367812e+00 1.182581502050138678e+00 1.789571320831176704e-01 1.520927667617797852e+00
8.100000000000000000e+01 -2.381591873905419032e-07 5.654988333304482140e+00 1.169484731248619847e+00 1.719403192916154066e-01 1.540201902389526367e+00
8.200000000000000000e+01 -3.201861056325774603e-05 5.818104370546507198e+00 1.152378935682820016e+00 1.829208352799428228e-01 1.625433683395385742e+00
8.300000000000000000e+01 3.520809561355118736e-05 5.639134563059576166e+00 1.170541198626503077e+00 1.732134986380567121e-01 1.476005315780639648e+00
8.400000000000000000e+01 3.767918887978046464e-05 5.630860481529166073e+00 1.160578786912424665e+00 1.740564910995248127e-01 1.534859418869018555e+00
8.500000000000000000e+01 3.668422175955614919e-05 5.689099996451971286e+00 1.134405733438984987e+00 1.767017817017550174e-01 1.553449630737304688e+00
8.600000000000000000e+01 3.117330137220488930e-05 5.675764012061524255e+00 1.132421043501647073e+00 1.774034693996568157e-01 1.574721813201904297e+00
8.700000000000000000e+01 3.923335149060124124e-05 5.627581513669052349e+00 1.120030479843354909e+00 1.758957664917818187e-01 1.477846145629882812e+00
8.800000000000000000e+01 3.686471213263941584e-05 5.600052355174858221e+00 1.105969820457121111e+00 1.743488905796848343e-01 1.357601642608642578e+00
8.900000000000000000e+01 -4.849573176779508384e-05 5.746087398299613902e+00 1.035696552849423968e+00 1.796988681665694365e-01 1.494441509246826172e+00
9.000000000000000000e+01 3.763494011040285426e-05 5.618280079025888440e+00 1.079664111520452607e+00 1.761259609750829014e-01 1.418807268142700195e+00
9.100000000000000000e+01 -4.110018274561024609e-05 5.720848561846739955e+00 1.014961101218760486e+00 1.905958570330483215e-01 1.516272068023681641e+00
9.200000000000000000e+01 -1.119674295435057725e-05 5.632345009463755936e+00 1.007109220612167677e+00 1.858420964583896995e-01 1.545135736465454102e+00
9.300000000000000000e+01 -2.566943477700128122e-05 5.626073063834439836e+00 1.067266815092275722e+00 1.818554218761428143e-01 1.607610702514648438e+00
9.400000000000000000e+01 -1.190340447824328880e-05 5.552210778481750708e+00 1.042130630131845814e+00 1.824813243115532280e-01 1.514332771301269531e+00
9.500000000000000000e+01 -5.595241201865710275e-05 5.707054242306498715e+00 1.016621461803410176e+00 1.822667528892621958e-01 1.633786201477050781e+00
9.600000000000000000e+01 -4.924582704126782726e-05 5.671524516955440909e+00 1.007664291859355243e+00 1.826915571220547596e-01 1.577139139175415039e+00
9.700000000000000000e+01 -3.521069737761528724e-05 5.548740150169003904e+00 1.022209614320663373e+00 1.694535024409723478e-01 1.526373624801635742e+00
9.800000000000000000e+01 -3.916582746668209001e-05 5.688499082597712864e+00 9.818115269060424533e-01 1.861669979780336548e-01 1.680557727813720703e+00
9.900000000000000000e+01 -5.986105612279326335e-05 5.543306319730052500e+00 9.634591248325887758e-01 1.866126149529341027e-01 1.681802272796630859e+00
