2.000000000000000000e+00 -1.866339062993306250e-02 1.374337820151053620e+03 1.289888055899614194e+00 3.496085884440219282e-01 7.564337015151977539e+00
3.000000000000000000e+00 -1.021780323806037796e-02 1.791173891911177407e+03 1.139978074707090228e+00 3.601540747498960804e-01 4.780544996261596680e+00
4.000000000000000000e+00 9.625085448985684806e-04 1.567539158127258816e+03 1.022290253070251342e+00 3.707592695522805015e-01 5.955853223800659180e+00
5.000000000000000000e+00 -3.697673510649723307e-03 1.411048621617474282e+03 1.266549797253842868e+00 3.048032708527012025e-01 9.874866724014282227e+00
6.000000000000000000e+00 4.710605418792263650e-04 1.435909163399934187e+03 1.143336953337432016e+00 3.345030533767625602e-01 1.173605561256408691e+01
7.000000000000000000e+00 3.335751865365650312e-03 1.368796941748549443e+03 1.194274317575400035e+00 3.470968496004847026e-01 1.375604534149169922e+01
8.000000000000000000e+00 1.072821173661825866e-03 1.359377893212943036e+03 1.199271078793771927e+00 3.425110345536208079e-01 1.223574662208557129e+01
9.000000000000000000e+00 -4.248904365683389131e-04 1.316820871682113193e+03 1.157012316905296823e+00 3.499154947232687718e-01 9.277843475341796875e+00
1.000000000000000000e+01 -1.831155416500526668e-03 1.321188164622580871e+03 1.149346611115299899e+00 3.449052147787355360e-01 1.125386977195739746e+01
1.100000000000000000e+01 -2.504194347513784952e-04 1.310763087513144910e+03 1.102868704140627099e+00 3.434922031036046208e-01 1.298357725143432617e+01
1.200000000000000000e+01 -4.588312690091650805e-04 1.288180677419414224e+03 1.095802936923410797e+00 3.516097416905719641e-01 1.080193996429443359e+01
1.300000000000000000e+01 -4.541450138378179727e-04 1.268530451627515276e+03 1.123683522083960495e+00 3.436466753265725038e-01 8.866685152053833008e+00
1.400000000000000000e+01 6.222909394681568670e-04 1.234591358145033610e+03 1.146746948325034543e+00 3.370015403987690616e-01 1.475171661376953125e+01
1.500000000000000000e+01 6.745735744172432977e-04 1.196175590860531884e+03 1.189044631877674396e+00 3.065806385199422723e-01 1.022014117240905762e+01
1.600000000000000000e+01 9.748781149771461709e-05 1.150655226685051275e+03 1.289069386349151358e+00 3.249961699886132482e-01 1.193947601318359375e+01
1.700000000000000000e+01 -1.129590568667923899e-04 1.172107544487041196e+03 1.186822241265575339e+00 3.528346706219540052e-01 1.161641311645507812e+01
1.800000000000000000e+01 -3.053322630223781931e-04 1.129879264156611498e+03 1.205864975576081521e+00 3.262036562121005678e-01 1.020841050148010254e+01
1.900000000000000000e+01 1.062555878698201841e-03 1.102556098174264889e+03 1.175314658748482843e+00 3.504025255215946766e-01 1.386647200584411621e+01
2.000000000000000000e+01 -4.440487191340175815e-04 1.068003633856154920e+03 1.239196171268762470e+00 3.282924291469822564e-01 1.236045908927917480e+01
2.100000000000000000e+01 -3.146840051634244005e-04 1.063906964749891813e+03 1.207619371702594036e+00 3.140046679030674692e-01 1.441521453857421875e+01
2.200000000000000000e+01 -8.697064492046989751e-04 1.031548555208357357e+03 1.246914833619513718e+00 3.476146320378430410e-01 9.022796154022216797e+00
2.300000000000000000e+01 -1.413536995914167662e-04 1.019212112961477146e+03 1.215281467280928895e+00 2.954641146317863454e-01 1.330846095085144043e+01
2.400000000000000000e+01 -9.015082819512526850e-04 9.804720371386067654e+02 1.242146257961681100e+00 3.106794123144993036e-01 1.180898261070251465e+01
2.500000000000000000e+01 -1.113430357948641319e-03 9.908413811742896087e+02 1.225891005105238962e+00 2.927919003015926891e-01 1.151398468017578125e+01
2.600000000000000000e+01 -9.490476809699308980e-04 9.701050559674620217e+02 1.245926933160275363e+00 3.058392585309856471e-01 1.300283980369567871e+01
2.700000000000000000e+01 -1.408413675709042391e-03 9.530649814682424221e+02 1.232737957973580656e+00 2.992106996497682636e-01 1.127357673645019531e+01
2.800000000000000000e+01 -1.166634047186323369e-03 9.438911730574644707e+02 1.288233076536067667e+00 2.974910895372269715e-01 1.118719887733459473e+01
2.900000000000000000e+01 -1.237750174568919784e-03 9.161574679168535340e+02 1.289855974217624546e+00 3.022836621333568896e-01 1.371178555488586426e+01
3.000000000000000000e+01 -1.098385421324511203e-03 9.170976228035020767e+02 1.331670657804510105e+00 2.738514986640022131e-01 1.206946492195129395e+01
3.100000000000000000e+01 -5.791353924421712525e-04 9.056993248894432327e+02 1.296082129844153608e+00 2.864688191863635214e-01 1.094084382057189941e+01
3.200000000000000000e+01 -1.550790209239326410e-04 8.997557619445346972e+02 1.278177969617262377e+00 3.043979205275947897e-01 1.241883873939514160e+01
3.300000000000000000e+01 -1.015007089636563858e-03 8.773849576199028206e+02 1.253943004829588315e+00 2.847673684757212054e-01 1.112850642204284668e+01
3.400000000000000000e+01 -5.036920025114839964e-04 8.728418370269956768e+02 1.288761276759097019e+00 2.831513277008069762e-01 1.143249797821044922e+01
3.500000000000000000e+01 -1.575938853601549288e-03 8.740189027806419517e+02 1.236292612480524244e+00 2.938947888444791157e-01 1.156916332244873047e+01
3.600000000000000000e+01 -8.414371521329029558e-04 8.423142696809135259e+02 1.308260963509149777e+00 2.770768630454963355e-01 1.327740311622619629e+01
3.700000000000000000e+01 -8.128077040105103962e-04 8.500561323316694597e+02 1.312369183394926031e+00 2.673674787977590173e-01 1.462069821357727051e+01
3.800000000000000000e+01 -1.156937531363163782e-03 8.360512696048895123e+02 1.319788893127762153e+00 2.701762272561551992e-01 1.214767718315124512e+01
3.900000000000000000e+01 -8.199478140470179604e-04 8.046720281989278192e+02 1.337768468827862156e+00 2.745289449290704287e-01 1.172974848747253418e+01
4.000000000000000000e+01 -7.536135219108079566e-04 8.256865093140842191e+02 1.313313058506844877e+00 2.722371423281018110e-01 1.133764648437500000e+01
4.100000000000000000e+01 -8.595464966545100392e-04 8.047917360319924001e+02 1.328012427080682345e+00 2.709141307507775265e-01 1.444097828865051270e+01
4.200000000000000000e+01 -1.308576613541176945e-03 7.880465978172709356e+02 1.290737519731061100e+00 2.775361526262764000e-01 1.339201498031616211e+01
4.300000000000000000e+01 -7.159174894401657474e-04 8.110460886869411752e+02 1.268306972711242375e+00 2.689380482784081705e-01 1.485804009437561035e+01
4.400000000000000000e+01 -1.088287120743440051e-03 7.893272292784131423e+02 1.321571028769907841e+00 2.580549716786778580e-01 1.619732213020324707e+01
4.500000000000000000e+01 -9.458607403455253099e-04 7.891271484604067155e+02 1.284668786815966968e+00 2.633573444604150882e-01 1.413932418823242188e+01
4.600000000000000000e+01 -1.046414548824357122e-03 7.617474359844411538e+02 1.360401429543363960e+00 2.597185690673313174e-01 1.455563020706176758e+01
4.700000000000000000e+01 -6.547456758262871655e-04 7.589614068169212260e+02 1.303055960550009162e+00 2.540343185009823479e-01 1.566171717643737793e+01
4.800000000000000000e+01 -4.138807822503869039e-04 7.553135073555864665e+02 1.336781752554931257e+00 2.596967087935903584e-01 1.861230158805847168e+01
4.900000000000000000e+01 -5.043058982671597959e-04 7.389232323964251918e+02 1.315584236881297997e+00 2.520657572997678231e-01 1.690061426162719727e+01
5.000000000000000000e+01 -9.529809378206676677e-04 7.478008879536974973e+02 1.320769118190473268e+00 2.614214063616677186e-01 1.701272320747375488e+01
5.100000000000000000e+01 -8.497849510334750832e-04 7.444395748307930489e+02 1.293935677885100777e+00 2.538073021790490102e-01 1.600444793701171875e+01
5.200000000000000000e+01 -1.037707535265610824e-03 7.348022295738533103e+02 1.347545086210617304e+00 2.480953572484678460e-01 1.618330264091491699e+01
5.300000000000000000e+01 -6.462143365326734629e-04 7.203916417516720685e+02 1.291727279352519187e+00 2.699505464149183354e-01 1.688711166381835938e+01
5.400000000000000000e+01 -7.685106788532488145e-04 7.130864496089707245e+02 1.296187160621573353e+00 2.649131623671432401e-01 1.639450645446777344e+01
5.500000000000000000e+01 -7.521819617681444956e-04 7.049067352088114831e+02 1.325470138583618285e+00 2.464958647567881966e-01 1.399446439743041992e+01
5.600000000000000000e+01 -1.111639842770884967e-03 7.073086993670846141e+02 1.291740042602215643e+00 2.517084284972231911e-01 1.255370545387268066e+01
5.700000000000000000e+01 -3.479538299802697543e-04 7.022189030823030862e+02 1.309219254933959853e+00 2.499743417274027657e-01 1.319620585441589355e+01
5.800000000000000000e+01 -9.003540009223687550e-05 6.897501885211732997e+02 1.340957141869807190e+00 2.468036340005413665e-01 1.603371953964233398e+01
5.900000000000000000e+01 -8.408230450996398257e-04 6.814626646058870847e+02 1.352280002996797181e+00 2.398888043451852525e-01 1.453564882278442383e+01
6.000000000000000000e+01 -1.000079637559637968e-03 6.826871192299472568e+02 1.366544260062996008e+00 2.376457787346336059e-01 1.321107196807861328e+01
6.100000000000000000e+01 -4.076326036804518759e-04 6.842030444996771621e+02 1.272894323626832636e+00 2.507168540479755570e-01 1.519863462448120117e+01
6.200000000000000000e+01 -8.389633195380466002e-04 6.644282249840900931e+02 1.358318798207043931e+00 2.423338907167780221e-01 1.689441633224487305e+01
6.300000000000000000e+01 -6.749422293617859557e-04 6.657103260857124951e+02 1.316872996986697464e+00 2.328549918156728460e-01 1.622165584564208984e+01
6.400000000000000000e+01 -6.538092203151359139e-04 6.604881946762640155e+02 1.343015190080079524e+00 2.298516132919753152e-01 1.429735279083251953e+01
6.500000000000000000e+01 -8.807568957009849616e-04 6.553464950436213030e+02 1.352437826915744434e+00 2.324993869895142229e-01 1.680291223526000977e+01
6.600000000000000000e+01 -6.920103302825100647e-04 6.505826356910047252e+02 1.328177307070578905e+00 2.470043159182054027e-01 1.548667025566101074e+01
6.700000000000000000e+01 -6.364295509661602700e-04 6.487765670444030093e+02 1.323647127023207970e+00 2.394370676898504580e-01 1.673869276046752930e+01
6.800000000000000000e+01 -7.289567311150750616e-04 6.550886931096707713e+02 1.357217938173169269e+00 2.456046504698258803e-01 1.409916853904724121e+01
6.900000000000000000e+01 -7.707215020935102509e-04 6.415276529953539466e+02 1.327264685149205370e+00 2.492912230097816262e-01 1.473483872413635254e+01
7.000000000000000000e+01 -8.702703799302390986e-04 6.381311877558904371e+02 1.315714541334756849e+00 2.398483346559661666e-01 1.735950613021850586e+01
7.100000000000000000e+01 -4.506983542737391700e-04 6.429460337670753916e+02 1.289539664405977337e+00 2.569417300969482620e-01 1.596917629241943359e+01
7.200000000000000000e+01 -6.816920515723340953e-04 6.277968516310444329e+02 1.331319548561614052e+00 2.358171941087217061e-01 1.487294244766235352e+01
7.300000000000000000e+01 -6.845955405245305984e-04 6.204241357468799833e+02 1.334979261398161920e+00 2.355011873633003350e-01 1.770630931854248047e+01
7.400000000000000000e+01 -5.747441296096221595e-04 6.231847756670799754e+02 1.358182325486005704e+00 2.410019144236910382e-01 1.639503836631774902e+01
7.500000000000000000e+01 -6.906802519278809485e-04 6.212208521545297799e+02 1.329710037162659342e+00 2.454521541483470903e-01 1.348172855377197266e+01
7.600000000000000000e+01 -4.137049807468050388e-04 6.125562251742212538e+02 1.354768318859478571e+00 2.237569318653755412e-01 1.444438791275024414e+01
7.700000000000000000e+01 -6.496376963192131192e-04 6.079461315381263375e+02 1.339017695924913598e+00 2.367165571215447406e-01 1.582502031326293945e+01
7.800000000000000000e+01 -4.892597664006556385e-04 6.074332962679087586e+02 1.322694051897340684e+00 2.356726070590081379e-01 1.557574391365051270e+01
7.900000000000000000e+01 -5.520964779386872915e-04 5.963959253184585805e+02 1.348247960086934372e+00 2.415826449127989883e-01 1.452101564407348633e+01
8.000000000000000000e+01 -6.564923645421457668e-04 5.946144411003075447e+02 1.351354573201897225e+00 2.304108311066132286e-01 1.703887009620666504e+01
8.100000000000000000e+01 -4.672928170899071391e-04 5.959228580532459318e+02 1.345114307636669837e+00 2.214471000173076354e-01 1.526886010169982910e+01
8.200000000000000000e+01 -4.772070467758607998e-04 6.043363365116625801e+02 1.337304340328916652e+00 2.450608094521841418e-01 1.742442607879638672e+01
8.300000000000000000e+01 -6.119795758221062681e-04 5.950890270110800202e+02 1.292878854306738656e+00 2.465054810117410788e-01 1.713610172271728516e+01
8.400000000000000000e+01 -5.838550907391246419e-04 5.872816429446967277e+02 1.358120159887855172e+00 2.384986494427469572e-01 1.639324975013732910e+01
8.500000000000000000e+01 -5.441766611032592153e-04 5.837309940992225847e+02 1.359207781546946769e+00 2.316535010638797465e-01 1.796952915191650391e+01
8.600000000000000000e+01 -6.427119871313892365e-04 5.886933415404326979e+02 1.307032249802068113e+00 2.351829849888905644e-01 1.631066918373107910e+01
8.700000000000000000e+01 -5.944762624939490267e-04 5.861270878784714569e+02 1.298736883809603837e+00 2.341355198096579660e-01 1.572431516647338867e+01
8.800000000000000000e+01 -7.322304816044836705e-04 5.778959412139076903e+02 1.348155401865322789e+00 2.361219615992504461e-01 1.392948007583618164e+01
8.900000000000000000e+01 -6.631483833398450160e-04 5.660273988885877543e+02 1.344498266094297678e+00 2.296475517871933714e-01 1.561864709854125977e+01
9.000000000000000000e+01 -5.451110602363943560e-04 5.773099181103025330e+02 1.303104131553814105e+00 2.411890045252899073e-01 1.702556419372558594e+01
9.100000000000000000e+01 -4.796306112509403667e-04 5.705301619718502479e+02 1.311969437944639827e+00 2.316026787566874412e-01 1.869414472579956055e+01
9.200000000000000000e+01 -3.713237523620164463e-04 5.728652365631675139e+02 1.302481762495692585e+00 2.398260035667214851e-01 1.841352128982543945e+01
9.300000000000000000e+01 -4.542795068130977610e-04 5.661779016272934086e+02 1.349133092809979173e+00 2.352637174507168083e-01 2.297758984565734863e+01
9.400000000000000000e+01 -7.431153221195217328e-04 5.653274694576135744e+02 1.329052980576526544e+00 2.276915718055422255e-01 1.941155099868774414e+01
9.500000000000000000e+01 -3.302884551112056453e-04 5.642294624224097106e+02 1.297969812445492366e+00 2.366305947933717846e-01 1.794546651840209961e+01
9.600000000000000000e+01 -4.331044130548462596e-04 5.611149179462414622e+02 1.326334810786946150e+00 2.381261830274403468e-01 2.043072867393493652e+01
9.700000000000000000e+01 -5.640494298855753316e-04 5.556247456134966569e+02 1.311617165066799595e+00 2.316181365770101919e-01 2.011628818511962891e+01
9.800000000000000000e+01 -4.820784557478526391e-04 5.523224373370971989e+02 1.295769577595963229e+00 2.364421030692348269e-01 1.847984766960144043e+01
9.900000000000000000e+01 -4.374685902936883259e-04 5.481596919305542315e+02 1.325254979475138262e+00 2.299726892162286818e-01 2.160998725891113281e+01
